3.345414733886718750e+01
2.852585029602050781e+01
2.434463500976562500e+01
2.110453224182128906e+01
1.885885620117187500e+01
1.739228057861328125e+01
1.660036468505859375e+01
1.619104957580566406e+01
1.594243526458740234e+01
1.570052146911621094e+01
1.541293811798095703e+01
1.505942630767822266e+01
1.464401054382324219e+01
1.418298912048339844e+01
1.371325969696044922e+01
1.326436996459960938e+01
1.285727977752685547e+01
1.250065231323242188e+01
1.218472671508789062e+01
1.191707229614257812e+01
1.168574619293212891e+01
1.148891925811767578e+01
1.131481838226318359e+01
1.116120815277099609e+01
1.101802635192871094e+01
1.088251495361328125e+01
1.075478172302246094e+01
1.062875747680664062e+01
1.050681877136230469e+01
1.038460159301757812e+01
1.026549243927001953e+01
1.014821243286132812e+01
1.003402137756347656e+01
9.923788070678710938e+00
9.820130348205566406e+00
9.721807479858398438e+00
9.624721527099609375e+00
9.532198905944824219e+00
9.442516326904296875e+00
9.354668617248535156e+00
9.269906997680664062e+00
9.188508033752441406e+00
9.110110282897949219e+00
9.034606933593750000e+00
8.960006713867187500e+00
8.886558532714843750e+00
8.814050674438476562e+00
8.741666793823242188e+00
8.668973922729492188e+00
8.595898628234863281e+00
8.522465705871582031e+00
8.449790954589843750e+00
8.377904891967773438e+00
8.307340621948242188e+00
8.239441871643066406e+00
8.172690391540527344e+00
8.107467651367187500e+00
8.043514251708984375e+00
7.980830192565917969e+00
7.919231891632080078e+00
7.859039306640625000e+00
7.799765110015869141e+00
7.740725994110107422e+00
7.682305812835693359e+00
7.624280929565429688e+00
7.566245555877685547e+00
7.508019447326660156e+00
7.450124740600585938e+00
7.392056465148925781e+00
7.335418224334716797e+00
7.279701232910156250e+00
7.226455688476562500e+00
7.174435615539550781e+00
7.123751163482666016e+00
7.073057174682617188e+00
7.024199008941650391e+00
6.977166652679443359e+00
6.931475639343261719e+00
6.886146068572998047e+00
6.840724468231201172e+00
6.795643806457519531e+00
6.750693798065185547e+00
6.706400871276855469e+00
6.661700725555419922e+00
6.617789745330810547e+00
6.575015068054199219e+00
6.532650947570800781e+00
6.490702152252197266e+00
6.448492527008056641e+00
6.405816555023193359e+00
6.363872528076171875e+00
6.323561668395996094e+00
6.284963607788085938e+00
6.246641159057617188e+00
6.208862781524658203e+00
6.171380043029785156e+00
6.133797168731689453e+00
6.096459865570068359e+00
6.059381008148193359e+00
6.023158550262451172e+00
5.987149238586425781e+00
5.950953006744384766e+00
5.914093017578125000e+00
5.877952575683593750e+00
5.841979026794433594e+00
5.805831909179687500e+00
5.769920825958251953e+00
5.734556674957275391e+00
5.699848175048828125e+00
5.665310382843017578e+00
5.630920410156250000e+00
5.596849918365478516e+00
5.562399387359619141e+00
5.529563903808593750e+00
5.496733665466308594e+00
5.464623928070068359e+00
5.432767868041992188e+00
5.401374816894531250e+00
5.370697021484375000e+00
5.339975357055664062e+00
5.308796405792236328e+00
5.278137207031250000e+00
5.247360229492187500e+00
5.217430114746093750e+00
5.187324047088623047e+00
5.156932353973388672e+00
5.126987934112548828e+00
5.097933292388916016e+00
5.069590568542480469e+00
5.041347503662109375e+00
5.013115882873535156e+00
4.984901428222656250e+00
4.956723213195800781e+00
4.928310871124267578e+00
4.900119781494140625e+00
4.871726512908935547e+00
4.842876911163330078e+00
4.813367366790771484e+00
4.783761501312255859e+00
4.754068374633789062e+00
4.724338054656982422e+00
4.694264888763427734e+00
4.664573669433593750e+00
4.635433673858642578e+00
4.606560707092285156e+00
4.578117370605468750e+00
4.550036907196044922e+00
4.522867202758789062e+00
4.495797634124755859e+00
4.468414306640625000e+00
4.440495967864990234e+00
4.412417411804199219e+00
4.384784221649169922e+00
4.357417583465576172e+00
4.330168247222900391e+00
4.303390979766845703e+00
4.276762962341308594e+00
4.249721050262451172e+00
4.223236560821533203e+00
4.196945667266845703e+00
4.170956611633300781e+00
4.144634246826171875e+00
4.117438793182373047e+00
4.090772628784179688e+00
4.064519405364990234e+00
4.038667201995849609e+00
4.012910366058349609e+00
3.987604856491088867e+00
3.961817264556884766e+00
3.935804605484008789e+00
3.909989595413208008e+00
3.884842395782470703e+00
3.859772205352783203e+00
3.834048986434936523e+00
3.808480262756347656e+00
3.783561229705810547e+00
3.759246110916137695e+00
3.735824823379516602e+00
3.712811708450317383e+00
3.690043926239013672e+00
3.666503190994262695e+00
3.642787456512451172e+00
3.619000434875488281e+00
3.595502138137817383e+00
3.573398113250732422e+00
3.552494525909423828e+00
3.531869888305664062e+00
3.511780261993408203e+00
3.491306781768798828e+00
3.470567941665649414e+00
3.449910163879394531e+00
3.428814172744750977e+00
3.408363819122314453e+00
3.388227939605712891e+00
3.367831707000732422e+00
3.347562551498413086e+00
3.327623128890991211e+00
3.307662725448608398e+00
3.288007259368896484e+00
3.268491029739379883e+00
3.249212265014648438e+00
3.230656862258911133e+00
3.211651325225830078e+00
3.192447423934936523e+00
3.173143386840820312e+00
3.153417587280273438e+00
3.132801294326782227e+00
3.112272739410400391e+00
3.092108011245727539e+00
3.072553873062133789e+00
3.053931474685668945e+00
3.035248279571533203e+00
3.016300916671752930e+00
2.997302055358886719e+00
2.978576898574829102e+00
2.959285736083984375e+00
2.939885377883911133e+00
2.921317577362060547e+00
2.902629613876342773e+00
2.883584499359130859e+00
2.864376068115234375e+00
2.844696521759033203e+00
2.824115753173828125e+00
2.802658557891845703e+00
2.781021118164062500e+00
2.759413719177246094e+00
2.737485408782958984e+00
2.715311527252197266e+00
2.693039417266845703e+00
2.670978069305419922e+00
2.649814844131469727e+00
2.628770589828491211e+00
2.607703447341918945e+00
2.586948871612548828e+00
2.566477060317993164e+00
2.545851230621337891e+00
2.525533914566040039e+00
2.505363225936889648e+00
2.485109806060791016e+00
2.465259075164794922e+00
2.445452213287353516e+00
2.426075458526611328e+00
2.407120704650878906e+00
2.387800931930541992e+00
2.367227554321289062e+00
2.346732616424560547e+00
2.325444459915161133e+00
2.304588794708251953e+00
2.283427715301513672e+00
2.261872768402099609e+00
2.240445613861083984e+00
2.219194412231445312e+00
2.198302268981933594e+00
2.177904844284057617e+00
2.156880378723144531e+00
2.135472536087036133e+00
2.114358186721801758e+00
2.093530178070068359e+00
2.073599815368652344e+00
2.053864240646362305e+00
2.034906148910522461e+00
2.016438245773315430e+00
1.999033451080322266e+00
1.981999039649963379e+00
1.965164184570312500e+00
1.948701858520507812e+00
1.932167768478393555e+00
1.915261626243591309e+00
1.898563027381896973e+00
1.882201790809631348e+00
1.866408586502075195e+00
1.850900053977966309e+00
1.835954666137695312e+00
1.821521162986755371e+00
1.807295083999633789e+00
1.792929530143737793e+00
1.779025673866271973e+00
1.764804601669311523e+00
1.750344276428222656e+00
1.736308455467224121e+00
1.722172141075134277e+00
1.708598017692565918e+00
1.694973587989807129e+00
1.682249188423156738e+00
1.669451713562011719e+00
1.656562566757202148e+00
1.644062995910644531e+00
1.631370782852172852e+00
1.618436813354492188e+00
1.604861617088317871e+00
1.591613888740539551e+00
1.578507184982299805e+00
1.565361022949218750e+00
1.551656961441040039e+00
1.538725852966308594e+00
1.526290178298950195e+00
1.513897657394409180e+00
1.501953363418579102e+00
1.490310668945312500e+00
1.478757739067077637e+00
1.467905759811401367e+00
1.457919836044311523e+00
1.447520971298217773e+00
1.436884999275207520e+00
1.425940752029418945e+00
1.415382623672485352e+00
1.405170202255249023e+00
1.394995570182800293e+00
1.385172843933105469e+00
1.375584602355957031e+00
1.366263389587402344e+00
1.356962919235229492e+00
1.348077058792114258e+00
1.339188694953918457e+00
1.330140590667724609e+00
1.321586012840270996e+00
1.312899827957153320e+00
1.304365873336791992e+00
1.295572757720947266e+00
1.286319732666015625e+00
1.276371002197265625e+00
1.266304969787597656e+00
1.256156802177429199e+00
1.245939254760742188e+00
1.235900640487670898e+00
1.226398110389709473e+00
1.217552900314331055e+00
1.208992242813110352e+00
1.200642108917236328e+00
1.192585706710815430e+00
1.184989452362060547e+00
1.177982211112976074e+00
1.170930624008178711e+00
1.163781404495239258e+00
1.157331943511962891e+00
1.150723457336425781e+00
1.143834829330444336e+00
1.136713624000549316e+00
1.129249095916748047e+00
1.121836066246032715e+00
1.114502429962158203e+00
1.107152223587036133e+00
1.099489092826843262e+00
1.091890335083007812e+00
1.084538102149963379e+00
1.077487468719482422e+00
1.070551037788391113e+00
1.063740253448486328e+00
1.057197690010070801e+00
1.050706148147583008e+00
1.044779896736145020e+00
1.038873910903930664e+00
1.032848238945007324e+00
1.027291297912597656e+00
1.021744966506958008e+00
1.016163110733032227e+00
1.010292649269104004e+00
1.003990411758422852e+00
9.973663687705993652e-01
9.912267327308654785e-01
9.855022430419921875e-01
9.803458452224731445e-01
9.753193855285644531e-01
9.701774120330810547e-01
9.651020765304565430e-01
9.603141546249389648e-01
9.557029008865356445e-01
9.509477019309997559e-01
9.462327361106872559e-01
9.413958191871643066e-01
9.368693828582763672e-01
9.326213002204895020e-01
9.285475611686706543e-01
9.247437715530395508e-01
9.211804866790771484e-01
9.176425933837890625e-01
9.141576290130615234e-01
9.106433391571044922e-01
9.072540402412414551e-01
9.041217565536499023e-01
9.010919332504272461e-01
8.980105519294738770e-01
8.948916196823120117e-01
8.916877508163452148e-01
8.886253237724304199e-01
8.855315446853637695e-01
8.820443749427795410e-01
8.784727454185485840e-01
8.746578097343444824e-01
8.708890676498413086e-01
8.667219281196594238e-01
8.622408509254455566e-01
8.571444749832153320e-01
8.518157005310058594e-01
8.465701341629028320e-01
8.417875766754150391e-01
8.370288610458374023e-01
8.320255875587463379e-01
8.271371722221374512e-01
8.222961425781250000e-01
8.181475400924682617e-01
8.139283061027526855e-01
8.098576664924621582e-01
8.059869408607482910e-01
8.018907308578491211e-01
7.982571721076965332e-01
7.944504618644714355e-01
7.908042669296264648e-01
7.880297899246215820e-01
7.857896089553833008e-01
7.836601734161376953e-01
7.810595035552978516e-01
7.784253358840942383e-01
7.752565741539001465e-01
7.720089554786682129e-01
7.687907814979553223e-01
7.658631801605224609e-01
7.631171941757202148e-01
7.606841921806335449e-01
7.584958672523498535e-01
7.562270164489746094e-01
7.542632222175598145e-01
7.523519396781921387e-01
7.501860260963439941e-01
7.482177615165710449e-01
7.461911439895629883e-01
7.440187335014343262e-01
7.416937947273254395e-01
7.394021153450012207e-01
7.370016574859619141e-01
7.345476746559143066e-01
7.320563793182373047e-01
7.292916178703308105e-01
7.258978486061096191e-01
7.220054864883422852e-01
7.180137634277343750e-01
7.143390178680419922e-01
7.110458016395568848e-01
7.079286575317382812e-01
7.057653665542602539e-01
7.034031748771667480e-01
7.008841037750244141e-01
6.984288096427917480e-01
6.955580711364746094e-01
6.928940415382385254e-01
6.914041042327880859e-01
6.913148164749145508e-01
6.907634735107421875e-01
6.892868876457214355e-01
6.870143413543701172e-01
6.846140623092651367e-01
6.811871528625488281e-01
6.773655414581298828e-01
6.734927296638488770e-01
6.692848205566406250e-01
6.649622321128845215e-01
6.603889465332031250e-01
6.560810804367065430e-01
6.527475118637084961e-01
6.488295793533325195e-01
6.448172330856323242e-01
6.411517262458801270e-01
6.373885869979858398e-01
6.337906718254089355e-01
6.304614543914794922e-01
6.277167797088623047e-01
6.247881054878234863e-01
6.221811771392822266e-01
6.202160120010375977e-01
6.185972094535827637e-01
6.167898178100585938e-01
6.151317358016967773e-01
6.134191751480102539e-01
6.117914915084838867e-01
6.101053953170776367e-01
6.080448031425476074e-01
6.056680083274841309e-01
6.032407283782958984e-01
6.009945869445800781e-01
5.987013578414916992e-01
5.967979431152343750e-01
5.949094295501708984e-01
5.930152535438537598e-01
5.907594561576843262e-01
5.889195799827575684e-01
5.870872735977172852e-01
5.852816700935363770e-01
5.834155082702636719e-01
5.812301039695739746e-01
5.790983438491821289e-01
5.771967768669128418e-01
5.756259560585021973e-01
5.741288661956787109e-01
5.731854438781738281e-01
5.727928876876831055e-01
5.720014572143554688e-01
5.709452033042907715e-01
5.697940587997436523e-01
5.682914257049560547e-01
5.664925575256347656e-01
5.645973682403564453e-01
5.620688199996948242e-01
5.598394870758056641e-01
5.579722523689270020e-01
5.562447905540466309e-01
5.543635487556457520e-01
5.525852441787719727e-01
5.511985421180725098e-01
5.497288703918457031e-01
5.487258434295654297e-01
5.476197004318237305e-01
5.468584299087524414e-01
5.462043881416320801e-01
5.453385710716247559e-01
5.442990064620971680e-01
5.432866811752319336e-01
5.425789952278137207e-01
5.419080257415771484e-01
5.415572524070739746e-01
5.419256687164306641e-01
5.420231819152832031e-01
5.413347482681274414e-01
5.403602123260498047e-01
5.391687750816345215e-01
5.379023551940917969e-01
5.366839766502380371e-01
5.352334976196289062e-01
5.336045622825622559e-01
5.320554971694946289e-01
5.306503176689147949e-01
5.294409394264221191e-01
5.284572243690490723e-01
5.275909900665283203e-01
5.261402130126953125e-01
5.246001482009887695e-01
5.232453346252441406e-01
5.216963887214660645e-01
5.200888514518737793e-01
5.182638168334960938e-01
5.168964266777038574e-01
5.155851840972900391e-01
5.133519768714904785e-01
5.106758475303649902e-01
5.083989500999450684e-01
5.067263245582580566e-01
5.053497552871704102e-01
5.040837526321411133e-01
5.030157566070556641e-01
5.020164847373962402e-01
5.011216998100280762e-01
5.002735257148742676e-01
4.993913769721984863e-01
4.983761310577392578e-01
4.974059760570526123e-01
4.964884817600250244e-01
4.955242872238159180e-01
4.944911599159240723e-01
4.928705096244812012e-01
4.918407201766967773e-01
4.908195436000823975e-01
4.902645945549011230e-01
4.892968535423278809e-01
4.885406792163848877e-01
4.868856072425842285e-01
4.855066537857055664e-01
4.839539527893066406e-01
4.823053479194641113e-01
4.804826676845550537e-01
4.791125953197479248e-01
4.778194427490234375e-01
4.767466783523559570e-01
4.754416644573211670e-01
4.741223156452178955e-01
4.743175208568572998e-01
4.746404886245727539e-01
4.744769632816314697e-01
4.739850461483001709e-01
4.734105169773101807e-01
4.726798832416534424e-01
4.717647433280944824e-01
4.713422358036041260e-01
4.708189964294433594e-01
4.700735807418823242e-01
4.692414402961730957e-01
4.685967564582824707e-01
4.681266546249389648e-01
4.674894511699676514e-01
4.665187299251556396e-01
4.659768939018249512e-01
4.658404290676116943e-01
4.658418297767639160e-01
4.658054709434509277e-01
4.648313224315643311e-01
4.634695649147033691e-01
4.638151824474334717e-01
4.629949629306793213e-01
4.621984362602233887e-01
4.630289077758789062e-01
4.630830883979797363e-01
4.624471962451934814e-01
4.618469774723052979e-01
4.603832960128784180e-01
4.578432142734527588e-01
4.559930860996246338e-01
4.542607665061950684e-01
4.530811309814453125e-01
4.518802762031555176e-01
4.509918391704559326e-01
4.508749842643737793e-01
4.492743313312530518e-01
4.473229348659515381e-01
4.457044601440429688e-01
4.438139200210571289e-01
4.419056177139282227e-01
4.406885504722595215e-01
4.396668374538421631e-01
4.393888115882873535e-01
4.384388625621795654e-01
4.381077289581298828e-01
4.386487901210784912e-01
4.383140504360198975e-01
4.375334084033966064e-01
4.371854960918426514e-01
4.371510148048400879e-01
4.371171295642852783e-01
4.379290044307708740e-01
4.369730353355407715e-01
4.362699985504150391e-01
4.365779161453247070e-01
4.359204769134521484e-01
4.357490241527557373e-01
4.339157938957214355e-01
4.326767325401306152e-01
4.296657145023345947e-01
4.286207854747772217e-01
4.274357855319976807e-01
4.275235533714294434e-01
4.285813271999359131e-01
4.287392497062683105e-01
4.280754923820495605e-01
4.265806376934051514e-01
4.240918159484863281e-01
4.226521253585815430e-01
4.216655492782592773e-01
4.207825362682342529e-01
4.182996451854705811e-01
4.157369434833526611e-01
4.138777256011962891e-01
4.137002825736999512e-01
4.150610864162445068e-01
4.168306887149810791e-01
4.183441400527954102e-01
4.183851778507232666e-01
4.189780950546264648e-01
4.164448380470275879e-01
4.161356389522552490e-01
4.152067005634307861e-01
4.146249890327453613e-01
4.143345952033996582e-01
4.143587946891784668e-01
4.146497249603271484e-01
4.147048890590667725e-01
4.143993854522705078e-01
4.142731130123138428e-01
4.128872156143188477e-01
4.117930233478546143e-01
4.108574986457824707e-01
4.097705483436584473e-01
4.089382290840148926e-01
4.080367684364318848e-01
4.078180789947509766e-01
4.073117375373840332e-01
4.056012332439422607e-01
4.054155945777893066e-01
4.050258398056030273e-01
4.043737053871154785e-01
4.030809998512268066e-01
4.011215865612030029e-01
4.010199904441833496e-01
4.013976454734802246e-01
4.036610424518585205e-01
4.021342098712921143e-01
4.008213877677917480e-01
4.002785384654998779e-01
4.024310708045959473e-01
4.037829339504241943e-01
4.048524498939514160e-01
4.031408429145812988e-01
3.977683484554290771e-01
3.948608040809631348e-01
3.928169012069702148e-01
3.909406065940856934e-01
3.901554048061370850e-01
3.894509673118591309e-01
3.887732923030853271e-01
3.882540464401245117e-01
3.876868486404418945e-01
3.873437047004699707e-01
3.871956169605255127e-01
3.869580924510955811e-01
3.863476514816284180e-01
3.852418959140777588e-01
3.842462003231048584e-01
3.825950622558593750e-01
3.811598122119903564e-01
3.792192935943603516e-01
3.795121312141418457e-01
3.836271762847900391e-01
3.800208568572998047e-01
3.795255422592163086e-01
3.781107366085052490e-01
3.783673048019409180e-01
3.824715614318847656e-01
3.844329416751861572e-01
3.831747472286224365e-01
3.849245309829711914e-01
3.849242925643920898e-01
3.814063072204589844e-01
3.764919638633728027e-01
3.797118067741394043e-01
3.819629549980163574e-01
3.853720128536224365e-01
3.872118294239044189e-01
3.857871890068054199e-01
3.845557570457458496e-01
3.828485012054443359e-01
3.825002610683441162e-01
3.818320035934448242e-01
3.812159597873687744e-01
3.810163140296936035e-01
3.808564543724060059e-01
3.838891386985778809e-01
3.862346708774566650e-01
3.857491016387939453e-01
3.845131099224090576e-01
3.835013210773468018e-01
3.823917210102081299e-01
3.815473020076751709e-01
3.805644512176513672e-01
3.805556893348693848e-01
3.815292716026306152e-01
3.815292716026306152e-01
3.814541697502136230e-01
3.807070851325988770e-01
3.794927597045898438e-01
3.782792389392852783e-01
3.775525093078613281e-01
3.771656155586242676e-01
3.764940202236175537e-01
3.761940598487854004e-01
3.759219050407409668e-01
3.759145438671112061e-01
3.753260970115661621e-01
3.742125332355499268e-01
3.719506859779357910e-01
3.701077699661254883e-01
3.706694841384887695e-01
3.702342808246612549e-01
3.697288632392883301e-01
3.692609071731567383e-01
3.688054978847503662e-01
3.686684072017669678e-01
3.684099912643432617e-01
3.682069778442382812e-01
3.678591847419738770e-01
3.665387034416198730e-01
3.659638464450836182e-01
3.657416105270385742e-01
3.654404282569885254e-01
3.652774691581726074e-01
3.648034930229187012e-01
3.642687797546386719e-01
3.636525869369506836e-01
3.629571199417114258e-01
3.620783984661102295e-01
3.621344268321990967e-01
3.618214428424835205e-01
3.612800240516662598e-01
3.597435355186462402e-01
3.590707778930664062e-01
3.587347269058227539e-01
3.584316968917846680e-01
3.581342697143554688e-01
3.577541112899780273e-01
3.574044406414031982e-01
3.575051128864288330e-01
3.585435152053833008e-01
3.584644794464111328e-01
3.583465516567230225e-01
3.581392765045166016e-01
3.585588634014129639e-01
3.591650426387786865e-01
3.585601747035980225e-01
3.559280037879943848e-01
3.538838624954223633e-01
3.521087169647216797e-01
3.511391878128051758e-01
3.498697578907012939e-01
3.485474884510040283e-01
3.486237525939941406e-01
3.476064503192901611e-01
3.488512039184570312e-01
3.494608104228973389e-01
3.493952751159667969e-01
3.494205176830291748e-01
3.491819500923156738e-01
3.503895103931427002e-01
3.515248298645019531e-01
3.525178134441375732e-01
3.516592979431152344e-01
3.516914844512939453e-01
3.510268032550811768e-01
3.503013849258422852e-01
3.489362597465515137e-01
3.462256491184234619e-01
3.446156084537506104e-01
3.445526659488677979e-01
3.454031944274902344e-01
3.445108234882354736e-01
3.439549803733825684e-01
3.437028527259826660e-01
3.440081179141998291e-01
3.446878194808959961e-01
3.436567783355712891e-01
3.434860408306121826e-01
3.437454700469970703e-01
3.436661362648010254e-01
3.433861732482910156e-01
3.429394364356994629e-01
3.426702916622161865e-01
3.437058925628662109e-01
3.442266285419464111e-01
3.429562449455261230e-01
3.425880074501037598e-01
3.427777588367462158e-01
3.440926373004913330e-01
3.461450040340423584e-01
3.459146618843078613e-01
3.438459634780883789e-01
3.419582545757293701e-01
3.415533602237701416e-01
3.420934677124023438e-01
3.426123857498168945e-01
3.426459431648254395e-01
3.425529599189758301e-01
3.410591483116149902e-01
3.404955863952636719e-01
3.407962620258331299e-01
3.411585390567779541e-01
3.409559726715087891e-01
3.390997648239135742e-01
3.374589681625366211e-01
3.375333845615386963e-01
3.363757133483886719e-01
3.384566903114318848e-01
3.352044224739074707e-01
3.422431647777557373e-01
3.418039679527282715e-01
3.331923782825469971e-01
3.354721069335937500e-01
3.352135419845581055e-01
3.401470780372619629e-01
3.421744704246520996e-01
3.398193717002868652e-01
3.392400741577148438e-01
3.365428149700164795e-01
3.401291668415069580e-01
3.395276963710784912e-01
3.438048958778381348e-01
3.423783183097839355e-01
3.402383923530578613e-01
3.419673740863800049e-01
3.408030867576599121e-01
3.401319682598114014e-01
3.387477099895477295e-01
3.387305736541748047e-01
3.394953012466430664e-01
3.406599164009094238e-01
3.411703109741210938e-01
3.406624495983123779e-01
3.399954140186309814e-01
3.391208052635192871e-01
3.379410505294799805e-01
3.373047411441802979e-01
3.379857540130615234e-01
3.379565477371215820e-01
3.359144330024719238e-01
3.355159759521484375e-01
3.345941901206970215e-01
3.342347145080566406e-01
3.335697650909423828e-01
3.333657383918762207e-01
3.331786990165710449e-01
3.326789438724517822e-01
3.338794112205505371e-01
3.335394263267517090e-01
3.339395225048065186e-01
3.358087241649627686e-01
3.364416062831878662e-01
3.372392058372497559e-01
3.358639478683471680e-01
3.353932797908782959e-01
3.340800404548645020e-01
3.315814435482025146e-01
3.299178183078765869e-01
3.296751976013183594e-01
3.315891325473785400e-01
3.310172557830810547e-01
3.321148753166198730e-01
3.318668603897094727e-01
3.324200212955474854e-01
3.324817419052124023e-01
3.321439623832702637e-01
3.313730955123901367e-01
3.301395177841186523e-01
3.297943472862243652e-01
3.297803401947021484e-01
3.295858502388000488e-01
3.292600512504577637e-01
3.291985094547271729e-01
3.290296494960784912e-01
3.289053440093994141e-01
3.291336297988891602e-01
3.286786675453186035e-01
3.275110721588134766e-01
3.268209099769592285e-01
3.264602422714233398e-01
3.262160718441009521e-01
3.260794281959533691e-01
3.258413374423980713e-01
3.253186643123626709e-01
3.265411257743835449e-01
3.279817402362823486e-01
3.284893929958343506e-01
3.277339339256286621e-01
3.263575732707977295e-01
3.255169689655303955e-01
3.239674270153045654e-01
3.236187696456909180e-01
3.237393498420715332e-01
3.236348927021026611e-01
3.235679566860198975e-01
3.227534890174865723e-01
3.213537931442260742e-01
3.215511441230773926e-01
3.219829499721527100e-01
3.215894997119903564e-01
3.230296373367309570e-01
3.239486515522003174e-01
3.226989507675170898e-01
3.230737447738647461e-01
3.221306204795837402e-01
3.231919407844543457e-01
3.235843479633331299e-01
3.240505456924438477e-01
3.208815753459930420e-01
3.199583888053894043e-01
3.195356130599975586e-01
3.183999061584472656e-01
3.174156546592712402e-01
3.176443576812744141e-01
3.174111843109130859e-01
3.198068439960479736e-01
3.204629123210906982e-01
3.181147277355194092e-01
3.198738992214202881e-01
3.213174045085906982e-01
3.209630250930786133e-01
3.209922909736633301e-01
3.216001391410827637e-01
3.208469152450561523e-01
3.191751837730407715e-01
3.173423111438751221e-01
3.170312345027923584e-01
3.167069256305694580e-01
3.191147446632385254e-01
3.221087753772735596e-01
3.206202387809753418e-01
3.214981555938720703e-01
3.215271532535552979e-01
3.197273612022399902e-01
3.171515464782714844e-01
3.170219957828521729e-01
3.139378130435943604e-01
3.130798637866973877e-01
3.111391663551330566e-01
3.114828169345855713e-01
3.124751746654510498e-01
3.137506246566772461e-01
3.130382001399993896e-01
3.117027282714843750e-01
3.092928230762481689e-01
3.104548454284667969e-01
3.105300962924957275e-01
3.096373677253723145e-01
3.094953596591949463e-01
3.093517422676086426e-01
3.091308474540710449e-01
3.085112571716308594e-01
3.083885312080383301e-01
3.083949089050292969e-01
3.085400462150573730e-01
3.086313605308532715e-01
3.083790540695190430e-01
3.083651065826416016e-01
3.082417845726013184e-01
3.074600398540496826e-01
3.076083064079284668e-01
3.073575496673583984e-01
3.065570294857025146e-01
3.068937361240386963e-01
3.111066520214080811e-01
3.123129010200500488e-01
3.126195371150970459e-01
3.123457133769989014e-01
3.116650283336639404e-01
3.141207396984100342e-01
3.080964386463165283e-01
3.088656961917877197e-01
3.091393709182739258e-01
3.086683750152587891e-01
3.081587553024291992e-01
3.076552152633666992e-01
3.067618310451507568e-01
3.074373006820678711e-01
3.088877201080322266e-01
3.093123733997344971e-01
3.089350461959838867e-01
3.089268803596496582e-01
3.074781596660614014e-01
3.063192367553710938e-01
3.057349920272827148e-01
3.052515685558319092e-01
3.051986992359161377e-01
3.052450418472290039e-01
3.052772283554077148e-01
3.047967851161956787e-01
3.055559694766998291e-01
3.054230809211730957e-01
3.057025671005249023e-01
3.059812188148498535e-01
3.057670295238494873e-01
3.062158524990081787e-01
3.061389625072479248e-01
3.067148327827453613e-01
3.060353398323059082e-01
3.067353963851928711e-01
3.045772910118103027e-01
3.047541677951812744e-01
3.048315346240997314e-01
3.087817430496215820e-01
3.103564679622650146e-01
3.099942207336425781e-01
3.089953958988189697e-01
3.082977831363677979e-01
3.093937635421752930e-01
3.098357021808624268e-01
3.091240525245666504e-01
3.080026507377624512e-01
3.077829480171203613e-01
3.076637387275695801e-01
3.074543476104736328e-01
3.070482015609741211e-01
3.073925375938415527e-01
3.075437247753143311e-01
3.069629073143005371e-01
3.066160380840301514e-01
3.063408732414245605e-01
3.048222064971923828e-01
3.046851456165313721e-01
3.058169186115264893e-01
3.056537210941314697e-01
3.055204451084136963e-01
3.063904643058776855e-01
3.068707585334777832e-01
3.071468472480773926e-01
3.066297471523284912e-01
3.068250119686126709e-01
3.069651126861572266e-01
3.068746328353881836e-01
3.066906929016113281e-01
3.067837953567504883e-01
3.069214522838592529e-01
3.065749704837799072e-01
3.063171207904815674e-01
3.050460815429687500e-01
3.034085333347320557e-01
3.025031089782714844e-01
3.021043539047241211e-01
3.016241192817687988e-01
3.012086451053619385e-01
3.003875017166137695e-01
3.052854239940643311e-01
3.049515783786773682e-01
3.088951110839843750e-01
3.069368302822113037e-01
3.043557703495025635e-01
3.021151423454284668e-01
3.008635342121124268e-01
3.005500137805938721e-01
3.012278676033020020e-01
3.030194342136383057e-01
3.020930290222167969e-01
3.020631074905395508e-01
3.038547635078430176e-01
3.055313229560852051e-01
3.040741086006164551e-01
3.056979775428771973e-01
3.041777610778808594e-01
3.029927015304565430e-01
3.016235232353210449e-01
3.032381534576416016e-01
3.075945973396301270e-01
3.094270229339599609e-01
3.065552711486816406e-01
3.057602643966674805e-01
3.043591082096099854e-01
3.036290705204010010e-01
3.039730191230773926e-01
3.034365177154541016e-01
3.019819855690002441e-01
3.021346628665924072e-01
3.070208728313446045e-01
3.033654391765594482e-01
3.026340007781982422e-01
3.035521507263183594e-01
3.031829595565795898e-01
3.024494946002960205e-01
3.022015392780303955e-01
3.017138838768005371e-01
3.015674948692321777e-01
3.011697530746459961e-01
3.011420965194702148e-01
3.010220527648925781e-01
3.006504178047180176e-01
3.007143139839172363e-01
3.006957769393920898e-01
3.002893328666687012e-01
3.006010949611663818e-01
3.000896573066711426e-01
3.012194633483886719e-01
3.016984164714813232e-01
3.018846213817596436e-01
3.017529249191284180e-01
3.013199269771575928e-01
3.009200394153594971e-01
3.003970682621002197e-01
3.004617094993591309e-01
3.000311553478240967e-01
3.001158833503723145e-01
3.002882003784179688e-01
2.998073101043701172e-01
2.996728122234344482e-01
2.995180785655975342e-01
3.002540171146392822e-01
3.012764453887939453e-01
3.014508783817291260e-01
3.013707697391510010e-01
3.019343316555023193e-01
3.021073937416076660e-01
3.018486201763153076e-01
3.012858629226684570e-01
3.003145158290863037e-01
2.995317876338958740e-01
2.995691895484924316e-01
2.991208136081695557e-01
2.992737293243408203e-01
2.995342314243316650e-01
2.995288074016571045e-01
2.998054623603820801e-01
2.998025715351104736e-01
2.997803092002868652e-01
2.994896769523620605e-01
2.997653484344482422e-01
2.997899651527404785e-01
2.994855046272277832e-01
2.990800142288208008e-01
2.988610863685607910e-01
2.974417209625244141e-01
2.969197928905487061e-01
2.958598434925079346e-01
2.963332831859588623e-01
2.961040735244750977e-01
2.963854074478149414e-01
2.971077859401702881e-01
2.971530854701995850e-01
2.969462871551513672e-01
2.964424490928649902e-01
2.963474094867706299e-01
2.965744733810424805e-01
2.971093058586120605e-01
2.969171404838562012e-01
2.970140874385833740e-01
2.973421216011047363e-01
2.993173599243164062e-01
3.002698123455047607e-01
2.954674363136291504e-01
2.975680232048034668e-01
2.970145642757415771e-01
2.990619540214538574e-01
2.963602542877197266e-01
2.940170764923095703e-01
2.943088114261627197e-01
2.943222522735595703e-01
2.951173484325408936e-01
2.947438061237335205e-01
2.956427633762359619e-01
2.974311113357543945e-01
2.970529496669769287e-01
2.969561517238616943e-01
3.001491725444793701e-01
3.003032803535461426e-01
2.973745167255401611e-01
2.961743474006652832e-01
2.973912358283996582e-01
3.002142608165740967e-01
2.990911006927490234e-01
2.977709472179412842e-01
2.947167754173278809e-01
2.962476313114166260e-01
2.989017367362976074e-01
2.977068424224853516e-01
2.955034375190734863e-01
2.940549850463867188e-01
2.932237386703491211e-01
2.928345203399658203e-01
2.926454842090606689e-01
2.926886081695556641e-01
2.944338619709014893e-01
2.945581972599029541e-01
2.931927442550659180e-01
2.912761867046356201e-01
2.898028790950775146e-01
2.897937297821044922e-01
2.896700203418731689e-01
2.896450161933898926e-01
2.895947098731994629e-01
2.897625565528869629e-01
2.901504039764404297e-01
2.912431955337524414e-01
2.912462353706359863e-01
2.895448505878448486e-01
2.898800969123840332e-01
2.909910678863525391e-01
2.906770408153533936e-01
2.909839749336242676e-01
2.908635437488555908e-01
2.909294068813323975e-01
2.896737158298492432e-01
2.894311845302581787e-01
2.899397313594818115e-01
2.900251448154449463e-01
2.888748347759246826e-01
2.886665761470794678e-01
2.891403138637542725e-01
2.887592613697052002e-01
2.885565459728240967e-01
2.885974347591400146e-01
2.884789109230041504e-01
2.883572280406951904e-01
2.897669076919555664e-01
2.886838316917419434e-01
2.875739037990570068e-01
2.867105603218078613e-01
2.870227098464965820e-01
2.894267141819000244e-01
2.883954048156738281e-01
2.876922786235809326e-01
2.873724102973937988e-01
2.863650619983673096e-01
2.861069440841674805e-01
2.858980000019073486e-01
2.860353291034698486e-01
2.864216566085815430e-01
2.866235673427581787e-01
2.864038646221160889e-01
2.854491174221038818e-01
2.851099371910095215e-01
2.853797078132629395e-01
2.837589979171752930e-01
2.845515906810760498e-01
2.842712104320526123e-01
2.831925451755523682e-01
2.817691266536712646e-01
2.836933135986328125e-01
2.836195230484008789e-01
2.834117412567138672e-01
2.839432358741760254e-01
2.833440303802490234e-01
2.834378182888031006e-01
2.832693159580230713e-01
2.830021679401397705e-01
2.830514311790466309e-01
2.828903496265411377e-01
2.829189598560333252e-01
2.823507785797119141e-01
2.827513515949249268e-01
2.824903726577758789e-01
2.826568782329559326e-01
2.830104827880859375e-01
2.850461900234222412e-01
2.850825488567352295e-01
2.842309474945068359e-01
2.846845984458923340e-01
2.845019698143005371e-01
2.847041785717010498e-01
2.853067815303802490e-01
2.851523160934448242e-01
2.849498689174652100e-01
2.846163511276245117e-01
2.843323945999145508e-01
2.836329638957977295e-01
2.840581238269805908e-01
2.833301424980163574e-01
2.850244045257568359e-01
2.843275368213653564e-01
2.816562056541442871e-01
2.821115553379058838e-01
2.819915413856506348e-01
2.819747626781463623e-01
2.822198569774627686e-01
2.805254161357879639e-01
2.804964780807495117e-01
2.797944247722625732e-01
2.798223793506622314e-01
2.803058624267578125e-01
2.808663547039031982e-01
2.809615135192871094e-01
2.806202769279479980e-01
2.814978361129760742e-01
2.819291055202484131e-01
2.829515039920806885e-01
2.846507728099822998e-01
2.851036190986633301e-01
2.833950817584991455e-01
2.821873128414154053e-01
2.813627123832702637e-01
2.811826467514038086e-01
2.820748388767242432e-01
2.807413041591644287e-01
2.813523709774017334e-01
2.807620465755462646e-01
2.826007604598999023e-01
2.797159254550933838e-01
2.791103124618530273e-01
2.806585729122161865e-01
2.798056602478027344e-01
2.802723348140716553e-01
2.786880135536193848e-01
2.787861526012420654e-01
2.790198624134063721e-01
2.793419957160949707e-01
2.793311774730682373e-01
2.792350053787231445e-01
2.792408168315887451e-01
2.791391313076019287e-01
2.793008089065551758e-01
2.794537544250488281e-01
2.796218991279602051e-01
2.797515988349914551e-01
2.797515988349914551e-01
2.805115580558776855e-01
2.805387377738952637e-01
2.797095179557800293e-01
2.799633145332336426e-01
2.787817120552062988e-01
2.784413695335388184e-01
2.782949209213256836e-01
2.784071862697601318e-01
2.785876989364624023e-01
2.785863280296325684e-01
2.796725928783416748e-01
2.802921235561370850e-01
2.802041471004486084e-01
2.796694040298461914e-01
2.790210545063018799e-01
2.790275812149047852e-01
2.795098721981048584e-01
2.796382009983062744e-01
2.793419659137725830e-01
2.783278822898864746e-01
2.782252728939056396e-01
2.791660130023956299e-01
2.790491878986358643e-01
2.785354554653167725e-01
2.786772549152374268e-01
2.788262367248535156e-01
2.787516415119171143e-01
2.783323228359222412e-01
2.778219878673553467e-01
2.766377925872802734e-01
2.765833735466003418e-01
2.776138782501220703e-01
2.789439558982849121e-01
2.791269421577453613e-01
2.791345715522766113e-01
2.792321741580963135e-01
2.806316018104553223e-01
2.792591750621795654e-01
2.792850136756896973e-01
2.795690894126892090e-01
2.817949056625366211e-01
2.812338173389434814e-01
2.815404534339904785e-01
2.811904549598693848e-01
2.811852395534515381e-01
2.810916304588317871e-01
2.798353135585784912e-01
2.799451351165771484e-01
2.784730792045593262e-01
2.780173718929290771e-01
2.776393592357635498e-01
2.783487141132354736e-01
2.788563668727874756e-01
2.799546420574188232e-01
2.800161838531494141e-01
2.797538638114929199e-01
2.803596854209899902e-01
2.809642255306243896e-01
2.803579568862915039e-01
2.800858616828918457e-01
2.798133790493011475e-01
2.795750200748443604e-01
2.791319191455841064e-01
2.789620757102966309e-01
2.789945602416992188e-01
2.792671918869018555e-01
2.787703871726989746e-01
2.771961987018585205e-01
2.772579789161682129e-01
2.769842445850372314e-01
2.768186926841735840e-01
2.773163020610809326e-01
2.785962820053100586e-01
2.775085568428039551e-01
2.772348821163177490e-01
2.773680090904235840e-01
2.778530120849609375e-01
2.775733172893524170e-01
2.783272564411163330e-01
2.769680321216583252e-01
2.765292823314666748e-01
2.762034535408020020e-01
2.757599055767059326e-01
2.751590609550476074e-01
2.756277322769165039e-01
2.755431234836578369e-01
2.758771479129791260e-01
2.762328088283538818e-01
2.740257084369659424e-01
2.728209793567657471e-01
2.724088728427886963e-01
2.742382287979125977e-01
2.737027704715728760e-01
2.720302939414978027e-01
2.741001844406127930e-01
2.746508121490478516e-01
2.733039855957031250e-01
2.707630097866058350e-01
2.699681818485260010e-01
2.705412805080413818e-01
2.697729170322418213e-01
2.695317268371582031e-01
2.701739668846130371e-01
2.703572213649749756e-01
2.720832824707031250e-01
2.716457843780517578e-01
2.725221514701843262e-01
2.744616270065307617e-01
2.743892073631286621e-01
2.748346924781799316e-01
2.745628952980041504e-01
2.723953425884246826e-01
2.722031474113464355e-01
2.722627818584442139e-01
2.704400122165679932e-01
2.707130312919616699e-01
2.704599201679229736e-01
2.711191177368164062e-01
2.707616388797760010e-01
2.693949639797210693e-01
2.696062326431274414e-01
2.697833776473999023e-01
2.696433067321777344e-01
2.687502801418304443e-01
2.695823013782501221e-01
2.705757915973663330e-01
2.720358967781066895e-01
2.714313566684722900e-01
2.707035243511199951e-01
2.710587680339813232e-01
2.714247107505798340e-01
2.706158459186553955e-01
2.704811692237854004e-01
2.710987329483032227e-01
2.700081169605255127e-01
2.696492671966552734e-01
2.696443796157836914e-01
2.695341110229492188e-01
2.693516016006469727e-01
2.693215906620025635e-01
2.693272233009338379e-01
2.692978084087371826e-01
2.691632211208343506e-01
2.693791389465332031e-01
2.700916230678558350e-01
2.706248760223388672e-01
2.707454562187194824e-01
2.705782949924468994e-01
2.692281603813171387e-01
2.693466246128082275e-01
2.705307900905609131e-01
2.704588770866394043e-01
2.708273231983184814e-01
2.705785036087036133e-01
2.699142396450042725e-01
2.702340483665466309e-01
2.690544426441192627e-01
2.700762748718261719e-01
2.696569561958312988e-01
2.712817192077636719e-01
2.704169750213623047e-01
2.701848149299621582e-01
2.711074948310852051e-01
2.703285217285156250e-01
2.693743705749511719e-01
2.703481614589691162e-01
2.689023613929748535e-01
2.681991457939147949e-01
2.691945731639862061e-01
2.693037986755371094e-01
2.680599391460418701e-01
2.678322494029998779e-01
2.677205801010131836e-01
2.672216296195983887e-01
2.675032913684844971e-01
2.679646611213684082e-01
2.676302194595336914e-01
2.670046687126159668e-01
2.676692605018615723e-01
2.673904895782470703e-01
2.672649323940277100e-01
2.671500444412231445e-01
2.667455375194549561e-01
2.664331495761871338e-01
2.666176259517669678e-01
2.662679255008697510e-01
2.672544419765472412e-01
2.671357393264770508e-01
2.671312987804412842e-01
2.670608758926391602e-01
2.671338319778442383e-01
2.665550410747528076e-01
2.664417326450347900e-01
2.663254439830780029e-01
2.664387226104736328e-01
2.664122581481933594e-01
2.660222947597503662e-01
2.659035921096801758e-01
2.660019397735595703e-01
2.667435407638549805e-01
2.665400505065917969e-01
2.677987515926361084e-01
2.684591114521026611e-01
2.675858438014984131e-01
2.673968374729156494e-01
2.677555978298187256e-01
2.683833241462707520e-01
2.663802504539489746e-01
2.663479447364807129e-01
2.670533955097198486e-01
2.674144208431243896e-01
2.679334580898284912e-01
2.669520080089569092e-01
2.685011327266693115e-01
2.676550745964050293e-01
2.676312029361724854e-01
2.674112617969512939e-01
2.678235471248626709e-01
2.680670320987701416e-01
2.683194875717163086e-01
2.699309289455413818e-01
2.695993185043334961e-01
2.694366872310638428e-01
2.683933973312377930e-01
2.682161033153533936e-01
2.685360610485076904e-01
2.689065635204315186e-01
2.692343592643737793e-01
2.690004408359527588e-01
2.685540020465850830e-01
2.691289484500885010e-01
2.692102491855621338e-01
2.693801820278167725e-01
2.684666514396667480e-01
2.684603631496429443e-01
2.683991193771362305e-01
2.687303423881530762e-01
2.691644430160522461e-01
2.694654464721679688e-01
2.696823179721832275e-01
2.722724974155426025e-01
2.671225965023040771e-01
2.678837776184082031e-01
2.679803371429443359e-01
2.666950523853302002e-01
2.691261768341064453e-01
2.688450813293457031e-01
2.697666883468627930e-01
2.696772813796997070e-01
2.694152891635894775e-01
2.696782052516937256e-01
2.696712017059326172e-01
2.701202630996704102e-01
2.708370387554168701e-01
2.735549509525299072e-01
2.715346217155456543e-01
2.700988352298736572e-01
2.696652710437774658e-01
2.687406837940216064e-01
2.694849073886871338e-01
2.696372568607330322e-01
2.694931924343109131e-01
2.691799402236938477e-01
2.686816453933715820e-01
2.676416337490081787e-01
2.672414183616638184e-01
2.680086791515350342e-01
2.693459987640380859e-01
2.688264250755310059e-01
2.685911059379577637e-01
2.686505019664764404e-01
2.688253521919250488e-01
2.693356275558471680e-01
2.692837119102478027e-01
2.696060836315155029e-01
2.687917053699493408e-01
2.693075537681579590e-01
2.675407230854034424e-01
2.677173614501953125e-01
2.678234279155731201e-01
2.679383754730224609e-01
2.675549387931823730e-01
2.672541737556457520e-01
2.672397792339324951e-01
2.675588428974151611e-01
2.675913274288177490e-01
2.671257257461547852e-01
2.659698724746704102e-01
2.662128508090972900e-01
2.658157348632812500e-01
2.651064097881317139e-01
2.652862966060638428e-01
2.651416659355163574e-01
2.662070691585540771e-01
2.663438618183135986e-01
2.663322687149047852e-01
2.672004103660583496e-01
2.672415971755981445e-01
2.685364186763763428e-01
2.686525881290435791e-01
2.689252495765686035e-01
2.686841189861297607e-01
2.682812809944152832e-01
2.679981291294097900e-01
2.679700255393981934e-01
2.678925693035125732e-01
2.681554555892944336e-01
2.683829665184020996e-01
2.679858207702636719e-01
2.680336534976959229e-01
2.687333226203918457e-01
2.667282521724700928e-01
2.663015127182006836e-01
2.678616940975189209e-01
2.667946815490722656e-01
2.664994299411773682e-01
2.666131854057312012e-01
2.669020593166351318e-01
2.679927945137023926e-01
2.682861983776092529e-01
2.673581540584564209e-01
2.669866979122161865e-01
2.668069899082183838e-01
2.665519416332244873e-01
2.664464712142944336e-01
2.671943902969360352e-01
2.661827206611633301e-01
2.653470933437347412e-01
2.638959288597106934e-01
2.639980018138885498e-01
2.635433375835418701e-01
2.641256749629974365e-01
2.646943926811218262e-01
2.656838297843933105e-01
2.636401653289794922e-01
2.666282951831817627e-01
2.680326700210571289e-01
2.671110928058624268e-01
2.653744518756866455e-01
2.655062079429626465e-01
2.649756968021392822e-01
2.643941640853881836e-01
2.660422027111053467e-01
2.674224376678466797e-01
2.677631676197052002e-01
2.661977708339691162e-01
2.643555700778961182e-01
2.652907371520996094e-01
2.655999660491943359e-01
2.660777866840362549e-01
2.662376165390014648e-01
2.672448754310607910e-01
2.677043676376342773e-01
2.683214247226715088e-01
2.673114240169525146e-01
2.669433653354644775e-01
2.657261490821838379e-01
2.663467526435852051e-01
2.663190662860870361e-01
2.657980620861053467e-01
2.673962116241455078e-01
2.663156390190124512e-01
2.672690153121948242e-01
2.677078843116760254e-01
2.680669128894805908e-01
2.668142914772033691e-01
2.671948969364166260e-01
2.675015628337860107e-01
2.683169245719909668e-01
2.671148180961608887e-01
2.665844857692718506e-01
2.662198841571807861e-01
2.657414674758911133e-01
2.653636336326599121e-01
2.652422189712524414e-01
2.656596899032592773e-01
2.662964463233947754e-01
2.663237452507019043e-01
2.663035094738006592e-01
2.661975324153900146e-01
2.661502659320831299e-01
2.664493918418884277e-01
2.664100527763366699e-01
2.648207545280456543e-01
2.643045485019683838e-01
2.639795541763305664e-01
2.636921405792236328e-01
2.640648186206817627e-01
2.654583156108856201e-01
2.646367251873016357e-01
2.658829689025878906e-01
2.660256624221801758e-01
2.652865648269653320e-01
2.647674977779388428e-01
2.646383941173553467e-01
2.651898860931396484e-01
2.655531167984008789e-01
2.656679749488830566e-01
2.646107077598571777e-01
2.640073895454406738e-01
2.648312151432037354e-01
2.641715705394744873e-01
2.641129195690155029e-01
2.641557157039642334e-01
2.642403542995452881e-01
2.645120918750762939e-01
2.644993960857391357e-01
2.642543613910675049e-01
2.641430497169494629e-01
2.640191018581390381e-01
2.643706500530242920e-01
2.648884356021881104e-01
2.653863728046417236e-01
2.651230394840240479e-01
2.649358510971069336e-01
2.646012604236602783e-01
2.639490067958831787e-01
2.636661827564239502e-01
2.636092007160186768e-01
2.637923955917358398e-01
2.639035582542419434e-01
2.642152905464172363e-01
2.633686065673828125e-01
2.631588876247406006e-01
2.655031979084014893e-01
2.647198736667633057e-01
2.637802064418792725e-01
2.618716061115264893e-01
2.617314159870147705e-01
2.613068222999572754e-01
2.616834044456481934e-01
2.621923387050628662e-01
2.625440061092376709e-01
2.622871100902557373e-01
2.621313333511352539e-01
2.634539604187011719e-01
2.627075612545013428e-01
2.638367712497711182e-01
2.631164789199829102e-01
2.629850804805755615e-01
2.629629671573638916e-01
2.631359100341796875e-01
2.631681263446807861e-01
2.609090209007263184e-01
2.606966197490692139e-01
2.598829567432403564e-01
2.600285410881042480e-01
2.595803737640380859e-01
2.593987584114074707e-01
2.594115734100341797e-01
2.595543563365936279e-01
2.593528330326080322e-01
2.592669725418090820e-01
2.590783834457397461e-01
2.590722739696502686e-01
2.591947913169860840e-01
2.604752779006958008e-01
2.602964937686920166e-01
2.614959776401519775e-01
2.616215348243713379e-01
2.612344920635223389e-01
2.610647976398468018e-01
2.608479261398315430e-01
2.623473405838012695e-01
2.610869705677032471e-01
2.620298266410827637e-01
2.620279490947723389e-01
2.622067928314208984e-01
2.647278606891632080e-01
2.641332447528839111e-01
2.619611024856567383e-01
2.607321143150329590e-01
2.598147690296173096e-01
2.596782445907592773e-01
2.603057324886322021e-01
2.603228688240051270e-01
2.599996328353881836e-01
2.597360908985137939e-01
2.594859898090362549e-01
2.597933709621429443e-01
2.591697573661804199e-01
2.591731548309326172e-01
2.593523263931274414e-01
2.593361139297485352e-01
2.592307627201080322e-01
2.588415741920471191e-01
2.588272690773010254e-01
2.590685784816741943e-01
2.591119706630706787e-01
2.599928379058837891e-01
2.617358565330505371e-01
2.627481520175933838e-01
2.624753415584564209e-01
2.618612945079803467e-01
2.626972198486328125e-01
2.615859806537628174e-01
2.613098919391632080e-01
2.623735964298248291e-01
2.620435059070587158e-01
2.629414200782775879e-01
2.644224762916564941e-01
2.638433575630187988e-01
2.617058157920837402e-01
2.610338032245635986e-01
2.616657614707946777e-01
2.621628344058990479e-01
2.621551156044006348e-01
2.625408172607421875e-01
2.622455060482025146e-01
2.619965970516204834e-01
2.635119557380676270e-01
2.619226276874542236e-01
2.600205838680267334e-01
2.603287100791931152e-01
2.619839608669281006e-01
2.603377699851989746e-01
2.595472931861877441e-01
2.593945562839508057e-01
2.593051791191101074e-01
2.592490017414093018e-01
2.596205472946166992e-01
2.597539126873016357e-01
2.608861923217773438e-01
2.604544460773468018e-01
2.618788480758666992e-01
2.626507878303527832e-01
2.621637582778930664e-01
2.626916170120239258e-01
2.622199654579162598e-01
2.602097690105438232e-01
2.595721185207366943e-01
2.590381503105163574e-01
2.587221264839172363e-01
2.584368586540222168e-01
2.587166428565979004e-01
2.589630782604217529e-01
2.595978975296020508e-01
2.598727643489837646e-01
2.601146399974822998e-01
2.600977122783660889e-01
2.616399526596069336e-01
2.599436044692993164e-01
2.593989670276641846e-01
2.594675421714782715e-01
2.598264813423156738e-01
2.609479129314422607e-01
2.617070972919464111e-01
2.619021236896514893e-01
2.625027894973754883e-01
2.631908357143402100e-01
2.629025876522064209e-01
2.624374330043792725e-01
2.620288133621215820e-01
2.620914578437805176e-01
2.617898881435394287e-01
2.618196606636047363e-01
2.619222402572631836e-01
2.621840536594390869e-01
2.624817788600921631e-01
2.632378339767456055e-01
2.624688744544982910e-01
2.610040605068206787e-01
2.626181840896606445e-01
2.635293900966644287e-01
2.640480697154998779e-01
2.638925313949584961e-01
2.630113661289215088e-01
2.622355520725250244e-01
2.634012103080749512e-01
2.621870934963226318e-01
2.634649872779846191e-01
2.665882110595703125e-01
2.651298642158508301e-01
2.652836441993713379e-01
2.660571038722991943e-01
2.648114562034606934e-01
2.661057710647583008e-01
2.696937024593353271e-01
2.702973783016204834e-01
2.726594805717468262e-01
2.724222838878631592e-01
2.725853621959686279e-01
2.738789618015289307e-01
2.720764577388763428e-01
2.732845544815063477e-01
2.718442976474761963e-01
2.743043601512908936e-01
2.721235454082489014e-01
2.719265222549438477e-01
2.765066623687744141e-01
2.752374112606048584e-01
2.729786932468414307e-01
2.715186178684234619e-01
2.719585895538330078e-01
2.699198424816131592e-01
2.726871967315673828e-01
2.691919505596160889e-01
2.706413865089416504e-01
2.702440321445465088e-01
2.689833641052246094e-01
2.706939578056335449e-01
2.739422917366027832e-01
2.723409831523895264e-01
2.724718153476715088e-01
2.752214074134826660e-01
2.820638716220855713e-01
2.778321206569671631e-01
2.768665850162506104e-01
2.773317396640777588e-01
2.770984172821044922e-01
2.743533551692962646e-01
2.769368886947631836e-01
2.789427936077117920e-01
2.794113159179687500e-01
2.812346816062927246e-01
2.815354764461517334e-01
2.814731597900390625e-01
2.815852761268615723e-01
2.816268205642700195e-01
2.833671569824218750e-01
2.824546694755554199e-01
2.821970283985137939e-01
2.824482619762420654e-01
2.814730107784271240e-01
2.810632884502410889e-01
2.809798121452331543e-01
2.801923155784606934e-01
2.793999910354614258e-01
2.791609168052673340e-01
2.789711058139801025e-01
2.787396311759948730e-01
2.784579396247863770e-01
2.781458199024200439e-01
2.786238193511962891e-01
2.782286107540130615e-01
2.785317301750183105e-01
2.783505022525787354e-01
2.773938775062561035e-01
2.777432799339294434e-01
