2.802005112171173096e-01
2.800241410732269287e-01
2.798271477222442627e-01
2.796172201633453369e-01
2.793961465358734131e-01
2.791688144207000732e-01
2.789344489574432373e-01
2.786941528320312500e-01
2.784496843814849854e-01
2.782006561756134033e-01
2.779485583305358887e-01
2.776930630207061768e-01
2.774352729320526123e-01
2.771741747856140137e-01
2.769125699996948242e-01
2.766478359699249268e-01
2.763811051845550537e-01
2.761120200157165527e-01
2.758407890796661377e-01
2.755662202835083008e-01
2.752897143363952637e-01
2.750108242034912109e-01
2.747293114662170410e-01
2.744449079036712646e-01
2.741589248180389404e-01
2.738707065582275391e-01
2.735799849033355713e-01
2.732853591442108154e-01
2.729891240596771240e-01
2.726897895336151123e-01
2.723866999149322510e-01
2.720798850059509277e-01
2.717708945274353027e-01
2.714611589908599854e-01
2.711466252803802490e-01
2.708282768726348877e-01
2.705063819885253906e-01
2.701821029186248779e-01
2.698538303375244141e-01
2.695212364196777344e-01
2.691826522350311279e-01
2.688403427600860596e-01
2.684922516345977783e-01
2.681402862071990967e-01
2.677807509899139404e-01
2.674165368080139160e-01
2.670474648475646973e-01
2.666701078414916992e-01
2.662849724292755127e-01
2.658923864364624023e-01
2.654935717582702637e-01
2.650854289531707764e-01
2.646699249744415283e-01
2.642455697059631348e-01
2.638110220432281494e-01
2.633652091026306152e-01
2.629104256629943848e-01
2.624453604221343994e-01
2.619687914848327637e-01
2.614823579788208008e-01
2.609829604625701904e-01
2.604717910289764404e-01
2.599482834339141846e-01
2.594084739685058594e-01
2.588524818420410156e-01
2.582832276821136475e-01
2.576977014541625977e-01
2.570948600769042969e-01
2.564740180969238281e-01
2.558382749557495117e-01
2.551840543746948242e-01
2.545090019702911377e-01
2.538112401962280273e-01
2.530938088893890381e-01
2.523479163646697998e-01
2.515770196914672852e-01
2.507802248001098633e-01
2.499580532312393188e-01
2.491055428981781006e-01
2.482247203588485718e-01
2.473148405551910400e-01
2.463683933019638062e-01
2.453866004943847656e-01
2.443753480911254883e-01
2.433282136917114258e-01
2.422394901514053345e-01
2.411175072193145752e-01
2.399597316980361938e-01
2.387604117393493652e-01
2.375158965587615967e-01
2.362189143896102905e-01
2.348746955394744873e-01
2.334976047277450562e-01
2.320704013109207153e-01
2.305951416492462158e-01
2.290630638599395752e-01
2.274851202964782715e-01
2.258606106042861938e-01
2.241858094930648804e-01
2.224497199058532715e-01
2.206476777791976929e-01
2.187862545251846313e-01
2.168560326099395752e-01
2.148761898279190063e-01
2.128333747386932373e-01
2.107276767492294312e-01
2.085489481687545776e-01
2.063083946704864502e-01
2.040042728185653687e-01
2.016851007938385010e-01
1.993145793676376343e-01
1.968708187341690063e-01
1.944537162780761719e-01
1.919855922460556030e-01
1.894835978746414185e-01
1.869645416736602783e-01
1.844749599695205688e-01
1.819745749235153198e-01
1.795163899660110474e-01
1.771183162927627563e-01
1.747213304042816162e-01
1.723138540983200073e-01
1.699182391166687012e-01
1.676366925239562988e-01
1.654091030359268188e-01
1.633861213922500610e-01
1.614608317613601685e-01
1.595838665962219238e-01
1.578438133001327515e-01
1.562188565731048584e-01
1.547529250383377075e-01
1.535339504480361938e-01
1.524889022111892700e-01
1.515636593103408813e-01
1.507083773612976074e-01
1.500848233699798584e-01
1.496385037899017334e-01
1.493394672870635986e-01
1.490847170352935791e-01
1.488753855228424072e-01
1.487104445695877075e-01
1.485454142093658447e-01
1.484057456254959106e-01
1.482689976692199707e-01
1.481225937604904175e-01
1.479504555463790894e-01
1.477610170841217041e-01
1.475469768047332764e-01
1.473178416490554810e-01
1.470644176006317139e-01
1.467903256416320801e-01
1.465150564908981323e-01
1.462133228778839111e-01
1.458950489759445190e-01
1.455821394920349121e-01
1.452859193086624146e-01
1.449907571077346802e-01
1.446953415870666504e-01
1.444136351346969604e-01
1.441489607095718384e-01
1.438891142606735229e-01
1.436301916837692261e-01
1.433756053447723389e-01
1.431281268596649170e-01
1.428824663162231445e-01
1.426438093185424805e-01
1.424062550067901611e-01
1.421669423580169678e-01
1.419256180524826050e-01
1.416827291250228882e-01
1.414383500814437866e-01
1.411914974451065063e-01
1.409405171871185303e-01
1.406867057085037231e-01
1.404293626546859741e-01
1.401661485433578491e-01
1.398993581533432007e-01
1.396313309669494629e-01
1.393568217754364014e-01
1.390743404626846313e-01
1.387913674116134644e-01
1.385118365287780762e-01
1.382305771112442017e-01
1.379459947347640991e-01
1.376573890447616577e-01
1.373719424009323120e-01
1.370859891176223755e-01
1.367959231138229370e-01
1.365011036396026611e-01
1.361961811780929565e-01
1.358821094036102295e-01
1.355590224266052246e-01
1.352310031652450562e-01
1.349019408226013184e-01
1.345701813697814941e-01
1.342353671789169312e-01
1.338970959186553955e-01
1.335536092519760132e-01
1.332036852836608887e-01
1.328563541173934937e-01
1.325137317180633545e-01
1.321714073419570923e-01
1.318300068378448486e-01
1.314953863620758057e-01
1.311557292938232422e-01
1.308155655860900879e-01
1.304722279310226440e-01
1.301231235265731812e-01
1.297843903303146362e-01
1.294507235288619995e-01
1.291274428367614746e-01
1.288053542375564575e-01
1.284787803888320923e-01
1.281499713659286499e-01
1.278217285871505737e-01
1.274984031915664673e-01
1.271812766790390015e-01
1.268616318702697754e-01
1.265442371368408203e-01
1.262273639440536499e-01
1.259107738733291626e-01
1.255939006805419922e-01
1.252747178077697754e-01
1.249551922082901001e-01
1.246356889605522156e-01
1.243133693933486938e-01
1.240055039525032043e-01
1.236915662884712219e-01
1.233775690197944641e-01
1.230666935443878174e-01
1.227483227849006653e-01
1.224250867962837219e-01
1.220950558781623840e-01
1.217601299285888672e-01
1.214256212115287781e-01
1.210901737213134766e-01
1.207563877105712891e-01
1.204242184758186340e-01
1.200933530926704407e-01
1.197566464543342590e-01
1.194221675395965576e-01
1.190827041864395142e-01
1.187436953186988831e-01
1.184015423059463501e-01
1.180524677038192749e-01
1.177015900611877441e-01
1.173477172851562500e-01
1.169941648840904236e-01
1.166400387883186340e-01
1.162855699658393860e-01
1.159286499023437500e-01
1.155720278620719910e-01
1.152155175805091858e-01
1.148662716150283813e-01
1.145229339599609375e-01
1.141836345195770264e-01
1.138560473918914795e-01
1.135330870747566223e-01
1.132058948278427124e-01
1.128845065832138062e-01
1.125643551349639893e-01
1.122532039880752563e-01
1.119387000799179077e-01
1.116265729069709778e-01
1.113195270299911499e-01
1.110162809491157532e-01
1.107194572687149048e-01
1.104166731238365173e-01
1.101133599877357483e-01
1.098242327570915222e-01
1.095378100872039795e-01
1.092460229992866516e-01
1.089658811688423157e-01
1.086857095360755920e-01
1.083945557475090027e-01
1.081016138195991516e-01
1.078310683369636536e-01
1.075704172253608704e-01
1.073096245527267456e-01
1.070547029376029968e-01
1.068010255694389343e-01
1.065444275736808777e-01
1.062857657670974731e-01
1.060283333063125610e-01
1.057681366801261902e-01
1.055173948407173157e-01
1.052751615643501282e-01
1.050357595086097717e-01
1.048027947545051575e-01
1.045665815472602844e-01
1.043291240930557251e-01
1.041011586785316467e-01
1.038703694939613342e-01
1.036452651023864746e-01
1.034329310059547424e-01
1.032266542315483093e-01
1.030324026942253113e-01
1.028261333703994751e-01
1.026218086481094360e-01
1.023981496691703796e-01
1.021862626075744629e-01
1.019801348447799683e-01
1.017767786979675293e-01
1.015834733843803406e-01
1.013905555009841919e-01
1.012010350823402405e-01
1.009880900382995605e-01
1.007785722613334656e-01
1.005725264549255371e-01
1.003684923052787781e-01
1.001767516136169434e-01
9.998290985822677612e-02
9.978487342596054077e-02
9.959214925765991211e-02
9.938973933458328247e-02
9.918409585952758789e-02
9.897971153259277344e-02
9.878129512071609497e-02
9.858489036560058594e-02
9.839051961898803711e-02
9.819704294204711914e-02
9.800936281681060791e-02
9.782785177230834961e-02
9.765940904617309570e-02
9.751607477664947510e-02
9.736917912960052490e-02
9.721755236387252808e-02
9.704878181219100952e-02
9.685609489679336548e-02
9.665682166814804077e-02
9.644801914691925049e-02
9.624410420656204224e-02
9.604479372501373291e-02
9.585863351821899414e-02
9.568595141172409058e-02
9.551340341567993164e-02
9.534548223018646240e-02
9.517487138509750366e-02
9.499519318342208862e-02
9.481810778379440308e-02
9.465028345584869385e-02
9.449031203985214233e-02
9.432252496480941772e-02
9.415817260742187500e-02
9.399316459894180298e-02
9.383680671453475952e-02
9.368293732404708862e-02
9.354972094297409058e-02
9.341934323310852051e-02
9.328714758157730103e-02
9.313590824604034424e-02
9.296410530805587769e-02
9.278394281864166260e-02
9.260756522417068481e-02
9.245135635137557983e-02
9.229943901300430298e-02
9.214694797992706299e-02
9.199841320514678955e-02
9.186235070228576660e-02
9.172788262367248535e-02
9.158610552549362183e-02
9.143897891044616699e-02
9.128863364458084106e-02
9.114359319210052490e-02
9.100978076457977295e-02
9.086832404136657715e-02
9.072813391685485840e-02
9.058537334203720093e-02
9.043057262897491455e-02
9.027067571878433228e-02
9.011650830507278442e-02
8.995660394430160522e-02
8.979251235723495483e-02
8.963932842016220093e-02
8.948890119791030884e-02
8.933898061513900757e-02
8.919628709554672241e-02
8.905825763940811157e-02
8.891228586435317993e-02
8.876965194940567017e-02
8.863154053688049316e-02
8.849629759788513184e-02
8.836657553911209106e-02
8.823838829994201660e-02
8.809497207403182983e-02
8.794977515935897827e-02
8.781530708074569702e-02
8.768843859434127808e-02
8.755580335855484009e-02
8.742246031761169434e-02
8.728314191102981567e-02
8.713212609291076660e-02
8.699573576450347900e-02
8.684894442558288574e-02
8.669628947973251343e-02
8.655098080635070801e-02
8.641625195741653442e-02
8.631231635808944702e-02
8.620902895927429199e-02
8.608539402484893799e-02
8.594102412462234497e-02
8.577737212181091309e-02
8.559130877256393433e-02
8.540526777505874634e-02
8.524446934461593628e-02
8.510010689496994019e-02
8.496951311826705933e-02
8.482871949672698975e-02
8.466433733701705933e-02
8.451167494058609009e-02
8.435256034135818481e-02
8.420761674642562866e-02
8.406986296176910400e-02
8.395072072744369507e-02
8.386804908514022827e-02
8.376664668321609497e-02
8.368101716041564941e-02
8.354635536670684814e-02
8.336924761533737183e-02
8.316716551780700684e-02
8.300369977951049805e-02
8.288574963808059692e-02
8.279199153184890747e-02
8.271569013595581055e-02
8.264062553644180298e-02
8.256719261407852173e-02
8.243934810161590576e-02
8.230428397655487061e-02
8.215208351612091064e-02
8.197696506977081299e-02
8.184207230806350708e-02
8.171660453081130981e-02
8.161675184965133667e-02
8.151377737522125244e-02
8.138170838356018066e-02
8.125905692577362061e-02
8.114060759544372559e-02
8.101567625999450684e-02
8.088872581720352173e-02
8.075811713933944702e-02
8.063410967588424683e-02
8.052122592926025391e-02
8.041257411241531372e-02
8.029879629611968994e-02
8.017386496067047119e-02
8.005268126726150513e-02
7.993374019861221313e-02
7.981488853693008423e-02
7.969819009304046631e-02
7.957839220762252808e-02
7.945213466882705688e-02
7.933226227760314941e-02
7.921094447374343872e-02
7.909901440143585205e-02
7.898176461458206177e-02
7.886822521686553955e-02
7.876624912023544312e-02
7.865751534700393677e-02
7.855422794818878174e-02
7.844915986061096191e-02
7.833735644817352295e-02
7.822095602750778198e-02
7.810623943805694580e-02
7.799825072288513184e-02
7.790242880582809448e-02
7.780274748802185059e-02
7.769709825515747070e-02
7.760619372129440308e-02
7.750317454338073730e-02
7.741918414831161499e-02
7.732550799846649170e-02
7.717551290988922119e-02
7.702829688787460327e-02
7.690297067165374756e-02
7.679329812526702881e-02
7.668750733137130737e-02
7.657631486654281616e-02
7.646528631448745728e-02
7.635372132062911987e-02
7.624241709709167480e-02
7.612545043230056763e-02
7.600781321525573730e-02
7.588005810976028442e-02
7.575767487287521362e-02
7.563296705484390259e-02
7.550533115863800049e-02
7.539937645196914673e-02
7.528980821371078491e-02
7.517337054014205933e-02
7.503922283649444580e-02
7.489480823278427124e-02
7.474812120199203491e-02
7.461800426244735718e-02
7.451000064611434937e-02
7.442950457334518433e-02
7.435551285743713379e-02
7.427246868610382080e-02
7.418482005596160889e-02
7.409963756799697876e-02
7.400543987751007080e-02
7.390395551919937134e-02
7.378949970006942749e-02
7.367461174726486206e-02
7.357691973447799683e-02
7.350253313779830933e-02
7.340684533119201660e-02
7.331603020429611206e-02
7.320540398359298706e-02
7.311282306909561157e-02
7.304764539003372192e-02
7.299508899450302124e-02
7.293567061424255371e-02
7.287607342004776001e-02
7.282821089029312134e-02
7.276543229818344116e-02
7.270527631044387817e-02
7.264367491006851196e-02
7.258690893650054932e-02
7.252587378025054932e-02
7.245486229658126831e-02
7.239595800638198853e-02
7.230504602193832397e-02
7.218688726425170898e-02
7.207170873880386353e-02
7.198046892881393433e-02
7.187090069055557251e-02
7.177352160215377808e-02
7.166801393032073975e-02
7.157951593399047852e-02
7.150933146476745605e-02
7.143592089414596558e-02
7.133676856756210327e-02
7.124806195497512817e-02
7.117261737585067749e-02
7.111509144306182861e-02
7.106504589319229126e-02
7.101723551750183105e-02
7.098674029111862183e-02
7.095900177955627441e-02
7.092325389385223389e-02
7.087036967277526855e-02
7.080366462469100952e-02
7.074008136987686157e-02
7.065711170434951782e-02
7.057847827672958374e-02
7.052080333232879639e-02
7.047177106142044067e-02
7.042122632265090942e-02
7.034863531589508057e-02
7.028761506080627441e-02
7.024807482957839966e-02
7.024341076612472534e-02
7.023198157548904419e-02
7.020888477563858032e-02
7.014689594507217407e-02
7.006133347749710083e-02
6.997714191675186157e-02
6.993157416582107544e-02
6.992064416408538818e-02
6.989436596632003784e-02
6.983378529548645020e-02
6.978171318769454956e-02
6.973224133253097534e-02
6.967650353908538818e-02
6.963155418634414673e-02
6.958041340112686157e-02
6.952233612537384033e-02
6.944231688976287842e-02
6.934069842100143433e-02
6.924863159656524658e-02
6.917571276426315308e-02
6.910741329193115234e-02
6.903117150068283081e-02
6.896504014730453491e-02
6.889957189559936523e-02
6.886383891105651855e-02
6.884340196847915649e-02
6.883100420236587524e-02
6.880793720483779907e-02
6.878896802663803101e-02
6.876520812511444092e-02
6.873842328786849976e-02
6.873460114002227783e-02
6.877909600734710693e-02
6.879136711359024048e-02
6.878565996885299683e-02
6.873225420713424683e-02
6.866348534822463989e-02
6.859683245420455933e-02
6.853865832090377808e-02
6.848822534084320068e-02
6.845325231552124023e-02
6.839412450790405273e-02
6.835035234689712524e-02
6.830362230539321899e-02
6.828022748231887817e-02
6.827353686094284058e-02
6.825300306081771851e-02
6.825488805770874023e-02
6.826253980398178101e-02
6.824578344821929932e-02
6.823071092367172241e-02
6.821588426828384399e-02
6.820785254240036011e-02
6.820190697908401489e-02
6.821590662002563477e-02
6.823245435953140259e-02
6.826625019311904907e-02
6.827542930841445923e-02
6.825388222932815552e-02
6.819673627614974976e-02
6.811107695102691650e-02
6.804076582193374634e-02
6.796453148126602173e-02
6.791401654481887817e-02
6.788505613803863525e-02
6.788346916437149048e-02
6.786152720451354980e-02
6.786485761404037476e-02
6.785201281309127808e-02
6.785117834806442261e-02
6.786864995956420898e-02
6.791459769010543823e-02
6.797210127115249634e-02
6.798174232244491577e-02
6.798311322927474976e-02
6.795648485422134399e-02
6.790880113840103149e-02
6.788834184408187866e-02
6.785330921411514282e-02
6.783709675073623657e-02
6.784292310476303101e-02
6.784282624721527100e-02
6.785546988248825073e-02
6.787810474634170532e-02
6.792641431093215942e-02
6.795164197683334351e-02
6.798988580703735352e-02
6.801976263523101807e-02
6.805765628814697266e-02
6.812442839145660400e-02
6.818069517612457275e-02
6.818379461765289307e-02
6.819141656160354614e-02
6.818477064371109009e-02
6.811057031154632568e-02
6.806883960962295532e-02
6.800926476716995239e-02
6.794079393148422241e-02
6.788738816976547241e-02
6.785582751035690308e-02
6.783019751310348511e-02
6.780756264925003052e-02
6.778752803802490234e-02
6.778198480606079102e-02
6.775343418121337891e-02
6.772457063198089600e-02
6.770792603492736816e-02
6.770993024110794067e-02
6.768989562988281250e-02
6.768035143613815308e-02
6.767845898866653442e-02
6.769455969333648682e-02
6.769598275423049927e-02
6.770568341016769409e-02
6.770004332065582275e-02
6.772571057081222534e-02
6.768549233675003052e-02
6.762886792421340942e-02
6.756841391324996948e-02
6.750436872243881226e-02
6.746111810207366943e-02
6.743133813142776489e-02
6.743714958429336548e-02
6.742858141660690308e-02
6.739563494920730591e-02
6.735169887542724609e-02
6.731934100389480591e-02
6.732366234064102173e-02
6.734511256217956543e-02
6.738474965095520020e-02
6.740370392799377441e-02
6.741844117641448975e-02
6.741489470005035400e-02
6.739529967308044434e-02
6.738612055778503418e-02
6.734946370124816895e-02
6.733885407447814941e-02
6.734413653612136841e-02
6.733237206935882568e-02
6.733852624893188477e-02
6.734050810337066650e-02
6.734754890203475952e-02
6.735645234584808350e-02
6.736374646425247192e-02
6.736468523740768433e-02
6.734421849250793457e-02
6.732427328824996948e-02
6.731139868497848511e-02
6.731551885604858398e-02
6.731761991977691650e-02
6.735131889581680298e-02
6.739286333322525024e-02
6.741186231374740601e-02
6.741099804639816284e-02
6.740474700927734375e-02
6.738143414258956909e-02
6.735900044441223145e-02
6.733227521181106567e-02
6.734699755907058716e-02
6.736754626035690308e-02
6.740952283143997192e-02
6.747590750455856323e-02
6.752595305442810059e-02
6.758508086204528809e-02
6.757554411888122559e-02
6.754832714796066284e-02
6.749918311834335327e-02
6.746438890695571899e-02
6.742138415575027466e-02
6.738661974668502808e-02
6.737172603607177734e-02
6.736851483583450317e-02
6.737700104713439941e-02
6.737180799245834351e-02
6.735672056674957275e-02
6.732738763093948364e-02
6.728900969028472900e-02
6.726752221584320068e-02
6.726065278053283691e-02
6.724654138088226318e-02
6.723115593194961548e-02
6.721875071525573730e-02
6.720923632383346558e-02
6.720498204231262207e-02
6.720975041389465332e-02
6.723605096340179443e-02
6.724321097135543823e-02
6.723073124885559082e-02
6.724081933498382568e-02
6.724584847688674927e-02
6.725847721099853516e-02
6.726837903261184692e-02
6.727982312440872192e-02
6.726203858852386475e-02
6.725744158029556274e-02
6.729122996330261230e-02
6.725260615348815918e-02
6.722032278776168823e-02
6.718306988477706909e-02
6.718054413795471191e-02
6.715548783540725708e-02
6.716431677341461182e-02
6.723724305629730225e-02
6.729027628898620605e-02
6.738533079624176025e-02
6.739712506532669067e-02
6.735220551490783691e-02
6.726276129484176636e-02
6.715572625398635864e-02
6.708195805549621582e-02
6.704613566398620605e-02
6.702519208192825317e-02
6.702794134616851807e-02
6.704532355070114136e-02
6.706807017326354980e-02
6.707895547151565552e-02
6.709204614162445068e-02
6.713019311428070068e-02
6.718401610851287842e-02
6.724306941032409668e-02
6.727260351181030273e-02
6.727729737758636475e-02
6.728935986757278442e-02
6.724774837493896484e-02
6.722725927829742432e-02
6.720492243766784668e-02
6.718400120735168457e-02
6.719589978456497192e-02
6.723162531852722168e-02
6.726203858852386475e-02
6.730080395936965942e-02
6.735837459564208984e-02
6.740751862525939941e-02
6.744800508022308350e-02
6.748115271329879761e-02
6.750878691673278809e-02
6.750765442848205566e-02
6.749343872070312500e-02
6.742996722459793091e-02
6.740471720695495605e-02
6.740280985832214355e-02
6.735802441835403442e-02
6.727694720029830933e-02
6.717820465564727783e-02
6.711448729038238525e-02
6.711111962795257568e-02
6.713631749153137207e-02
6.712151318788528442e-02
6.708992272615432739e-02
6.706133484840393066e-02
6.704190373420715332e-02
6.708420068025588989e-02
6.714776158332824707e-02
6.719208508729934692e-02
6.720595061779022217e-02
6.715396046638488770e-02
6.706669926643371582e-02
6.698857992887496948e-02
6.696075946092605591e-02
6.700039654970169067e-02
6.703904271125793457e-02
6.708108633756637573e-02
6.707148998975753784e-02
6.705189496278762817e-02
6.703723222017288208e-02
6.704053282737731934e-02
6.709872931241989136e-02
6.720587611198425293e-02
6.725925952196121216e-02
6.720647215843200684e-02
6.706288456916809082e-02
6.688687205314636230e-02
6.687747687101364136e-02
6.690979003906250000e-02
6.693270802497863770e-02
6.688448786735534668e-02
6.684791296720504761e-02
6.685450673103332520e-02
6.689416617155075073e-02
6.694782525300979614e-02
6.699553132057189941e-02
6.704103201627731323e-02
6.709387153387069702e-02
6.707713007926940918e-02
6.700900197029113770e-02
6.699954718351364136e-02
6.706274300813674927e-02
6.711483746767044067e-02
6.711199134588241577e-02
6.703522801399230957e-02
6.695462018251419067e-02
6.688877940177917480e-02
6.687010079622268677e-02
6.687302142381668091e-02
6.690165400505065918e-02
6.694266200065612793e-02
6.697178632020950317e-02
6.692696362733840942e-02
6.685540825128555298e-02
6.679500639438629150e-02
6.677151471376419067e-02
6.678449362516403198e-02
6.680809706449508667e-02
6.683974713087081909e-02
6.681017577648162842e-02
6.675183027982711792e-02
6.671705842018127441e-02
6.670199334621429443e-02
6.669715046882629395e-02
6.667804718017578125e-02
6.667613238096237183e-02
6.666661053895950317e-02
6.665168702602386475e-02
6.661605089902877808e-02
6.659553200006484985e-02
6.658501178026199341e-02
6.657923012971878052e-02
6.658694148063659668e-02
6.660091131925582886e-02
6.661787629127502441e-02
6.663367897272109985e-02
6.664605438709259033e-02
6.664191186428070068e-02
6.666556000709533691e-02
6.670700013637542725e-02
6.669607758522033691e-02
6.664764136075973511e-02
6.656733155250549316e-02
6.652302294969558716e-02
6.651740521192550659e-02
6.652977317571640015e-02
6.651260703802108765e-02
6.647907942533493042e-02
6.647265702486038208e-02
6.648539751768112183e-02
6.649305671453475952e-02
6.648958474397659302e-02
6.647399067878723145e-02
6.646670401096343994e-02
6.647490710020065308e-02
6.651106476783752441e-02
6.651303172111511230e-02
6.652831286191940308e-02
6.654784828424453735e-02
6.656753271818161011e-02
6.658163666725158691e-02
6.660614907741546631e-02
6.666138023138046265e-02
6.668811291456222534e-02
6.664996594190597534e-02
6.659264862537384033e-02
6.657494604587554932e-02
6.660271435976028442e-02
6.658790260553359985e-02
6.655704230070114136e-02
6.653490662574768066e-02
6.650830060243606567e-02
6.653203070163726807e-02
6.653878092765808105e-02
6.653401255607604980e-02
6.648456305265426636e-02
6.642636656761169434e-02
6.637997925281524658e-02
6.636863201856613159e-02
6.636481732130050659e-02
6.636760383844375610e-02
6.633429229259490967e-02
6.630750000476837158e-02
6.629952788352966309e-02
6.634200364351272583e-02
6.632936745882034302e-02
6.632433831691741943e-02
6.633197516202926636e-02
6.635390967130661011e-02
6.635567545890808105e-02
6.636108458042144775e-02
6.636249274015426636e-02
6.632425636053085327e-02
6.629464030265808105e-02
6.629708409309387207e-02
6.626608222723007202e-02
6.624923646450042725e-02
6.623937934637069702e-02
6.621077656745910645e-02
6.618358939886093140e-02
6.616295129060745239e-02
6.613307446241378784e-02
6.610968708992004395e-02
6.607775390148162842e-02
6.606255471706390381e-02
6.605859845876693726e-02
6.608059257268905640e-02
6.606432050466537476e-02
6.603958457708358765e-02
6.598579138517379761e-02
6.593455374240875244e-02
6.591311097145080566e-02
6.589794903993606567e-02
6.589083373546600342e-02
6.592942029237747192e-02
6.597518175840377808e-02
6.596696376800537109e-02
6.592272967100143433e-02
6.588687002658843994e-02
6.585895270109176636e-02
6.583454459905624390e-02
6.582120805978775024e-02
6.583161652088165283e-02
6.583344936370849609e-02
6.583447754383087158e-02
6.583740562200546265e-02
6.585598737001419067e-02
6.587876379489898682e-02
6.587921828031539917e-02
6.586230546236038208e-02
6.585357338190078735e-02
6.585396826267242432e-02
6.588660925626754761e-02
6.588849425315856934e-02
6.589545309543609619e-02
6.593169271945953369e-02
6.596469134092330933e-02
6.598041206598281860e-02
6.600772589445114136e-02
6.600466370582580566e-02
6.596186757087707520e-02
6.592316925525665283e-02
6.588797271251678467e-02
6.585207581520080566e-02
6.582652777433395386e-02
6.579253822565078735e-02
6.575430929660797119e-02
6.572829931974411011e-02
6.573008745908737183e-02
6.575930863618850708e-02
6.576910614967346191e-02
6.576729565858840942e-02
6.576346606016159058e-02
6.574021279811859131e-02
6.569635868072509766e-02
6.563796103000640869e-02
6.559464335441589355e-02
6.555984914302825928e-02
6.553649157285690308e-02
6.552468240261077881e-02
6.551491469144821167e-02
6.550751626491546631e-02
6.551372259855270386e-02
6.553552299737930298e-02
6.556268781423568726e-02
6.560672074556350708e-02
6.561409682035446167e-02
6.559277325868606567e-02
6.556403636932373047e-02
6.553687155246734619e-02
6.555123627185821533e-02
6.560042500495910645e-02
6.556320935487747192e-02
6.553415209054946899e-02
6.555452197790145874e-02
6.560515612363815308e-02
6.563985347747802734e-02
6.563940644264221191e-02
6.561418622732162476e-02
6.557991355657577515e-02
6.557524949312210083e-02
6.561886519193649292e-02
6.561279296875000000e-02
6.561140716075897217e-02
6.558502465486526489e-02
6.551977246999740601e-02
6.550170481204986572e-02
6.553598493337631226e-02
6.557837128639221191e-02
6.560805439949035645e-02
6.559701263904571533e-02
6.553649157285690308e-02
6.548797339200973511e-02
6.544546782970428467e-02
6.541249155998229980e-02
6.540159881114959717e-02
6.538864970207214355e-02
6.537353247404098511e-02
6.537766754627227783e-02
6.538763642311096191e-02
6.539820879697799683e-02
6.544159352779388428e-02
6.545256823301315308e-02
6.546922773122787476e-02
6.547216325998306274e-02
6.547262519598007202e-02
6.543457508087158203e-02
6.538379937410354614e-02
6.535902619361877441e-02
6.531533598899841309e-02
6.528238952159881592e-02
6.527936458587646484e-02
6.529758125543594360e-02
6.533015519380569458e-02
6.536868214607238770e-02
6.537616997957229614e-02
6.533659994602203369e-02
6.529141217470169067e-02
6.523325294256210327e-02
6.519518047571182251e-02
6.522037833929061890e-02
6.530941277742385864e-02
6.534672528505325317e-02
6.535957008600234985e-02
6.533871591091156006e-02
6.529938429594039917e-02
6.526184827089309692e-02
6.525758653879165649e-02
6.528473645448684692e-02
6.532051414251327515e-02
6.529758870601654053e-02
6.519794464111328125e-02
6.511127203702926636e-02
6.509769707918167114e-02
6.515835225582122803e-02
6.516690552234649658e-02
6.517210602760314941e-02
6.512549519538879395e-02
6.510165333747863770e-02
6.507397443056106567e-02
6.505573540925979614e-02
6.504676491022109985e-02
6.509529799222946167e-02
6.512928754091262817e-02
6.512217223644256592e-02
6.506786495447158813e-02
6.504156440496444702e-02
6.507257372140884399e-02
6.509170681238174438e-02
6.511486321687698364e-02
6.513655185699462891e-02
6.514036655426025391e-02
6.513117998838424683e-02
6.510508060455322266e-02
6.507111340761184692e-02
6.502056866884231567e-02
6.498441100120544434e-02
6.495580077171325684e-02
6.492626667022705078e-02
6.491079926490783691e-02
6.491898000240325928e-02
6.491241604089736938e-02
6.491328775882720947e-02
6.490519642829895020e-02
6.489077210426330566e-02
6.489563733339309692e-02
6.489516794681549072e-02
6.489887088537216187e-02
6.490099430084228516e-02
6.491234898567199707e-02
6.493476033210754395e-02
6.495437771081924438e-02
6.496999412775039673e-02
6.497761607170104980e-02
6.496908515691757202e-02
6.494748592376708984e-02
6.493388861417770386e-02
6.491556763648986816e-02
6.489622592926025391e-02
6.488551944494247437e-02
6.489048153162002563e-02
6.490552425384521484e-02
6.490889191627502441e-02
6.490030884742736816e-02
6.491887569427490234e-02
6.498620659112930298e-02
6.502091884613037109e-02
6.502091884613037109e-02
6.499100476503372192e-02
6.497085839509963989e-02
6.497276574373245239e-02
6.497290730476379395e-02
6.498619914054870605e-02
6.500817090272903442e-02
6.501923501491546631e-02
6.503640115261077881e-02
6.506399810314178467e-02
6.506203114986419678e-02
6.502686440944671631e-02
6.498134881258010864e-02
6.495187431573867798e-02
6.493558734655380249e-02
6.491887569427490234e-02
6.488475948572158813e-02
6.486617773771286011e-02
6.488277018070220947e-02
6.487032026052474976e-02
6.482088565826416016e-02
6.476984173059463501e-02
6.471064686775207520e-02
6.466665863990783691e-02
6.464042514562606812e-02
6.462991237640380859e-02
6.462728977203369141e-02
6.463380903005599976e-02
6.463383138179779053e-02
6.463137269020080566e-02
6.460656970739364624e-02
6.462440639734268188e-02
6.460943818092346191e-02
6.456745415925979614e-02
6.453608721494674683e-02
6.452693790197372437e-02
6.453658640384674072e-02
6.454334408044815063e-02
6.455992907285690308e-02
6.456230580806732178e-02
6.457808613777160645e-02
6.457865238189697266e-02
6.456138193607330322e-02
6.457614153623580933e-02
6.460426747798919678e-02
6.462012976408004761e-02
6.462617963552474976e-02
6.456565111875534058e-02
6.454563885927200317e-02
6.455708295106887817e-02
6.456765532493591309e-02
6.452514231204986572e-02
6.450554728507995605e-02
6.449318677186965942e-02
6.448415666818618774e-02
6.448945403099060059e-02
6.449640542268753052e-02
6.448122113943099976e-02
6.445360928773880005e-02
6.443116813898086548e-02
6.442162394523620605e-02
6.438815593719482422e-02
6.435152888298034668e-02
6.432818621397018433e-02
6.431302428245544434e-02
6.430104374885559082e-02
6.428873538970947266e-02
6.428432464599609375e-02
6.426584720611572266e-02
6.425988674163818359e-02
6.427059322595596313e-02
6.429708003997802734e-02
6.428635120391845703e-02
6.424283236265182495e-02
6.415699422359466553e-02
6.411314755678176880e-02
6.409689038991928101e-02
6.408551335334777832e-02
6.407916545867919922e-02
6.408441066741943359e-02
6.412184238433837891e-02
6.413171440362930298e-02
6.414594501256942749e-02
6.414362043142318726e-02
6.412271410226821899e-02
6.414306163787841797e-02
6.417516618967056274e-02
6.419410556554794312e-02
6.419146060943603516e-02
6.417524069547653198e-02
6.420575827360153198e-02
6.424129754304885864e-02
6.427773833274841309e-02
6.428611278533935547e-02
6.425914913415908813e-02
6.423366069793701172e-02
6.423424184322357178e-02
6.436444073915481567e-02
6.453993916511535645e-02
6.461050361394882202e-02
6.453134864568710327e-02
6.439647823572158813e-02
6.421331316232681274e-02
6.424424052238464355e-02
6.437598913908004761e-02
6.443163007497787476e-02
6.435909122228622437e-02
6.425996869802474976e-02
6.423223763704299927e-02
6.437727808952331543e-02
6.454742699861526489e-02
6.457865238189697266e-02
6.447697430849075317e-02
6.433729082345962524e-02
6.424104422330856323e-02
6.424963474273681641e-02
6.425130367279052734e-02
6.424996256828308105e-02
6.424903124570846558e-02
6.424319744110107422e-02
6.423378735780715942e-02
6.422042101621627808e-02
6.421127170324325562e-02
6.419718265533447266e-02
6.419000029563903809e-02
6.418990343809127808e-02
6.418884545564651489e-02
6.416510790586471558e-02
6.413972377777099609e-02
6.412936002016067505e-02
6.419315189123153687e-02
6.424797326326370239e-02
6.422672420740127563e-02
6.413552165031433105e-02
6.405601650476455688e-02
6.407489627599716187e-02
6.411078572273254395e-02
6.410934031009674072e-02
6.407454609870910645e-02
6.401917338371276855e-02
6.396817415952682495e-02
6.392384320497512817e-02
6.391856074333190918e-02
6.395388394594192505e-02
6.387197971343994141e-02
6.381454318761825562e-02
6.378699094057083130e-02
6.377264857292175293e-02
6.376159936189651489e-02
6.375706195831298828e-02
6.371260434389114380e-02
6.367102265357971191e-02
6.364143639802932739e-02
6.361902505159378052e-02
6.363677978515625000e-02
6.369733065366744995e-02
6.371498852968215942e-02
6.371793895959854126e-02
6.363581866025924683e-02
6.356775760650634766e-02
6.350553035736083984e-02
6.348896771669387817e-02
6.349048763513565063e-02
6.349840760231018066e-02
6.352052837610244751e-02
6.352805346250534058e-02
6.350710988044738770e-02
6.351229548454284668e-02
6.357005238533020020e-02
6.358443945646286011e-02
6.355962902307510376e-02
6.350756436586380005e-02
6.347893923521041870e-02
6.346079707145690918e-02
6.343737244606018066e-02
6.344506889581680298e-02
6.346274167299270630e-02
6.346846371889114380e-02
6.346846371889114380e-02
6.347557902336120605e-02
6.350806355476379395e-02
6.353368610143661499e-02
6.359099596738815308e-02
6.357250362634658813e-02
6.354656815528869629e-02
6.351938843727111816e-02
6.356572359800338745e-02
6.356966495513916016e-02
6.354561448097229004e-02
6.350526958703994751e-02
6.351378560066223145e-02
6.356335431337356567e-02
6.366110593080520630e-02
6.372012943029403687e-02
6.372201442718505859e-02
6.374132633209228516e-02
6.359768658876419067e-02
6.352177262306213379e-02
6.349328160285949707e-02
6.352234631776809692e-02
6.357133388519287109e-02
6.356766074895858765e-02
6.348180025815963745e-02
6.342076510190963745e-02
6.338512152433395386e-02
6.345225125551223755e-02
6.353572010993957520e-02
6.352854520082473755e-02
6.351184844970703125e-02
6.347048282623291016e-02
6.338831782341003418e-02
6.335166096687316895e-02
6.335163861513137817e-02
6.335972994565963745e-02
6.337651610374450684e-02
6.338215619325637817e-02
6.337550282478332520e-02
6.338784098625183105e-02
6.339016556739807129e-02
6.339648365974426270e-02
6.340754032135009766e-02
6.341564655303955078e-02
6.344020366668701172e-02
6.346404552459716797e-02
6.347598880529403687e-02
6.349945813417434692e-02
6.348714977502822876e-02
6.344983726739883423e-02
6.344163417816162109e-02
6.343709677457809448e-02
6.344029307365417480e-02
6.347572803497314453e-02
6.348517537117004395e-02
6.346404552459716797e-02
6.344899535179138184e-02
6.346309930086135864e-02
6.350850313901901245e-02
6.350419670343399048e-02
6.351985782384872437e-02
6.352427601814270020e-02
6.345555931329727173e-02
6.340169161558151245e-02
6.337367743253707886e-02
6.338121742010116577e-02
6.336024403572082520e-02
6.331196427345275879e-02
6.330096721649169922e-02
6.331169605255126953e-02
6.333872675895690918e-02
6.334349513053894043e-02
6.332386285066604614e-02
6.327820569276809692e-02
6.323564797639846802e-02
6.319380551576614380e-02
6.317842006683349609e-02
6.317319720983505249e-02
6.317511200904846191e-02
6.317567080259323120e-02
6.317568570375442505e-02
6.317747384309768677e-02
6.317987293004989624e-02
6.318796426057815552e-02
6.318818777799606323e-02
6.319141387939453125e-02
6.319331377744674683e-02
6.318235397338867188e-02
6.315851956605911255e-02
6.315124779939651489e-02
6.316331028938293457e-02
6.316459178924560547e-02
6.315232068300247192e-02
6.315234303474426270e-02
6.317222118377685547e-02
6.318844109773635864e-02
6.321617960929870605e-02
6.322658807039260864e-02
6.323205679655075073e-02
6.323993206024169922e-02
6.320942193269729614e-02
6.317603588104248047e-02
6.313430517911911011e-02
6.309317797422409058e-02
6.309365481138229370e-02
6.311228871345520020e-02
6.316992640495300293e-02
6.321714073419570923e-02
6.316527724266052246e-02
6.311655789613723755e-02
6.319103389978408813e-02
6.333315372467041016e-02
6.341794133186340332e-02
6.340181827545166016e-02
6.331446766853332520e-02
6.324719637632369995e-02
6.317376345396041870e-02
6.323995441198348999e-02
6.340324878692626953e-02
6.336891651153564453e-02
6.321860104799270630e-02
6.311368197202682495e-02
6.306353211402893066e-02
6.309021264314651489e-02
6.312846392393112183e-02
6.312462687492370605e-02
6.310977786779403687e-02
6.304728984832763672e-02
6.297162175178527832e-02
6.300410628318786621e-02
6.305550783872604370e-02
6.307360529899597168e-02
6.304013729095458984e-02
6.299296021461486816e-02
6.294775754213333130e-02
6.290876120328903198e-02
6.290768831968307495e-02
6.290913373231887817e-02
6.292151659727096558e-02
6.292449682950973511e-02
6.290961056947708130e-02
6.288755685091018677e-02
6.285369396209716797e-02
6.282270699739456177e-02
6.281185895204544067e-02
6.279527395963668823e-02
6.279268860816955566e-02
6.286241859197616577e-02
6.293488293886184692e-02
6.296432018280029297e-02
6.298211216926574707e-02
6.298970431089401245e-02
6.301593035459518433e-02
6.305790692567825317e-02
6.309176236391067505e-02
6.305684894323348999e-02
6.301318854093551636e-02
6.292617321014404297e-02
6.290972232818603516e-02
6.291521340608596802e-02
6.295109540224075317e-02
6.299030035734176636e-02
6.303740292787551880e-02
6.308030337095260620e-02
6.310988217592239380e-02
6.308463215827941895e-02
6.305313855409622192e-02
6.300126761198043823e-02
6.293725222349166870e-02
6.286334991455078125e-02
6.284472346305847168e-02
6.284140795469284058e-02
6.283103674650192261e-02
6.282222270965576172e-02
6.283319741487503052e-02
6.283377856016159058e-02
6.284773349761962891e-02
6.286095827817916870e-02
6.287184357643127441e-02
6.285180896520614624e-02
6.283939629793167114e-02
6.279859691858291626e-02
6.276359409093856812e-02
6.278136372566223145e-02
6.281039118766784668e-02
6.282946467399597168e-02
6.281030178070068359e-02
6.283482909202575684e-02
6.285191327333450317e-02
6.286536902189254761e-02
6.287289410829544067e-02
6.288334727287292480e-02
6.288039684295654297e-02
6.287470459938049316e-02
6.286808848381042480e-02
6.286379694938659668e-02
6.286895275115966797e-02
6.293585896492004395e-02
6.297254562377929688e-02
6.294909119606018066e-02
6.294533610343933105e-02
6.292427331209182739e-02
6.288052350282669067e-02
6.286563724279403687e-02
6.284415721893310547e-02
6.282529234886169434e-02
6.281805783510208130e-02
6.281816214323043823e-02
6.282243877649307251e-02
6.282803416252136230e-02
6.284152716398239136e-02
6.283280253410339355e-02
6.280907988548278809e-02
6.280326098203659058e-02
6.290519237518310547e-02
6.298208981752395630e-02
6.291867047548294067e-02
6.287658959627151489e-02
6.287667155265808105e-02
6.291019171476364136e-02
6.293202191591262817e-02
6.291828304529190063e-02
6.289771199226379395e-02
6.288955360651016235e-02
6.287053227424621582e-02
6.285858899354934692e-02
6.284034252166748047e-02
6.282757967710494995e-02
6.284010410308837891e-02
6.285130977630615234e-02
6.282282620668411255e-02
6.277798861265182495e-02
6.275215744972229004e-02
6.272507458925247192e-02
6.271924823522567749e-02
6.272841244935989380e-02
6.275749951601028442e-02
6.274744868278503418e-02
6.268204003572463989e-02
6.262210011482238770e-02
6.262636929750442505e-02
6.266152858734130859e-02
6.270515173673629761e-02
6.273641437292098999e-02
6.274807453155517578e-02
6.273743510246276855e-02
6.272542476654052734e-02
6.274615973234176636e-02
6.276226788759231567e-02
6.273376941680908203e-02
6.268689036369323730e-02
6.267464160919189453e-02
6.265679001808166504e-02
6.261828541755676270e-02
6.259062886238098145e-02
6.257095932960510254e-02
6.256294250488281250e-02
6.256285309791564941e-02
6.257105618715286255e-02
6.258725374937057495e-02
6.260529160499572754e-02
6.260729581117630005e-02
6.260642409324645996e-02
6.261441856622695923e-02
6.263017654418945312e-02
6.263791769742965698e-02
6.259144097566604614e-02
6.255627423524856567e-02
6.256535649299621582e-02
6.260773539543151855e-02
6.265269964933395386e-02
6.265925616025924683e-02
6.263970583677291870e-02
6.259927898645401001e-02
6.255999207496643066e-02
6.257296353578567505e-02
6.260821223258972168e-02
6.264117360115051270e-02
6.263303011655807495e-02
6.259774416685104370e-02
6.260214000940322876e-02
6.262543797492980957e-02
6.264362484216690063e-02
6.264498084783554077e-02
6.266114115715026855e-02
6.268417090177536011e-02
6.270600110292434692e-02
6.274878978729248047e-02
6.275235861539840698e-02
6.268645077943801880e-02
6.262823939323425293e-02
6.261586397886276245e-02
6.261207908391952515e-02
6.259491294622421265e-02
6.258297711610794067e-02
6.257439404726028442e-02
6.253813952207565308e-02
6.250915676355361938e-02
6.249628588557243347e-02
6.246134638786315918e-02
6.240654364228248596e-02
6.235934048891067505e-02
6.234846636652946472e-02
6.235656514763832092e-02
6.235598772764205933e-02
6.232893094420433044e-02
6.228887662291526794e-02
6.226217374205589294e-02
6.223763898015022278e-02
6.222808733582496643e-02
6.219580769538879395e-02
6.220185756683349609e-02
6.220766901969909668e-02
6.221055239439010620e-02
6.222354993224143982e-02
6.222973018884658813e-02
6.223928555846214294e-02
6.224391236901283264e-02
6.225262209773063660e-02
6.225026026368141174e-02
6.223096698522567749e-02
6.223392859101295471e-02
6.226050481200218201e-02
6.228340044617652893e-02
6.230687722563743591e-02
6.231501698493957520e-02
6.231115013360977173e-02
6.229925528168678284e-02
6.232687830924987793e-02
6.238279491662979126e-02
6.246998906135559082e-02
6.246900185942649841e-02
6.242086738348007202e-02
6.244707480072975159e-02
6.244707852602005005e-02
6.246054545044898987e-02
6.244528666138648987e-02
6.240711733698844910e-02
6.235312670469284058e-02
6.229412183165550232e-02
6.224105507135391235e-02
6.229412555694580078e-02
6.240507960319519043e-02
6.248047947883605957e-02
6.247891858220100403e-02
6.238925084471702576e-02
6.226393580436706543e-02
6.221535801887512207e-02
6.223296374082565308e-02
6.227728724479675293e-02
6.230357289314270020e-02
6.226489692926406860e-02
6.222821027040481567e-02
6.223857030272483826e-02
6.232060864567756653e-02
6.243693456053733826e-02
6.252097338438034058e-02
6.249621510505676270e-02
6.242549046874046326e-02
6.234932690858840942e-02
6.231031194329261780e-02
6.232156231999397278e-02
6.231930851936340332e-02
6.232550740242004395e-02
6.232796236872673035e-02
6.234690546989440918e-02
6.234980374574661255e-02
6.233450770378112793e-02
6.230834126472473145e-02
6.232083216309547424e-02
6.245181336998939514e-02
6.257927417755126953e-02
6.271648406982421875e-02
6.277048587799072266e-02
6.268832087516784668e-02
6.258618831634521484e-02
6.247387081384658813e-02
6.242954358458518982e-02
6.244983151555061340e-02
6.248331442475318909e-02
6.251761317253112793e-02
6.255208700895309448e-02
6.257069110870361328e-02
6.255672127008438110e-02
6.252372264862060547e-02
6.248273327946662903e-02
6.242072582244873047e-02
6.239378079771995544e-02
6.237030774354934692e-02
6.236562877893447876e-02
6.235741823911666870e-02
6.232919171452522278e-02
6.229687482118606567e-02
6.226637586951255798e-02
6.226072832942008972e-02
6.228818371891975403e-02
6.229877099394798279e-02
6.225680559873580933e-02
6.218636035919189453e-02
6.213425844907760620e-02
6.212222203612327576e-02
6.209659948945045471e-02
6.201660260558128357e-02
6.193220987915992737e-02
6.187820807099342346e-02
6.182530522346496582e-02
6.179866567254066467e-02
6.177090853452682495e-02
6.175469607114791870e-02
6.173574551939964294e-02
6.172224879264831543e-02
6.171605736017227173e-02
6.171799078583717346e-02
6.173750758171081543e-02
6.171048060059547424e-02
6.164073571562767029e-02
6.162926927208900452e-02
6.161126866936683655e-02
6.162491068243980408e-02
6.168746948242187500e-02
6.176327913999557495e-02
6.177138537168502808e-02
6.179809197783470154e-02
6.182325258851051331e-02
6.185010075569152832e-02
6.178808957338333130e-02
6.174669787287712097e-02
6.175467371940612793e-02
6.178953498601913452e-02
6.182298809289932251e-02
6.184329837560653687e-02
6.186592206358909607e-02
6.190776452422142029e-02
6.190634518861770630e-02
6.191337108612060547e-02
6.191911175847053528e-02
6.195262074470520020e-02
6.205330044031143188e-02
6.207656115293502808e-02
6.202555447816848755e-02
6.196727603673934937e-02
6.196844205260276794e-02
6.198073178529739380e-02
6.198170781135559082e-02
6.199369579553604126e-02
6.205666437745094299e-02
6.216289848089218140e-02
6.219676136970520020e-02
6.219767779111862183e-02
6.216659769415855408e-02
6.211615353822708130e-02
6.209838017821311951e-02
6.212603673338890076e-02
6.211567297577857971e-02
6.207380443811416626e-02
6.201887503266334534e-02
6.197893247008323669e-02
6.196679547429084778e-02
6.194207072257995605e-02
6.193304434418678284e-02
6.190263852477073669e-02
6.185290217399597168e-02
6.182339787483215332e-02
6.177949160337448120e-02
6.177711859345436096e-02
6.181811913847923279e-02
6.185591220855712891e-02
6.187963485717773438e-02
6.186520680785179138e-02
6.188191846013069153e-02
6.192923337221145630e-02
6.192600354552268982e-02
6.185200065374374390e-02
6.179034337401390076e-02
6.177521497011184692e-02
6.178382039070129395e-02
6.180715188384056091e-02
6.183517351746559143e-02
6.184289604425430298e-02
6.184568628668785095e-02
6.184911355376243591e-02
6.189107522368431091e-02
6.198359280824661255e-02
6.211626902222633362e-02
6.218621134757995605e-02
6.222975626587867737e-02
6.216229870915412903e-02
6.206513196229934692e-02
6.201162561774253845e-02
6.193923205137252808e-02
6.191298365592956543e-02
6.189642101526260376e-02
6.190624088048934937e-02
6.190728396177291870e-02
6.189785525202751160e-02
6.187975779175758362e-02
6.185913830995559692e-02
6.183874607086181641e-02
6.181822344660758972e-02
6.179425120353698730e-02
6.181576848030090332e-02
6.186427548527717590e-02
6.190919131040573120e-02
6.187379732728004456e-02
6.180010363459587097e-02
6.172654777765274048e-02
6.170835718512535095e-02
6.169459223747253418e-02
6.171464547514915466e-02
6.170222535729408264e-02
6.167804822325706482e-02
6.165742501616477966e-02
6.159589439630508423e-02
6.155728548765182495e-02
6.155955418944358826e-02
6.157932803034782410e-02
6.158650293946266174e-02
6.158638745546340942e-02
6.156489998102188110e-02
6.151723489165306091e-02
6.147574633359909058e-02
6.143245846033096313e-02
6.144488230347633362e-02
6.149145960807800293e-02
6.149709224700927734e-02
6.151389703154563904e-02
6.150576472282409668e-02
6.148193031549453735e-02
6.141236424446105957e-02
6.137075275182723999e-02
6.133460998535156250e-02
6.130555272102355957e-02
6.127402186393737793e-02
6.126690655946731567e-02
6.124782189726829529e-02
6.119921803474426270e-02
6.120073795318603516e-02
6.119572743773460388e-02
6.117833033204078674e-02
6.118819490075111389e-02
6.117713451385498047e-02
6.119677424430847168e-02
6.124689429998397827e-02
6.130542606115341187e-02
6.136843934655189514e-02
6.145051121711730957e-02
6.151114031672477722e-02
6.151869893074035645e-02
6.146373599767684937e-02
6.139090657234191895e-02
6.138477474451065063e-02
6.139757484197616577e-02
6.141519546508789062e-02
6.144391000270843506e-02
6.147810816764831543e-02
6.149613484740257263e-02
6.151904910802841187e-02
6.154059618711471558e-02
6.159734353423118591e-02
6.167971715331077576e-02
6.171834096312522888e-02
6.173610314726829529e-02
6.160214170813560486e-02
6.152760982513427734e-02
6.151590496301651001e-02
6.151163578033447266e-02
6.150290742516517639e-02
6.148587167263031006e-02
6.147524714469909668e-02
6.152438744902610779e-02
6.161963567137718201e-02
6.166031956672668457e-02
6.162310391664505005e-02
6.160414591431617737e-02
6.162701174616813660e-02
6.164503097534179688e-02
6.166649237275123596e-02
6.168746203184127808e-02
6.170139834284782410e-02
6.171464174985885620e-02
6.174239888787269592e-02
6.175091862678527832e-02
6.172707676887512207e-02
6.171188503503799438e-02
6.172478571534156799e-02
6.171359866857528687e-02
6.169128045439720154e-02
6.168496981263160706e-02
6.167161092162132263e-02
6.165611743927001953e-02
6.165125221014022827e-02
6.165323033928871155e-02
6.164846569299697876e-02
6.162312626838684082e-02
6.161594763398170471e-02
6.161107867956161499e-02
6.160080805420875549e-02
6.159437075257301331e-02
6.157971173524856567e-02
6.157484278082847595e-02
6.157055124640464783e-02
6.155350804328918457e-02
6.152000278234481812e-02
6.150378659367561340e-02
6.151570379734039307e-02
6.153491139411926270e-02
6.153818964958190918e-02
6.154573336243629456e-02
6.152925640344619751e-02
6.152393668889999390e-02
6.153347715735435486e-02
6.156406179070472717e-02
6.158818677067756653e-02
6.160306558012962341e-02
6.160115450620651245e-02
6.159066408872604370e-02
6.158587709069252014e-02
6.159985437989234924e-02
6.160929426550865173e-02
6.161222979426383972e-02
6.161785870790481567e-02
6.160604953765869141e-02
6.160605326294898987e-02
6.161796674132347107e-02
6.162965670228004456e-02
6.163320317864418030e-02
6.163975596427917480e-02
6.163311004638671875e-02
6.164085492491722107e-02
6.166699528694152832e-02
6.172797828912734985e-02
6.174945458769798279e-02
6.171121075749397278e-02
6.167421862483024597e-02
6.168080121278762817e-02
6.168410927057266235e-02
6.167068704962730408e-02
6.167185306549072266e-02
6.166610494256019592e-02
6.166543439030647278e-02
6.165755167603492737e-02
6.160602718591690063e-02
6.156885996460914612e-02
6.157885119318962097e-02
6.156244128942489624e-02
6.150760501623153687e-02
6.147432699799537659e-02
6.146859750151634216e-02
6.144606694579124451e-02
6.144179403781890869e-02
6.141795217990875244e-02
6.135358661413192749e-02
6.129683554172515869e-02
6.128873676061630249e-02
6.130073219537734985e-02
6.130542606115341187e-02
6.131420657038688660e-02
6.129302829504013062e-02
6.126203387975692749e-02
6.123876571655273438e-02
6.122865155339241028e-02
6.123219057917594910e-02
6.124543398618698120e-02
6.125640124082565308e-02
6.125974282622337341e-02
6.131506338715553284e-02
6.138088926672935486e-02
6.138420477509498596e-02
6.135187298059463501e-02
6.132505089044570923e-02
6.132208928465843201e-02
6.134841591119766235e-02
6.133616343140602112e-02
6.130561977624893188e-02
6.132567301392555237e-02
6.138572841882705688e-02
6.139383465051651001e-02
6.138934567570686340e-02
6.143725290894508362e-02
6.153976544737815857e-02
6.169760599732398987e-02
6.189406290650367737e-02
6.193205714225769043e-02
6.183518841862678528e-02
6.172135472297668457e-02
6.157481297850608826e-02
6.151247397065162659e-02
6.152307987213134766e-02
6.153058633208274841e-02
6.153058260679244995e-02
6.152020394802093506e-02
6.151197105646133423e-02
6.150769442319869995e-02
6.152544170618057251e-02
6.154537573456764221e-02
6.157601252198219299e-02
6.154013425111770630e-02
6.147897243499755859e-02
6.142711266875267029e-02
