7.151473760604858398e-01
2.950944900512695312e-01
3.992360532283782959e-01
5.458405613899230957e-01
6.500498652458190918e-01
3.055825829505920410e-01
5.274713039398193359e-01
6.074283123016357422e-01
7.173438072204589844e-01
2.671295702457427979e-01
6.617886424064636230e-01
4.035612344741821289e-01
6.348261237144470215e-01
5.137063264846801758e-01
7.090426087379455566e-01
6.047425866127014160e-01
4.688336253166198730e-01
7.944042682647705078e-01
4.612628817558288574e-01
8.951722383499145508e-01
3.620278537273406982e-01
6.941254734992980957e-01
6.645606756210327148e-01
1.964168697595596313e-01
3.737007677555084229e-01
8.348069787025451660e-01
1.342477202415466309e-01
1.977145820856094360e-01
1.860737353563308716e-01
7.206990122795104980e-01
5.091866850852966309e-01
7.504734396934509277e-02
1.013612270355224609e+00
4.668068587779998779e-01
2.476935386657714844e-01
3.912213444709777832e-01
7.603007555007934570e-01
7.517846822738647461e-01
6.811149716377258301e-01
6.239856481552124023e-01
-1.125132068991661072e-01
5.202900171279907227e-01
3.156648278236389160e-01
1.006270885467529297e+00
7.428408861160278320e-01
7.674285769462585449e-01
8.343907594680786133e-01
9.352896213531494141e-01
-2.100463584065437317e-02
6.249366998672485352e-01
-1.139612644910812378e-01
5.950272083282470703e-01
6.953346729278564453e-01
-1.785454303026199341e-01
5.612776875495910645e-01
6.140489578247070312e-01
1.459726840257644653e-01
6.988203525543212891e-01
-3.651879131793975830e-01
-4.121583402156829834e-01
3.035303056240081787e-01
7.204289436340332031e-01
2.293484956026077271e-01
2.159106358885765076e-02
7.830322980880737305e-01
8.580977916717529297e-01
1.307840585708618164e+00
1.997620612382888794e-01
5.024129748344421387e-01
5.593371391296386719e-01
1.109026670455932617e+00
4.269897937774658203e-01
8.682062625885009766e-01
9.242309927940368652e-01
7.323364615440368652e-01
5.780113935470581055e-01
8.893514871597290039e-01
9.315762519836425781e-01
5.053244233131408691e-01
-7.371202856302261353e-02
3.164035975933074951e-01
4.441383183002471924e-01
9.937474727630615234e-01
7.845129370689392090e-01
-2.029985487461090088e-01
4.264647066593170166e-01
1.088269114494323730e+00
3.894130587577819824e-01
6.907412409782409668e-01
-3.251986205577850342e-01
8.306300640106201172e-01
7.140381336212158203e-01
1.757543236017227173e-01
1.095161199569702148e+00
3.220115005970001221e-01
9.292551279067993164e-01
7.953416109085083008e-01
1.249905154109001160e-01
6.607362031936645508e-01
6.858348846435546875e-01
5.096097588539123535e-01
6.444481015205383301e-01
3.650871813297271729e-01
1.981923282146453857e-01
4.781393110752105713e-01
4.380400180816650391e-01
8.682745695114135742e-02
4.082368612289428711e-01
6.058295965194702148e-01
5.373624563217163086e-01
3.320744931697845459e-01
9.362040460109710693e-02
2.572769299149513245e-02
3.878901898860931396e-01
4.958079382777214050e-02
8.836318254470825195e-01
1.055689930915832520e+00
8.267220258712768555e-01
6.357455849647521973e-01
6.639743447303771973e-01
8.576150536537170410e-01
6.651822328567504883e-01
2.309703826904296875e-01
6.834601163864135742e-01
5.668648481369018555e-01
6.123774647712707520e-01
6.333004236221313477e-01
5.446212291717529297e-01
4.980123341083526611e-01
7.683986425399780273e-01
2.668580412864685059e-01
4.754996895790100098e-01
5.937989950180053711e-01
8.089943528175354004e-01
3.327559232711791992e-01
6.072012782096862793e-01
2.178656905889511108e-01
9.142335653305053711e-01
-2.915640473365783691e-01
2.381690591573715210e-01
8.096495866775512695e-01
2.639442384243011475e-01
-9.331921488046646118e-02
5.344425439834594727e-01
9.036219120025634766e-01
2.874465882778167725e-01
5.805788636207580566e-01
6.082596182823181152e-01
9.684365987777709961e-01
5.989578962326049805e-01
7.456925511360168457e-01
6.140512228012084961e-01
1.001654639840126038e-01
5.209963321685791016e-01
2.434597536921501160e-02
5.930271744728088379e-01
5.041518211364746094e-01
1.036554098129272461e+00
5.043489933013916016e-01
-8.903618901968002319e-02
7.375822067260742188e-01
7.812266349792480469e-01
6.523150205612182617e-01
1.036915063858032227e+00
1.019359305500984192e-01
4.997455775737762451e-01
8.522963523864746094e-01
8.549139499664306641e-01
-3.654583096504211426e-01
1.142352968454360962e-01
-3.730712458491325378e-02
9.074608087539672852e-01
8.055896759033203125e-01
8.995022773742675781e-01
5.938218235969543457e-01
6.373900175094604492e-01
6.547685861587524414e-01
7.401856780052185059e-01
4.273726940155029297e-01
-1.108333095908164978e-02
9.514635801315307617e-02
6.440966129302978516e-01
7.421607971191406250e-01
4.836201369762420654e-01
5.805600285530090332e-01
8.399123549461364746e-01
9.419361948966979980e-01
7.818198204040527344e-01
1.530511677265167236e-01
2.895067334175109863e-01
7.493731379508972168e-01
3.321694135665893555e-01
1.113322973251342773e+00
5.696178078651428223e-01
3.564305007457733154e-01
5.380671024322509766e-01
5.407879352569580078e-01
3.919999599456787109e-01
-4.550093784928321838e-02
9.291336536407470703e-01
6.648203134536743164e-01
1.110593080520629883e+00
4.382259547710418701e-01
1.582635790109634399e-01
2.533669471740722656e-01
3.307858705520629883e-01
8.807317614555358887e-01
5.126881599426269531e-01
2.311629801988601685e-01
7.426190376281738281e-01
6.210556030273437500e-01
5.493075847625732422e-01
3.749417066574096680e-01
9.805808067321777344e-01
7.760398983955383301e-01
8.896157741546630859e-01
4.381508827209472656e-01
6.027441099286079407e-02
1.907242089509963989e-01
1.142874479293823242e+00
6.235299110412597656e-01
8.889769315719604492e-01
-5.305109918117523193e-02
1.247038006782531738e+00
6.926373243331909180e-01
7.012563943862915039e-01
7.685189843177795410e-01
6.765590310096740723e-01
7.675641179084777832e-01
7.899936437606811523e-01
3.087096214294433594e-01
4.674464762210845947e-01
4.982250332832336426e-01
5.426241159439086914e-01
7.725592255592346191e-01
5.268814563751220703e-01
9.891944527626037598e-01
4.757149815559387207e-01
4.249573051929473877e-01
3.658955395221710205e-01
3.199438750743865967e-01
1.150112867355346680e+00
9.251395463943481445e-01
4.707235991954803467e-01
4.032604992389678955e-01
6.162748336791992188e-01
6.498572230339050293e-01
6.490024328231811523e-01
3.010646104812622070e-01
1.509720087051391602e-01
1.065785050392150879e+00
6.293618679046630859e-01
3.810933530330657959e-01
3.715662062168121338e-01
-2.905762493610382080e-01
8.520576953887939453e-01
5.758396983146667480e-01
8.324531316757202148e-01
9.317107200622558594e-01
6.031311750411987305e-01
4.937195777893066406e-01
-8.515114337205886841e-02
6.127216815948486328e-01
1.472217679023742676e+00
6.848199367523193359e-01
3.697484433650970459e-01
5.208145976066589355e-01
3.095600903034210205e-01
6.397922635078430176e-01
1.222669109702110291e-01
7.206482887268066406e-01
8.697882294654846191e-01
5.721918940544128418e-01
6.147061586380004883e-01
5.614157319068908691e-01
2.593740522861480713e-01
1.986491531133651733e-01
8.643507957458496094e-01
9.718405604362487793e-01
5.233744382858276367e-01
4.335086941719055176e-01
-1.058866083621978760e-01
5.844284296035766602e-01
6.938117146492004395e-01
7.081831693649291992e-01
4.777037724852561951e-02
8.472855091094970703e-01
5.247978568077087402e-01
2.806033492088317871e-01
5.727120637893676758e-01
7.098059654235839844e-01
8.766393661499023438e-01
2.396957278251647949e-01
-1.020439192652702332e-01
-3.491067588329315186e-01
9.495716094970703125e-01
6.178221702575683594e-01
2.149143218994140625e-01
1.136671185493469238e+00
7.510858178138732910e-01
-1.011560633778572083e-01
1.503863483667373657e-01
3.972962796688079834e-01
4.876521825790405273e-01
9.746203422546386719e-01
7.968971133232116699e-01
3.108912706375122070e-01
6.818052381277084351e-02
4.183051288127899170e-01
8.751403540372848511e-02
-1.725236028432846069e-01
7.158535122871398926e-01
-1.839620620012283325e-02
7.337843775749206543e-01
5.601185560226440430e-01
7.540831565856933594e-01
1.373440861701965332e+00
7.319439053535461426e-01
2.695451080799102783e-01
1.521573513746261597e-01
4.510349929332733154e-01
4.540247619152069092e-01
6.287582516670227051e-01
8.302018642425537109e-01
4.427627325057983398e-01
7.036955356597900391e-01
5.975193977355957031e-01
7.546589374542236328e-01
3.183316588401794434e-01
3.382786735892295837e-02
4.508114159107208252e-01
3.846591413021087646e-01
1.004021286964416504e+00
8.293060064315795898e-01
7.701994180679321289e-01
4.344837069511413574e-01
4.700136184692382812e-01
5.966129899024963379e-01
3.303415477275848389e-01
5.737864971160888672e-01
3.142015635967254639e-01
7.807540297508239746e-01
9.255287051200866699e-01
4.410400390625000000e-01
3.985933065414428711e-01
4.294083416461944580e-01
1.097351431846618652e+00
8.431388139724731445e-01
2.903788089752197266e-01
5.113373398780822754e-01
5.402137637138366699e-01
6.759968996047973633e-01
4.596112966537475586e-01
2.313998341560363770e-01
7.812777757644653320e-01
7.908310890197753906e-01
3.856017887592315674e-01
4.671418368816375732e-01
6.639015674591064453e-01
6.460919976234436035e-01
-1.804195716977119446e-02
5.615366101264953613e-01
-1.958237588405609131e-01
3.817904591560363770e-01
7.632898688316345215e-01
4.982050657272338867e-01
7.753318548202514648e-01
7.922515869140625000e-01
1.287827640771865845e-01
5.503808856010437012e-01
-7.194654643535614014e-02
5.532404184341430664e-01
6.604231595993041992e-01
2.716456949710845947e-01
7.306339144706726074e-01
6.415542364120483398e-01
-1.386996358633041382e-01
5.981686711311340332e-01
9.237593412399291992e-01
4.199488162994384766e-01
9.148261547088623047e-01
4.234800636768341064e-01
-2.160639911890029907e-01
9.489552974700927734e-01
8.891443014144897461e-01
5.405929088592529297e-01
3.060331642627716064e-01
5.494637489318847656e-01
6.047573685646057129e-01
6.380006074905395508e-01
1.906448453664779663e-01
5.979964137077331543e-01
7.479268908500671387e-01
-9.540983289480209351e-02
6.818493008613586426e-01
2.216491848230361938e-01
4.144375920295715332e-01
8.426260352134704590e-01
8.663930892944335938e-01
4.738301336765289307e-01
7.924128174781799316e-01
6.830840110778808594e-01
9.031268954277038574e-01
7.520206570625305176e-01
3.415113091468811035e-01
5.205725431442260742e-01
7.699425220489501953e-01
5.771367549896240234e-01
1.359206885099411011e-01
6.103588342666625977e-01
7.329477071762084961e-01
4.259328842163085938e-01
-2.526146769523620605e-01
1.174937188625335693e-01
5.282199382781982422e-01
3.489144444465637207e-01
3.744359016418457031e-01
1.915780901908874512e-01
9.295811653137207031e-01
-2.373345047235488892e-01
5.501031875610351562e-01
1.158663406968116760e-01
7.304042577743530273e-01
3.534659370779991150e-02
7.001817822456359863e-01
5.819410681724548340e-01
-7.852185517549514771e-03
7.818456888198852539e-01
1.165859222412109375e+00
1.156727075576782227e+00
1.541222631931304932e-01
2.161593288183212280e-01
6.180300712585449219e-01
7.097398042678833008e-01
1.016213536262512207e+00
7.049380540847778320e-01
6.582841873168945312e-01
4.440925121307373047e-01
9.076817035675048828e-01
2.648487687110900879e-01
-3.070436418056488037e-01
5.895230174064636230e-01
4.857348799705505371e-01
7.790228724479675293e-01
4.320945441722869873e-01
5.147163271903991699e-01
7.322590351104736328e-01
5.161271691322326660e-01
1.086172342300415039e+00
2.314984947443008423e-01
6.338106393814086914e-01
7.796068191528320312e-01
9.313718080520629883e-01
6.628844141960144043e-01
7.601298093795776367e-01
3.960618972778320312e-01
4.955377876758575439e-01
3.483308553695678711e-01
8.255267143249511719e-01
6.863194108009338379e-01
-4.169672727584838867e-02
1.417393684387207031e-01
2.668050304055213928e-02
8.431088328361511230e-01
4.666883349418640137e-01
7.097928524017333984e-01
8.237829804420471191e-01
4.455530345439910889e-01
8.027934432029724121e-01
4.486768543720245361e-01
5.613253116607666016e-01
7.438265681266784668e-01
8.749018609523773193e-02
1.849593669176101685e-01
1.166346073150634766e+00
3.746030032634735107e-01
5.478661656379699707e-01
7.044875621795654297e-01
3.426609337329864502e-01
3.138678073883056641e-01
2.375095784664154053e-01
9.041200876235961914e-01
6.376678943634033203e-01
4.871121048927307129e-01
5.718715190887451172e-01
4.216791391372680664e-01
3.804275095462799072e-01
5.293379426002502441e-01
9.102503210306167603e-02
-3.731980621814727783e-01
6.586211323738098145e-01
3.298503160476684570e-01
5.489311218261718750e-01
-7.523217052221298218e-02
4.746516048908233643e-01
7.655147910118103027e-01
9.231117963790893555e-01
6.519570350646972656e-01
8.449246287345886230e-01
3.190319240093231201e-01
