3.077159423828125000e+02
8.458243608474731445e-01
1.469884514808654785e+00
1.326440930366516113e+00
1.053182244300842285e+00
8.037624359130859375e-01
6.292726993560791016e-01
5.239594578742980957e-01
4.548055529594421387e-01
4.102076292037963867e-01
3.849037587642669678e-01
3.735847473144531250e-01
3.687875866889953613e-01
3.674454987049102783e-01
3.691422939300537109e-01
3.721708953380584717e-01
3.746605515480041504e-01
3.757284879684448242e-01
3.757734596729278564e-01
3.747037351131439209e-01
3.706898987293243408e-01
3.621771335601806641e-01
3.512000739574432373e-01
3.382046520709991455e-01
3.242147862911224365e-01
3.087309598922729492e-01
2.933045327663421631e-01
2.780276536941528320e-01
2.626843750476837158e-01
2.482361048460006714e-01
2.350140810012817383e-01
2.227469682693481445e-01
2.108690738677978516e-01
1.989126354455947876e-01
1.873710900545120239e-01
1.770900487899780273e-01
1.684825420379638672e-01
1.604678332805633545e-01
1.534571349620819092e-01
1.474356353282928467e-01
1.420109421014785767e-01
1.374351680278778076e-01
1.329808682203292847e-01
1.282903105020523071e-01
1.235555857419967651e-01
1.188538670539855957e-01
1.143959537148475647e-01
1.100157946348190308e-01
1.062385737895965576e-01
1.029228791594505310e-01
1.001252233982086182e-01
9.782713651657104492e-02
9.582055360078811646e-02
9.389016032218933105e-02
9.207740426063537598e-02
9.025555849075317383e-02
8.847708255052566528e-02
8.675872534513473511e-02
8.509826660156250000e-02
8.351425081491470337e-02
8.209849148988723755e-02
8.084324747323989868e-02
7.962331920862197876e-02
7.843921333551406860e-02
7.719782739877700806e-02
7.592865079641342163e-02
7.453992962837219238e-02
7.315257191658020020e-02
7.174749672412872314e-02
7.045520097017288208e-02
6.910952180624008179e-02
6.782572716474533081e-02
6.665527820587158203e-02
6.554660201072692871e-02
6.444728374481201172e-02
6.340684741735458374e-02
6.234934180974960327e-02
6.132994964718818665e-02
6.034970656037330627e-02
5.944428220391273499e-02
5.848206952214241028e-02
5.746879056096076965e-02
5.653663724660873413e-02
5.565500631928443909e-02
5.484436452388763428e-02
5.409459024667739868e-02
5.335652455687522888e-02
5.266874283552169800e-02
5.200821906328201294e-02
5.135592818260192871e-02
5.070096999406814575e-02
5.003021284937858582e-02
4.931332543492317200e-02
4.862743988633155823e-02
4.793278127908706665e-02
4.725750535726547241e-02
4.656809940934181213e-02
4.588452726602554321e-02
4.522142559289932251e-02
4.456667974591255188e-02
4.387474060058593750e-02
4.316225275397300720e-02
4.243031144142150879e-02
4.172260314226150513e-02
4.098153859376907349e-02
4.024235531687736511e-02
3.954253345727920532e-02
3.888851776719093323e-02
3.825259581208229065e-02
3.763263300061225891e-02
3.705265000462532043e-02
3.647085651755332947e-02
3.595322370529174805e-02
3.549226000905036926e-02
3.505666553974151611e-02
3.466354310512542725e-02
3.428553044795989990e-02
3.392074257135391235e-02
3.354878351092338562e-02
3.318196907639503479e-02
3.284972533583641052e-02
3.248505294322967529e-02
3.211075067520141602e-02
3.177617490291595459e-02
3.141268342733383179e-02
3.104655072093009949e-02
3.070516511797904968e-02
3.032758459448814392e-02
2.996266260743141174e-02
2.958507090806961060e-02
2.921452373266220093e-02
2.881746552884578705e-02
2.843412570655345917e-02
2.808657288551330566e-02
2.773870155215263367e-02
2.737579494714736938e-02
2.701778337359428406e-02
2.668004296720027924e-02
2.637704089283943176e-02
2.607835270464420319e-02
2.581641264259815216e-02
2.557332068681716919e-02
2.532728575170040131e-02
2.507159486413002014e-02
2.482411637902259827e-02
2.457023598253726959e-02
2.429843880236148834e-02
2.398791909217834473e-02
2.367597445845603943e-02
2.330755069851875305e-02
2.292856201529502869e-02
2.254970930516719818e-02
2.211880311369895935e-02
2.173199132084846497e-02
2.138798497617244720e-02
2.106269635260105133e-02
2.076617442071437836e-02
2.049631811678409576e-02
2.023804374039173126e-02
1.999521628022193909e-02
1.973449811339378357e-02
1.946382597088813782e-02
1.920934952795505524e-02
1.895049773156642914e-02
1.869478262960910797e-02
1.843005791306495667e-02
1.819305680692195892e-02
1.799014024436473846e-02
1.782613806426525116e-02
1.768103428184986115e-02
1.751706004142761230e-02
1.731313765048980713e-02
1.709708198904991150e-02
1.689761132001876831e-02
1.670027524232864380e-02
1.651125773787498474e-02
1.634391024708747864e-02
1.618507690727710724e-02
1.605209149420261383e-02
1.592739671468734741e-02
1.581992581486701965e-02
1.573893614113330841e-02
1.564330793917179108e-02
1.554430369287729263e-02
1.543691474944353104e-02
1.533713284879922867e-02
1.524464227259159088e-02
1.516470871865749359e-02
1.507915835827589035e-02
1.499261055141687393e-02
1.491605862975120544e-02
1.485113520175218582e-02
1.480293646454811096e-02
1.475958526134490967e-02
1.472166087478399277e-02
1.469056773930788040e-02
1.466200593858957291e-02
1.463390141725540161e-02
1.460422202944755554e-02
1.457811053842306137e-02
