2.859350299835205078e+01
2.669437789916992188e+01
2.464966011047363281e+01
2.253053855895996094e+01
2.038426399230957031e+01
1.829972267150878906e+01
1.641281604766845703e+01
1.478883266448974609e+01
1.335502243041992188e+01
1.206221628189086914e+01
1.093091917037963867e+01
1.034618377685546875e+01
1.072615623474121094e+01
1.075086307525634766e+01
1.047186470031738281e+01
9.984176635742187500e+00
9.370765686035156250e+00
8.667690753936767578e+00
7.958251476287841797e+00
7.320068359375000000e+00
7.026992082595825195e+00
7.314543247222900391e+00
7.463134527206420898e+00
7.379759073257446289e+00
7.078187704086303711e+00
6.600679636001586914e+00
6.009842634201049805e+00
5.626908540725708008e+00
5.493527650833129883e+00
5.340024232864379883e+00
5.119280338287353516e+00
4.820969581604003906e+00
4.502515792846679688e+00
4.431358337402343750e+00
4.434925079345703125e+00
4.349915742874145508e+00
4.183744430541992188e+00
3.967290878295898438e+00
3.860105514526367188e+00
3.868188858032226562e+00
3.798484444618225098e+00
3.658014178276062012e+00
3.591829299926757812e+00
3.614766120910644531e+00
3.576173901557922363e+00
3.502323865890502930e+00
3.496269941329956055e+00
3.468324065208435059e+00
3.399300694465637207e+00
3.369600653648376465e+00
3.338721752166748047e+00
3.234065055847167969e+00
3.171751022338867188e+00
3.142675399780273438e+00
3.074900507926940918e+00
3.033861756324768066e+00
3.018412590026855469e+00
2.953519225120544434e+00
2.921559691429138184e+00
2.887922286987304688e+00
2.831936717033386230e+00
2.806664466857910156e+00
2.765391588211059570e+00
2.741096973419189453e+00
2.701291918754577637e+00
2.659801125526428223e+00
2.620349407196044922e+00
2.579082012176513672e+00
2.540576100349426270e+00
2.537539839744567871e+00
2.511563539505004883e+00
2.457471251487731934e+00
2.440203547477722168e+00
2.404751181602478027e+00
2.378231763839721680e+00
2.366170644760131836e+00
2.326250195503234863e+00
2.328066587448120117e+00
2.316933155059814453e+00
2.244439721107482910e+00
2.253797531127929688e+00
2.261674165725708008e+00
2.206436753273010254e+00
2.170341968536376953e+00
2.194365978240966797e+00
2.153865098953247070e+00
2.133056879043579102e+00
2.129408717155456543e+00
2.103577375411987305e+00
2.107455134391784668e+00
2.083816289901733398e+00
2.092318654060363770e+00
2.081218719482421875e+00
2.045485854148864746e+00
2.044834613800048828e+00
2.020063817501068115e+00
2.028929769992828369e+00
2.017843782901763916e+00
1.990966677665710449e+00
1.988224208354949951e+00
1.958294749259948730e+00
1.940155148506164551e+00
1.919604599475860596e+00
1.903949797153472900e+00
1.890583634376525879e+00
1.880611836910247803e+00
1.860820949077606201e+00
1.859988331794738770e+00
1.845136761665344238e+00
1.837040126323699951e+00
1.826994895935058594e+00
1.814121246337890625e+00
1.801544189453125000e+00
1.798477113246917725e+00
1.783836424350738525e+00
1.763778805732727051e+00
1.750988483428955078e+00
1.747900903224945068e+00
1.735432386398315430e+00
1.729919433593750000e+00
1.722606837749481201e+00
1.708760321140289307e+00
1.700011968612670898e+00
1.696536540985107422e+00
1.689173758029937744e+00
1.677999258041381836e+00
1.666965126991271973e+00
1.673276960849761963e+00
1.667960524559020996e+00
1.648574829101562500e+00
1.644093513488769531e+00
1.635716140270233154e+00
1.621565818786621094e+00
1.639450073242187500e+00
1.628604948520660400e+00
1.609595954418182373e+00
1.604671776294708252e+00
1.595105528831481934e+00
1.600803017616271973e+00
1.596317112445831299e+00
1.578344702720642090e+00
1.559310913085937500e+00
1.553885221481323242e+00
1.548665225505828857e+00
1.538346588611602783e+00
1.538433730602264404e+00
1.530132055282592773e+00
1.538508117198944092e+00
1.544464051723480225e+00
1.529332578182220459e+00
1.517775177955627441e+00
1.502716779708862305e+00
1.488916516304016113e+00
1.498148441314697266e+00
1.496374309062957764e+00
1.473081469535827637e+00
1.467763662338256836e+00
1.455399870872497559e+00
1.463470697402954102e+00
1.451814174652099609e+00
1.462392628192901611e+00
1.460952460765838623e+00
1.427220880985260010e+00
1.481321990489959717e+00
1.509288012981414795e+00
1.466110646724700928e+00
1.427069127559661865e+00
1.444488525390625000e+00
1.417153835296630859e+00
1.420058250427246094e+00
1.425134420394897461e+00
1.394576728343963623e+00
1.444574654102325439e+00
1.487719595432281494e+00
1.432205379009246826e+00
1.380530416965484619e+00
1.398407697677612305e+00
1.383522868156433105e+00
1.380996644496917725e+00
1.391076803207397461e+00
1.371842861175537109e+00
1.377099812030792236e+00
1.361996352672576904e+00
1.356466174125671387e+00
1.357715010643005371e+00
1.345287024974822998e+00
1.339359521865844727e+00
1.344930708408355713e+00
1.334074676036834717e+00
1.348439931869506836e+00
1.355155408382415771e+00
1.333678841590881348e+00
1.348728954792022705e+00
1.332825005054473877e+00
1.305966198444366455e+00
1.300306439399719238e+00
1.301092207431793213e+00
1.294010877609252930e+00
1.301642954349517822e+00
1.296201765537261963e+00
1.275810599327087402e+00
1.273586213588714600e+00
1.275633931159973145e+00
1.264461636543273926e+00
1.259425461292266846e+00
1.272654771804809570e+00
1.267050564289093018e+00
1.256306707859039307e+00
1.253519356250762939e+00
1.253891706466674805e+00
1.272826731204986572e+00
1.253159761428833008e+00
1.237779319286346436e+00
1.230200111865997314e+00
1.220522880554199219e+00
1.215627133846282959e+00
1.215863764286041260e+00
1.211282908916473389e+00
1.223899781703948975e+00
1.224796116352081299e+00
1.207583725452423096e+00
1.207366049289703369e+00
1.196146011352539062e+00
1.192888081073760986e+00
1.186393857002258301e+00
1.176189541816711426e+00
1.176903426647186279e+00
1.177522063255310059e+00
1.178536355495452881e+00
1.171157717704772949e+00
1.163259267807006836e+00
1.148147881031036377e+00
1.159525752067565918e+00
1.168358862400054932e+00
1.180382728576660156e+00
1.159833788871765137e+00
1.154476284980773926e+00
1.151396155357360840e+00
1.133442223072052002e+00
1.120802581310272217e+00
1.144860208034515381e+00
1.140609443187713623e+00
1.124542534351348877e+00
1.122722268104553223e+00
1.103706836700439453e+00
1.103059351444244385e+00
1.113801777362823486e+00
1.119461596012115479e+00
1.123732209205627441e+00
1.110267162322998047e+00
1.112904667854309082e+00
1.106502175331115723e+00
1.082878053188323975e+00
1.087236166000366211e+00
1.086051285266876221e+00
1.079909920692443848e+00
1.071766078472137451e+00
1.074090957641601562e+00
1.075447797775268555e+00
1.073111832141876221e+00
1.071730196475982666e+00
1.069864690303802490e+00
1.084909737110137939e+00
1.077087640762329102e+00
1.075159370899200439e+00
1.067552089691162109e+00
1.052595019340515137e+00
1.047684788703918457e+00
1.054046332836151123e+00
1.051939964294433594e+00
1.049887359142303467e+00
1.041728913784027100e+00
1.028807163238525391e+00
1.023681759834289551e+00
1.046205401420593262e+00
1.044728696346282959e+00
1.019079208374023438e+00
1.017937779426574707e+00
1.027999877929687500e+00
1.022062778472900391e+00
1.022770285606384277e+00
1.023377418518066406e+00
1.006844818592071533e+00
1.005516529083251953e+00
9.985584616661071777e-01
9.950545430183410645e-01
9.940761029720306396e-01
9.911195039749145508e-01
9.994185864925384521e-01
9.958588480949401855e-01
9.980832934379577637e-01
9.985446333885192871e-01
9.937728047370910645e-01
9.881499111652374268e-01
9.843200743198394775e-01
9.753707051277160645e-01
9.942799210548400879e-01
9.984803199768066406e-01
9.728237390518188477e-01
1.017976582050323486e+00
1.038797140121459961e+00
9.966665208339691162e-01
9.678343534469604492e-01
9.864369332790374756e-01
9.691543579101562500e-01
9.873520135879516602e-01
9.999199509620666504e-01
9.706307053565979004e-01
9.910058975219726562e-01
1.019776940345764160e+00
9.761774241924285889e-01
9.641477167606353760e-01
9.769629538059234619e-01
9.576109945774078369e-01
9.844380021095275879e-01
1.008812367916107178e+00
9.652613401412963867e-01
9.624557495117187500e-01
9.783630669116973877e-01
9.538171291351318359e-01
9.774399399757385254e-01
1.008407235145568848e+00
9.688456952571868896e-01
9.601135253906250000e-01
9.729903340339660645e-01
9.522531032562255859e-01
9.707529246807098389e-01
9.932101964950561523e-01
9.545420408248901367e-01
9.554483890533447266e-01
9.728241562843322754e-01
9.457533955574035645e-01
9.587915539741516113e-01
9.844894707202911377e-01
9.468230307102203369e-01
9.445546269416809082e-01
9.599063992500305176e-01
9.383320212364196777e-01
9.653067588806152344e-01
9.981760680675506592e-01
9.563907682895660400e-01
9.410227239131927490e-01
9.509521424770355225e-01
9.312744438648223877e-01
9.578077793121337891e-01
9.838089942932128906e-01
9.424454569816589355e-01
9.372639656066894531e-01
9.524375796318054199e-01
9.300515353679656982e-01
9.475038349628448486e-01
9.720930457115173340e-01
9.341583549976348877e-01
9.350569546222686768e-01
9.522019326686859131e-01
9.286595880985260010e-01
9.401470124721527100e-01
9.622632563114166260e-01
9.272511303424835205e-01
9.297347664833068848e-01
9.455149769783020020e-01
9.195845723152160645e-01
9.352871179580688477e-01
9.637334346771240234e-01
9.288176596164703369e-01
9.219168424606323242e-01
9.332520663738250732e-01
9.129139184951782227e-01
9.384416639804840088e-01
9.645458459854125977e-01
9.256968796253204346e-01
9.214233160018920898e-01
9.359735846519470215e-01
9.146215915679931641e-01
9.280090630054473877e-01
9.462572634220123291e-01
9.170053601264953613e-01
9.287355542182922363e-01
9.469399154186248779e-01
9.173435568809509277e-01
9.111500978469848633e-01
9.299474358558654785e-01
9.037562906742095947e-01
9.183655679225921631e-01
9.337556660175323486e-01
9.079778194427490234e-01
9.235911369323730469e-01
9.530892968177795410e-01
9.178940951824188232e-01
9.076923131942749023e-01
9.182836115360260010e-01
8.985596895217895508e-01
9.289841651916503906e-01
9.593042731285095215e-01
9.189704358577728271e-01
9.038237333297729492e-01
9.152677059173583984e-01
8.976589143276214600e-01
9.294721782207489014e-01
9.596947729587554932e-01
9.177302420139312744e-01
8.977218270301818848e-01
9.064390957355499268e-01
8.891414999961853027e-01
9.216959178447723389e-01
9.488244354724884033e-01
9.065027236938476562e-01
8.910515904426574707e-01
9.041044414043426514e-01
8.868369460105895996e-01
9.159705042839050293e-01
9.431020915508270264e-01
9.043878912925720215e-01
8.912882208824157715e-01
9.019618928432464600e-01
8.823922276496887207e-01
9.085065424442291260e-01
9.376767873764038086e-01
8.986337184906005859e-01
8.860866725444793701e-01
8.978174626827239990e-01
8.790090978145599365e-01
9.102135598659515381e-01
9.390451014041900635e-01
8.962113559246063232e-01
8.773198723793029785e-01
8.875123858451843262e-01
8.716138899326324463e-01
9.068064689636230469e-01
9.366678297519683838e-01
8.943629562854766846e-01
8.748054206371307373e-01
8.849919736385345459e-01
8.680674433708190918e-01
8.957464396953582764e-01
9.201043248176574707e-01
8.800316452980041504e-01
8.721107244491577148e-01
8.859716057777404785e-01
8.685827851295471191e-01
8.944173753261566162e-01
9.226151108741760254e-01
8.846606612205505371e-01
8.684926033020019531e-01
8.776093721389770508e-01
8.604260981082916260e-01
8.963852226734161377e-01
9.265593588352203369e-01
8.850936889648437500e-01
8.648532330989837646e-01
8.754376173019409180e-01
8.611183464527130127e-01
8.941268324851989746e-01
9.190978407859802246e-01
8.749940991401672363e-01
8.605211377143859863e-01
8.739312291145324707e-01
8.554754853248596191e-01
8.823237419128417969e-01
9.100261628627777100e-01
8.734357953071594238e-01
8.636550605297088623e-01
8.743135333061218262e-01
8.560186028480529785e-01
8.797836601734161377e-01
9.066048562526702881e-01
8.681423962116241455e-01
8.561689853668212891e-01
8.680931329727172852e-01
8.516404628753662109e-01
8.816894292831420898e-01
9.108428359031677246e-01
8.700996041297912598e-01
8.518147170543670654e-01
8.617883026599884033e-01
8.463555574417114258e-01
8.826577067375183105e-01
9.126331806182861328e-01
8.723449110984802246e-01
8.541842997074127197e-01
8.641144633293151855e-01
8.478895127773284912e-01
8.709026277065277100e-01
8.936466276645660400e-01
8.550456166267395020e-01
8.514632880687713623e-01
8.668285012245178223e-01
8.461461961269378662e-01
8.667476773262023926e-01
8.921223282814025879e-01
8.549880385398864746e-01
8.466411232948303223e-01
8.591482043266296387e-01
8.426446616649627686e-01
8.678813874721527100e-01
8.933560252189636230e-01
8.542158305644989014e-01
8.434754610061645508e-01
8.554381728172302246e-01
8.363103270530700684e-01
8.626638054847717285e-01
8.895721137523651123e-01
8.505577147006988525e-01
8.368388116359710693e-01
8.486079573631286621e-01
8.319952785968780518e-01
8.638049960136413574e-01
8.922208249568939209e-01
8.517186641693115234e-01
8.325572609901428223e-01
8.435840010643005371e-01
8.277412354946136475e-01
8.568801879882812500e-01
8.785688281059265137e-01
8.409029245376586914e-01
8.410491049289703369e-01
8.580322265625000000e-01
8.354910910129547119e-01
8.445819020271301270e-01
8.640365004539489746e-01
8.333798050880432129e-01
8.384986519813537598e-01
8.563586771488189697e-01
8.336018621921539307e-01
8.416013121604919434e-01
8.616648018360137939e-01
8.311575055122375488e-01
8.361304402351379395e-01
8.514351248741149902e-01
8.283613920211791992e-01
8.362175226211547852e-01
8.565645813941955566e-01
8.266493380069732666e-01
8.300426900386810303e-01
8.459302783012390137e-01
8.222140371799468994e-01
8.316251039505004883e-01
8.555321693420410156e-01
8.239899873733520508e-01
8.247695267200469971e-01
8.379951715469360352e-01
8.217830061912536621e-01
8.538660705089569092e-01
8.846164941787719727e-01
8.485636115074157715e-01
8.212426602840423584e-01
8.244605958461761475e-01
8.117660880088806152e-01
8.513438403606414795e-01
8.777797818183898926e-01
8.356932699680328369e-01
8.156792521476745605e-01
8.261300325393676758e-01
8.143844306468963623e-01
8.431319594383239746e-01
8.632483780384063721e-01
8.247135281562805176e-01
8.178081512451171875e-01
8.331111073493957520e-01
8.117523491382598877e-01
8.197301626205444336e-01
8.395997285842895508e-01
8.089851140975952148e-01
8.164729773998260498e-01
8.323844373226165771e-01
8.128529489040374756e-01
8.272985816001892090e-01
8.487940132617950439e-01
8.145886361598968506e-01
8.082905113697052002e-01
8.225729167461395264e-01
8.029021620750427246e-01
8.235816061496734619e-01
8.491112291812896729e-01
8.156640231609344482e-01
8.100610375404357910e-01
8.251947164535522461e-01
8.127217888832092285e-01
8.272647261619567871e-01
8.406295180320739746e-01
8.040559589862823486e-01
8.105345070362091064e-01
8.295994699001312256e-01
8.074645996093750000e-01
8.104451894760131836e-01
8.281714022159576416e-01
8.037204742431640625e-01
8.157215118408203125e-01
8.313903808593750000e-01
8.080233633518218994e-01
8.111092448234558105e-01
8.302002847194671631e-01
8.012203574180603027e-01
8.054122030735015869e-01
8.188499808311462402e-01
7.943518161773681641e-01
8.077048957347869873e-01
8.324074745178222656e-01
8.022482395172119141e-01
8.006063103675842285e-01
8.138305246829986572e-01
7.959733307361602783e-01
8.115380406379699707e-01
8.310641348361968994e-01
7.960075438022613525e-01
7.942144572734832764e-01
8.094711303710937500e-01
7.881770431995391846e-01
8.068874776363372803e-01
8.331434130668640137e-01
7.991245090961456299e-01
7.908561229705810547e-01
8.013992905616760254e-01
7.839839756488800049e-01
8.138445615768432617e-01
8.417892158031463623e-01
8.042965531349182129e-01
7.861233055591583252e-01
7.959998846054077148e-01
7.803096771240234375e-01
8.107739388942718506e-01
8.363394737243652344e-01
8.010827898979187012e-01
7.941971421241760254e-01
8.077870011329650879e-01
7.884362637996673584e-01
8.033171892166137695e-01
8.231347501277923584e-01
7.871933579444885254e-01
7.851945757865905762e-01
8.006608784198760986e-01
7.806929051876068115e-01
7.943195402622222900e-01
8.161467909812927246e-01
7.847522199153900146e-01
7.871531546115875244e-01
8.039129972457885742e-01
7.851807475090026855e-01
7.946243882179260254e-01
8.120918869972229004e-01
7.802880704402923584e-01
7.849960029125213623e-01
7.992629110813140869e-01
7.784621417522430420e-01
7.946839630603790283e-01
8.193771839141845703e-01
7.861634790897369385e-01
7.776194810867309570e-01
7.882695794105529785e-01
7.716821134090423584e-01
7.985940277576446533e-01
8.265476524829864502e-01
7.887634932994842529e-01
7.718949317932128906e-01
7.818098068237304688e-01
7.688670456409454346e-01
7.980730533599853516e-01
8.199466764926910400e-01
7.833818793296813965e-01
7.782384753227233887e-01
7.907562851905822754e-01
7.691422402858734131e-01
7.805781960487365723e-01
8.016492724418640137e-01
7.754548490047454834e-01
7.776055634021759033e-01
7.859806418418884277e-01
7.643401026725769043e-01
7.888716757297515869e-01
8.212886452674865723e-01
7.897852957248687744e-01
7.727234363555908203e-01
7.785599231719970703e-01
7.620773315429687500e-01
7.936304211616516113e-01
8.204516768455505371e-01
7.888408005237579346e-01
7.845328748226165771e-01
7.959489822387695312e-01
7.710114419460296631e-01
7.746499478816986084e-01
7.918065786361694336e-01
7.656169533729553223e-01
7.754924297332763672e-01
7.887721657752990723e-01
7.693993747234344482e-01
7.879213690757751465e-01
8.117921650409698486e-01
7.825160920619964600e-01
7.606147527694702148e-01
7.634839117527008057e-01
7.524501383304595947e-01
7.817073166370391846e-01
7.876334488391876221e-01
7.585963308811187744e-01
7.848001718521118164e-01
8.087798058986663818e-01
7.863945066928863525e-01
7.660537958145141602e-01
7.931366860866546631e-01
7.973276376724243164e-01
7.588490247726440430e-01
7.834067046642303467e-01
8.174872696399688721e-01
7.918449342250823975e-01
7.581609189510345459e-01
7.708919048309326172e-01
7.653198242187500000e-01
7.599962949752807617e-01
7.674030661582946777e-01
7.626571953296661377e-01
7.502852976322174072e-01
7.626526951789855957e-01
7.692489027976989746e-01
7.715528309345245361e-01
7.909449040889739990e-01
7.751283347606658936e-01
7.519678473472595215e-01
7.574483752250671387e-01
7.594222426414489746e-01
7.470348179340362549e-01
7.447585463523864746e-01
7.512836754322052002e-01
7.480264306068420410e-01
7.449875473976135254e-01
7.457274496555328369e-01
7.555384635925292969e-01
7.532421052455902100e-01
7.510122656822204590e-01
7.489264011383056641e-01
7.422606348991394043e-01
7.377407252788543701e-01
7.501251697540283203e-01
7.500000000000000000e-01
7.338085770606994629e-01
7.330494821071624756e-01
7.424471080303192139e-01
7.370756566524505615e-01
7.382487654685974121e-01
7.383497953414916992e-01
7.322697639465332031e-01
7.313024103641510010e-01
7.332458496093750000e-01
7.324454486370086670e-01
7.472838759422302246e-01
7.487893998622894287e-01
7.290042340755462646e-01
7.268156409263610840e-01
7.464472949504852295e-01
7.409361004829406738e-01
7.256453335285186768e-01
7.294920980930328369e-01
7.361743450164794922e-01
7.301154732704162598e-01
7.289150655269622803e-01
7.264534831047058105e-01
7.219930589199066162e-01
7.213144898414611816e-01
7.232787907123565674e-01
7.257080078125000000e-01
7.201171815395355225e-01
7.147015035152435303e-01
7.160562872886657715e-01
7.234134078025817871e-01
7.194943130016326904e-01
7.178846299648284912e-01
7.151796817779541016e-01
7.304645180702209473e-01
7.320306003093719482e-01
7.176235914230346680e-01
7.275541722774505615e-01
7.210249006748199463e-01
7.228727638721466064e-01
7.259859442710876465e-01
7.160310745239257812e-01
7.089765965938568115e-01
7.092157006263732910e-01
7.052556872367858887e-01
7.035374939441680908e-01
7.137601673603057861e-01
7.135843634605407715e-01
7.190687060356140137e-01
7.212746739387512207e-01
7.063444554805755615e-01
7.187786102294921875e-01
7.243745028972625732e-01
7.373584806919097900e-01
7.433626353740692139e-01
7.235133349895477295e-01
7.027509808540344238e-01
7.049080133438110352e-01
7.061456441879272461e-01
7.109580039978027344e-01
7.116397619247436523e-01
7.316946089267730713e-01
7.326535880565643311e-01
7.062830328941345215e-01
7.087223529815673828e-01
7.062782347202301025e-01
6.995537281036376953e-01
7.566046416759490967e-01
7.853928506374359131e-01
7.475335597991943359e-01
7.251640260219573975e-01
7.257455587387084961e-01
7.005629539489746094e-01
6.987753808498382568e-01
7.091544568538665771e-01
6.912973225116729736e-01
7.056454420089721680e-01
7.131603360176086426e-01
6.961393356323242188e-01
7.268479168415069580e-01
7.568588256835937500e-01
7.199250757694244385e-01
6.881989240646362305e-01
7.143000066280364990e-01
7.213436067104339600e-01
7.065405249595642090e-01
7.475553750991821289e-01
7.711696028709411621e-01
7.287444770336151123e-01
6.974463164806365967e-01
7.038581967353820801e-01
6.909734606742858887e-01
7.088114917278289795e-01
7.209114730358123779e-01
6.906385123729705811e-01
7.037944495677947998e-01
7.232533991336822510e-01
6.994853615760803223e-01
6.945878267288208008e-01
7.076205909252166748e-01
6.884724795818328857e-01
6.990122497081756592e-01
7.098251879215240479e-01
6.905577480792999268e-01
7.128368020057678223e-01
7.419771254062652588e-01
7.101386785507202148e-01
6.860352456569671631e-01
6.912717223167419434e-01
6.801549792289733887e-01
7.085317671298980713e-01
7.200348079204559326e-01
6.934764683246612549e-01
7.076625525951385498e-01
7.311401665210723877e-01
7.119412422180175781e-01
6.930128335952758789e-01
7.112293541431427002e-01
7.068887948989868164e-01
6.908542513847351074e-01
7.193703651428222656e-01
7.251025438308715820e-01
6.873355209827423096e-01
6.895365118980407715e-01
7.165891528129577637e-01
6.963329017162322998e-01
6.886109709739685059e-01
6.966829299926757812e-01
6.814872026443481445e-01
7.059408128261566162e-01
7.256210148334503174e-01
6.914296448230743408e-01
6.809544861316680908e-01
6.901442408561706543e-01
6.725418567657470703e-01
6.996784806251525879e-01
7.270512282848358154e-01
6.997194290161132812e-01
6.825298666954040527e-01
6.866432130336761475e-01
6.721045970916748047e-01
6.920422613620758057e-01
7.093741893768310547e-01
6.796233355998992920e-01
6.851773262023925781e-01
7.007678747177124023e-01
6.800541281700134277e-01
6.829856336116790771e-01
6.955671310424804688e-01
6.725926995277404785e-01
6.819359064102172852e-01
6.980051398277282715e-01
6.757025718688964844e-01
6.832586228847503662e-01
7.025170624256134033e-01
6.758529543876647949e-01
6.768290102481842041e-01
6.916329860687255859e-01
6.794892847537994385e-01
6.885832548141479492e-01
6.959000527858734131e-01
6.692870855331420898e-01
6.851526200771331787e-01
7.014825046062469482e-01
6.758650541305541992e-01
6.753361821174621582e-01
6.923916935920715332e-01
6.716660559177398682e-01
6.743109226226806641e-01
6.847964823246002197e-01
6.713429689407348633e-01
7.007042467594146729e-01
7.293584048748016357e-01
6.950655281543731689e-01
6.694158017635345459e-01
6.746056079864501953e-01
6.636627912521362305e-01
6.868575513362884521e-01
6.956273317337036133e-01
6.758292019367218018e-01
6.902464926242828369e-01
7.012563049793243408e-01
6.766479015350341797e-01
6.812472343444824219e-01
6.996377706527709961e-01
6.749500036239624023e-01
6.696693897247314453e-01
6.799977123737335205e-01
6.633152365684509277e-01
6.863582432270050049e-01
7.070007324218750000e-01
6.773150265216827393e-01
6.707798242568969727e-01
6.828002631664276123e-01
6.671548187732696533e-01
6.812252998352050781e-01
6.981479823589324951e-01
6.687744259834289551e-01
6.673708856105804443e-01
6.815620958805084229e-01
6.628579199314117432e-01
6.767908334732055664e-01
6.968888938426971436e-01
6.694686710834503174e-01
6.669841408729553223e-01
6.793143749237060547e-01
6.634469628334045410e-01
6.809757947921752930e-01
7.007064223289489746e-01
6.714443266391754150e-01
6.632105112075805664e-01
6.737895905971527100e-01
6.584290564060211182e-01
6.787584125995635986e-01
6.992083191871643066e-01
6.687932312488555908e-01
6.612432897090911865e-01
6.736734211444854736e-01
6.579582095146179199e-01
6.783149242401123047e-01
7.000603079795837402e-01
6.719102859497070312e-01
6.651881039142608643e-01
6.766487956047058105e-01
6.597193181514739990e-01
6.757941842079162598e-01
6.951005458831787109e-01
6.659316122531890869e-01
6.600062847137451172e-01
6.713310182094573975e-01
6.564842462539672852e-01
6.777294576168060303e-01
6.999742090702056885e-01
6.693754792213439941e-01
6.568242907524108887e-01
6.660741269588470459e-01
6.520475447177886963e-01
6.765381991863250732e-01
6.985147893428802490e-01
6.661323606967926025e-01
6.545687615871429443e-01
6.655121147632598877e-01
6.503097116947174072e-01
6.737318336963653564e-01
6.963558197021484375e-01
6.649276018142700195e-01
6.530327796936035156e-01
6.642539799213409424e-01
6.517919898033142090e-01
6.782810688018798828e-01
7.014843225479125977e-01
6.701099574565887451e-01
6.543813943862915039e-01
6.615526378154754639e-01
6.474608182907104492e-01
6.770580410957336426e-01
7.006655633449554443e-01
6.662135720252990723e-01
6.488799452781677246e-01
6.583510637283325195e-01
6.465692520141601562e-01
6.745787560939788818e-01
6.975610852241516113e-01
6.655708253383636475e-01
6.514534652233123779e-01
6.603724360466003418e-01
6.459979116916656494e-01
6.709719598293304443e-01
6.929870247840881348e-01
6.607436537742614746e-01
6.477028429508209229e-01
6.577546596527099609e-01
6.441062688827514648e-01
6.696914136409759521e-01
6.926058232784271240e-01
6.641622483730316162e-01
6.516935825347900391e-01
6.598688960075378418e-01
6.443330347537994385e-01
6.646395325660705566e-01
6.856553852558135986e-01
6.550052762031555176e-01
6.459146738052368164e-01
6.564567387104034424e-01
6.440739631652832031e-01
6.668625473976135254e-01
6.860428750514984131e-01
6.551970243453979492e-01
6.461333334445953369e-01
6.575952172279357910e-01
6.417670845985412598e-01
6.557401120662689209e-01
6.725338697433471680e-01
6.458381414413452148e-01
6.480448246002197266e-01
6.595254540443420410e-01
6.438446640968322754e-01
6.668068170547485352e-01
6.901592314243316650e-01
6.587550342082977295e-01
6.412610411643981934e-01
6.490292251110076904e-01
6.389120519161224365e-01
6.606515049934387207e-01
6.699474155902862549e-01
6.432013511657714844e-01
6.616954803466796875e-01
6.840409040451049805e-01
6.649913489818572998e-01
6.497036814689636230e-01
6.540379524230957031e-01
6.419577896595001221e-01
6.587748825550079346e-01
6.689579188823699951e-01
6.542360484600067139e-01
6.878133714199066162e-01
7.145407795906066895e-01
6.799721121788024902e-01
6.484828293323516846e-01
6.510960757732391357e-01
6.419582366943359375e-01
6.603136956691741943e-01
6.709443330764770508e-01
6.417546570301055908e-01
6.522122025489807129e-01
6.672355532646179199e-01
6.457366347312927246e-01
6.509956121444702148e-01
6.680298149585723877e-01
6.479521989822387695e-01
6.453683972358703613e-01
6.543854773044586182e-01
6.356893181800842285e-01
6.567387282848358154e-01
6.831540465354919434e-01
6.539557874202728271e-01
6.367157399654388428e-01
6.425324380397796631e-01
6.327660977840423584e-01
6.670608222484588623e-01
6.910979747772216797e-01
6.605736911296844482e-01
6.434708237648010254e-01
6.502561867237091064e-01
6.370062530040740967e-01
6.506007909774780273e-01
6.647207438945770264e-01
6.389007866382598877e-01
6.433021724224090576e-01
6.588134467601776123e-01
6.396513581275939941e-01
6.425138711929321289e-01
6.557868123054504395e-01
6.353638768196105957e-01
6.444589495658874512e-01
6.564788520336151123e-01
6.376671791076660156e-01
6.476189196109771729e-01
6.646012067794799805e-01
6.395264565944671631e-01
6.354467868804931641e-01
6.470148861408233643e-01
6.304656267166137695e-01
6.493221223354339600e-01
6.693377494812011719e-01
6.413729786872863770e-01
6.349886655807495117e-01
6.466203629970550537e-01
6.315816342830657959e-01
6.480054855346679688e-01
6.653160154819488525e-01
6.375639736652374268e-01
6.352749168872833252e-01
6.490275263786315918e-01
6.311544179916381836e-01
6.429913640022277832e-01
6.608687937259674072e-01
6.366595923900604248e-01
6.354245543479919434e-01
6.469406485557556152e-01
6.322425007820129395e-01
6.494300961494445801e-01
6.677217185497283936e-01
6.386306583881378174e-01
6.321005523204803467e-01
6.434128880500793457e-01
6.273199617862701416e-01
6.423133611679077148e-01
6.619121432304382324e-01
6.387422382831573486e-01
6.365668773651123047e-01
6.477554142475128174e-01
6.298751831054687500e-01
6.402284502983093262e-01
6.572954356670379639e-01
6.323424577713012695e-01
6.335705816745758057e-01
6.463160216808319092e-01
6.272927820682525635e-01
6.388169527053833008e-01
6.579338014125823975e-01
6.353508234024047852e-01
6.336021721363067627e-01
6.448589861392974854e-01
6.270416676998138428e-01
6.404877603054046631e-01
6.591360569000244141e-01
6.323029696941375732e-01
6.272383630275726318e-01
6.385193169116973877e-01
6.227282285690307617e-01
6.411746442317962646e-01
6.619270443916320801e-01
6.340025961399078369e-01
6.262766122817993164e-01
6.369627714157104492e-01
6.239510774612426758e-01
6.461845040321350098e-01
6.680375933647155762e-01
6.411937475204467773e-01
6.261031329631805420e-01
6.322889626026153564e-01
6.199715733528137207e-01
6.469011008739471436e-01
6.696193516254425049e-01
6.377329230308532715e-01
6.215381026268005371e-01
6.294931471347808838e-01
6.194234192371368408e-01
6.526998281478881836e-01
6.771743893623352051e-01
6.433155238628387451e-01
6.194051802158355713e-01
6.251495778560638428e-01
6.173816025257110596e-01
6.493273377418518066e-01
6.692123413085937500e-01
6.358026862144470215e-01
6.236104965209960938e-01
6.341908276081085205e-01
6.205373108386993408e-01
6.381536126136779785e-01
6.577551662921905518e-01
6.345337331295013428e-01
6.291351318359375000e-01
6.377621889114379883e-01
6.195774674415588379e-01
6.340368688106536865e-01
6.543267667293548584e-01
6.276726722717285156e-01
6.219370663166046143e-01
6.334320306777954102e-01
6.190497577190399170e-01
6.384299993515014648e-01
6.580200493335723877e-01
6.284066438674926758e-01
6.191634535789489746e-01
6.307435333728790283e-01
6.170421838760375977e-01
6.387015879154205322e-01
6.587325632572174072e-01
6.289462149143218994e-01
6.187061965465545654e-01
6.276244819164276123e-01
6.147840321063995361e-01
6.394728422164916992e-01
6.615654528141021729e-01
6.353814899921417236e-01
6.223905384540557861e-01
6.293739080429077148e-01
6.168136298656463623e-01
6.366858184337615967e-01
6.547119915485382080e-01
6.251172423362731934e-01
6.170247197151184082e-01
6.274487972259521484e-01
6.124731302261352539e-01
6.316451132297515869e-01
6.524278223514556885e-01
6.275693476200103760e-01
6.209816336631774902e-01
6.303143799304962158e-01
6.138550937175750732e-01
6.290888786315917969e-01
6.472484469413757324e-01
6.210914552211761475e-01
6.160474121570587158e-01
6.266008615493774414e-01
6.122481822967529297e-01
6.306692361831665039e-01
6.492922306060791016e-01
6.216614544391632080e-01
6.143514215946197510e-01
6.248323321342468262e-01
6.101654767990112305e-01
6.278920769691467285e-01
6.481523811817169189e-01
6.218393146991729736e-01
6.152363419532775879e-01
6.264706552028656006e-01
6.142857074737548828e-01
6.288024485111236572e-01
6.428192257881164551e-01
6.156762540340423584e-01
6.173774898052215576e-01
6.326675415039062500e-01
6.132170259952545166e-01
6.172485947608947754e-01
6.327897608280181885e-01
6.132034063339233398e-01
6.228345036506652832e-01
6.367422342300415039e-01
6.149182915687561035e-01
6.155731081962585449e-01
6.305772662162780762e-01
6.105379462242126465e-01
6.164809763431549072e-01
6.273186206817626953e-01
6.116730272769927979e-01
6.307876110076904297e-01
6.512880921363830566e-01
6.267192065715789795e-01
6.129702329635620117e-01
6.182716190814971924e-01
6.059677302837371826e-01
6.283928453922271729e-01
6.468404531478881836e-01
6.181420385837554932e-01
6.119645237922668457e-01
6.231239140033721924e-01
6.072556674480438232e-01
6.205939948558807373e-01
6.380316615104675293e-01
6.119636297225952148e-01
6.107330918312072754e-01
6.234414577484130859e-01
6.056519746780395508e-01
6.163694858551025391e-01
6.328119039535522461e-01
6.085745394229888916e-01
6.097239255905151367e-01
6.229501068592071533e-01
6.111781001091003418e-01
6.275293529033660889e-01
6.416855752468109131e-01
6.139154732227325439e-01
6.093167066574096680e-01
6.218159794807434082e-01
6.047365665435791016e-01
6.207076311111450195e-01
6.396817266941070557e-01
6.130639016628265381e-01
6.097792983055114746e-01
6.228105425834655762e-01
6.091334819793701172e-01
6.219610869884490967e-01
6.356838345527648926e-01
6.087554097175598145e-01
6.080622971057891846e-01
6.215309798717498779e-01
6.042557656764984131e-01
6.122328042984008789e-01
6.281921565532684326e-01
6.079991459846496582e-01
6.107102036476135254e-01
6.234769225120544434e-01
6.063924133777618408e-01
6.126102209091186523e-01
6.266304850578308105e-01
6.051128208637237549e-01
6.083900332450866699e-01
6.179659366607666016e-01
5.997206270694732666e-01
6.176959574222564697e-01
6.404950022697448730e-01
6.162643730640411377e-01
6.019468903541564941e-01
6.074455380439758301e-01
5.950469374656677246e-01
6.288778781890869141e-01
6.547494232654571533e-01
6.217728853225708008e-01
5.941295623779296875e-01
5.993798077106475830e-01
5.949953794479370117e-01
6.327082514762878418e-01
6.499626040458679199e-01
6.133530735969543457e-01
5.994195044040679932e-01
6.121526956558227539e-01
5.993619859218597412e-01
6.098897457122802734e-01
6.238472461700439453e-01
6.023685634136199951e-01
6.081257462501525879e-01
6.197860836982727051e-01
6.019955277442932129e-01
6.121704876422882080e-01
6.299735903739929199e-01
6.094726026058197021e-01
6.071853935718536377e-01
6.167411208152770996e-01
6.000017821788787842e-01
6.114037930965423584e-01
6.288450956344604492e-01
6.050663590431213379e-01
6.043822169303894043e-01
6.148729622364044189e-01
5.962754487991333008e-01
6.122018992900848389e-01
6.332322359085083008e-01
6.093897521495819092e-01
5.992195904254913330e-01
6.075481176376342773e-01
5.937563180923461914e-01
6.119454205036163330e-01
6.298995912075042725e-01
6.026260852813720703e-01
5.977427363395690918e-01
6.088775992393493652e-01
5.943711400032043457e-01
6.094942986965179443e-01
6.274621188640594482e-01
6.026560366153717041e-01
5.994828045368194580e-01
6.102951169013977051e-01
5.951665043830871582e-01
6.079201996326446533e-01
6.243935525417327881e-01
5.983690619468688965e-01
5.961219668388366699e-01
6.082123517990112305e-01
5.916375219821929932e-01
6.052285134792327881e-01
6.239661872386932373e-01
5.992608368396759033e-01
5.953826010227203369e-01
6.063774526119232178e-01
5.924656987190246582e-01
6.106803119182586670e-01
6.289596557617187500e-01
6.022973954677581787e-01
5.940504372119903564e-01
6.034093201160430908e-01
5.899378061294555664e-01
6.082726418972015381e-01
6.269950866699218750e-01
6.012897789478302002e-01
5.956542193889617920e-01
6.061476171016693115e-01
5.904670357704162598e-01
6.015839278697967529e-01
6.177282631397247314e-01
5.941088795661926270e-01
5.952120125293731689e-01
6.062984466552734375e-01
5.904720127582550049e-01
6.042095720767974854e-01
6.213049888610839844e-01
5.987631082534790039e-01
5.932126045227050781e-01
6.024315059185028076e-01
5.878110229969024658e-01
6.088434755802154541e-01
6.312790215015411377e-01
6.037916839122772217e-01
5.887156426906585693e-01
5.958040952682495117e-01
5.872827768325805664e-01
6.207315027713775635e-01
6.433716118335723877e-01
6.114533841609954834e-01
5.895651280879974365e-01
5.953705608844757080e-01
5.848946869373321533e-01
6.107636690139770508e-01
6.289976537227630615e-01
6.011962294578552246e-01
5.962016880512237549e-01
6.070680916309356689e-01
5.886180698871612549e-01
5.963949561119079590e-01
6.108622252941131592e-01
5.907456576824188232e-01
5.938828289508819580e-01
6.035138070583343506e-01
5.871123373508453369e-01
6.003479063510894775e-01
6.181371808052062988e-01
5.940865278244018555e-01
5.894552767276763916e-01
5.988851785659790039e-01
5.849304199218750000e-01
6.038760244846343994e-01
6.236445009708404541e-01
5.969841480255126953e-01
5.866539478302001953e-01
5.955179333686828613e-01
5.824627876281738281e-01
6.040323972702026367e-01
6.233094930648803711e-01
5.955955684185028076e-01
5.864401161670684814e-01
5.963651239871978760e-01
5.836827456951141357e-01
6.027640998363494873e-01
6.212004423141479492e-01
5.954233705997467041e-01
5.864506959915161133e-01
5.951099991798400879e-01
5.814056098461151123e-01
6.011049449443817139e-01
6.212850511074066162e-01
5.955351889133453369e-01
5.856112241744995117e-01
5.936442017555236816e-01
5.809518694877624512e-01
6.020720005035400391e-01
6.221559047698974609e-01
5.954189896583557129e-01
5.841166079044342041e-01
5.923130512237548828e-01
5.794566571712493896e-01
6.044210791587829590e-01
6.255500018596649170e-01
5.979357957839965820e-01
5.830422937870025635e-01
5.908085703849792480e-01
5.781444609165191650e-01
6.014514267444610596e-01
6.183877587318420410e-01
5.903285443782806396e-01
5.849838256835937500e-01
5.973357856273651123e-01
5.844244062900543213e-01
5.912703573703765869e-01
6.014485657215118408e-01
5.824128091335296631e-01
5.956344008445739746e-01
6.117171943187713623e-01
5.897986292839050293e-01
5.855287313461303711e-01
5.980525016784667969e-01
5.809749662876129150e-01
5.886873006820678711e-01
5.999585390090942383e-01
5.863792598247528076e-01
6.042724847793579102e-01
6.224824190139770508e-01
5.941476225852966309e-01
5.796789824962615967e-01
5.872960984706878662e-01
5.767677426338195801e-01
6.016396284103393555e-01
6.197960078716278076e-01
5.904734730720520020e-01
5.802578628063201904e-01
5.894668698310852051e-01
5.785124897956848145e-01
5.940075218677520752e-01
6.061774194240570068e-01
5.824805200099945068e-01
5.841685533523559570e-01
5.976935923099517822e-01
5.799017548561096191e-01
5.834122598171234131e-01
5.978271663188934326e-01
5.781106352806091309e-01
5.820013284683227539e-01
5.915372967720031738e-01
5.781898498535156250e-01
5.988260209560394287e-01
6.185178756713867188e-01
5.927928984165191650e-01
5.776713490486145020e-01
5.849744975566864014e-01
5.748631954193115234e-01
5.985814630985260010e-01
6.158426105976104736e-01
5.864510536193847656e-01
5.767592489719390869e-01
5.869978070259094238e-01
5.742782652378082275e-01
5.924631059169769287e-01
6.101028025150299072e-01
5.853932797908782959e-01
5.790356099605560303e-01
5.882898569107055664e-01
5.728539824485778809e-01
5.862914323806762695e-01
6.017837524414062500e-01
5.780156552791595459e-01
5.782826840877532959e-01
5.906951427459716797e-01
5.742571353912353516e-01
5.819601416587829590e-01
5.966068506240844727e-01
5.764243900775909424e-01
5.771796703338623047e-01
5.877180695533752441e-01
5.710824429988861084e-01
5.867573916912078857e-01
6.075929999351501465e-01
5.838549137115478516e-01
5.748873651027679443e-01
5.825507044792175293e-01
5.707653760910034180e-01
5.867836475372314453e-01
6.006927490234375000e-01
5.778832733631134033e-01
5.845928788185119629e-01
5.978851616382598877e-01
5.784783065319061279e-01
5.789758861064910889e-01
5.925185084342956543e-01
5.773300230503082275e-01
5.806504189968109131e-01
5.899881422519683838e-01
5.739094018936157227e-01
5.844336152076721191e-01
5.999231934547424316e-01
5.767071545124053955e-01
5.754868984222412109e-01
5.876990258693695068e-01
5.743673443794250488e-01
5.894997119903564453e-01
6.059716343879699707e-01
5.796624422073364258e-01
5.716809928417205811e-01
5.794194042682647705e-01
5.677853822708129883e-01
5.927596390247344971e-01
6.118745505809783936e-01
5.848935842514038086e-01
5.700044929981231689e-01
5.776462256908416748e-01
5.664672553539276123e-01
5.865970849990844727e-01
6.047730445861816406e-01
5.793766081333160400e-01
5.724966228008270264e-01
5.815126001834869385e-01
5.696690380573272705e-01
5.841972827911376953e-01
5.986054539680480957e-01
5.770102143287658691e-01
5.742897689342498779e-01
5.847395658493041992e-01
5.696678757667541504e-01
5.835588574409484863e-01
6.011038720607757568e-01
5.775612592697143555e-01
5.718292891979217529e-01
5.798192620277404785e-01
5.672705173492431641e-01
5.830884575843811035e-01
5.964778661727905273e-01
5.732722282409667969e-01
5.738941133022308350e-01
5.887635350227355957e-01
5.720314085483551025e-01
5.712051391601562500e-01
5.819661915302276611e-01
5.662460327148437500e-01
5.768686532974243164e-01
5.867960453033447266e-01
5.703891515731811523e-01
5.827665030956268311e-01
5.993491709232330322e-01
5.771534740924835205e-01
5.666282176971435547e-01
5.729192197322845459e-01
5.608365237712860107e-01
5.646371245384216309e-01
5.644032657146453857e-01
5.687105655670166016e-01
5.662963390350341797e-01
5.704795718193054199e-01
5.714299976825714111e-01
5.653909444808959961e-01
5.699100196361541748e-01
5.665376782417297363e-01
5.740458369255065918e-01
5.726997256278991699e-01
5.700500309467315674e-01
5.705058276653289795e-01
5.612767636775970459e-01
5.724086165428161621e-01
5.776063501834869385e-01
5.679400265216827393e-01
5.646515786647796631e-01
5.662376582622528076e-01
5.732506215572357178e-01
5.686160027980804443e-01
5.546243488788604736e-01
5.582750141620635986e-01
5.576170980930328369e-01
5.588789284229278564e-01
5.545271933078765869e-01
5.554531812667846680e-01
5.692300200462341309e-01
5.676777064800262451e-01
5.674250423908233643e-01
5.679286420345306396e-01
5.597541928291320801e-01
5.589548647403717041e-01
5.645177662372589111e-01
5.629195272922515869e-01
5.659025013446807861e-01
5.625715255737304688e-01
5.553542375564575195e-01
5.534999370574951172e-01
5.578324198722839355e-01
5.582767724990844727e-01
5.676929354667663574e-01
5.664373934268951416e-01
5.529333651065826416e-01
5.612243711948394775e-01
5.597452521324157715e-01
5.651974976062774658e-01
5.725701451301574707e-01
5.668390989303588867e-01
5.596387684345245361e-01
5.541645288467407227e-01
5.550185441970825195e-01
5.568079352378845215e-01
5.558035075664520264e-01
5.586709082126617432e-01
5.597231388092041016e-01
5.907618403434753418e-01
6.051103472709655762e-01
5.797285139560699463e-01
5.748051702976226807e-01
5.814793705940246582e-01
5.598337650299072266e-01
5.578959584236145020e-01
5.690120756626129150e-01
5.545419454574584961e-01
5.672647655010223389e-01
5.819004476070404053e-01
5.681796967983245850e-01
5.773091316223144531e-01
5.874528288841247559e-01
5.645343661308288574e-01
5.595311224460601807e-01
5.686416923999786377e-01
5.559329986572265625e-01
5.702047049999237061e-01
5.871757864952087402e-01
5.632578134536743164e-01
5.575638711452484131e-01
5.644483864307403564e-01
5.494077205657958984e-01
5.691961646080017090e-01
5.895554423332214355e-01
5.675444602966308594e-01
5.561906099319458008e-01
5.625396966934204102e-01
5.492325425148010254e-01
5.644616782665252686e-01
5.785601735115051270e-01
5.563972294330596924e-01
5.597146749496459961e-01
5.737822055816650391e-01
5.576638281345367432e-01
5.602355301380157471e-01
5.714152753353118896e-01
5.527545213699340820e-01
5.580982565879821777e-01
5.695919692516326904e-01
5.534333884716033936e-01
5.541701614856719971e-01
5.647459626197814941e-01
5.478911101818084717e-01
5.578925609588623047e-01
5.693282186985015869e-01
5.519439578056335449e-01
5.639794170856475830e-01
5.833333134651184082e-01
5.619286298751831055e-01
5.504252314567565918e-01
5.547906160354614258e-01
5.450701117515563965e-01
5.723223686218261719e-01
5.918838679790496826e-01
5.647589564323425293e-01
5.467300117015838623e-01
5.540922880172729492e-01
5.445846915245056152e-01
5.648025572299957275e-01
5.792864561080932617e-01
5.545663833618164062e-01
5.511348247528076172e-01
5.627664327621459961e-01
5.488965809345245361e-01
5.519869625568389893e-01
5.624729096889495850e-01
5.442628562450408936e-01
5.553902983665466309e-01
5.690901875495910645e-01
5.521925091743469238e-01
5.514416396617889404e-01
5.616309642791748047e-01
5.454412698745727539e-01
5.541150569915771484e-01
5.667308270931243896e-01
5.489377379417419434e-01
5.501444637775421143e-01
5.622628033161163330e-01
5.463766157627105713e-01
5.550877451896667480e-01
5.676421225070953369e-01
5.487559139728546143e-01
5.479787588119506836e-01
5.604360401630401611e-01
5.452660620212554932e-01
5.517911612987518311e-01
5.621627867221832275e-01
5.464408695697784424e-01
5.550868213176727295e-01
5.688024163246154785e-01
5.488243699073791504e-01
5.510844886302947998e-01
5.630391240119934082e-01
5.467557907104492188e-01
5.515505373477935791e-01
5.640938282012939453e-01
5.449725091457366943e-01
5.501234829425811768e-01
5.621714591979980469e-01
5.472271144390106201e-01
5.523366630077362061e-01
5.632604360580444336e-01
5.445619523525238037e-01
5.505418479442596436e-01
5.635717213153839111e-01
5.461932420730590820e-01
5.476572513580322266e-01
5.603173077106475830e-01
5.433809161186218262e-01
5.481900274753570557e-01
5.593135952949523926e-01
5.445442795753479004e-01
5.556183159351348877e-01
5.699864327907562256e-01
5.509105324745178223e-01
5.464919805526733398e-01
5.552757680416107178e-01
5.407084524631500244e-01
5.530369579792022705e-01
5.694342553615570068e-01
5.480526685714721680e-01
5.447475910186767578e-01
5.536675751209259033e-01
5.399272143840789795e-01
5.530708730220794678e-01
5.677911937236785889e-01
5.473640859127044678e-01
5.466508567333221436e-01
5.569680035114288330e-01
5.419990718364715576e-01
5.478821694850921631e-01
5.610159337520599365e-01
5.423308610916137695e-01
5.462951362133026123e-01
5.578267276287078857e-01
5.416377186775207520e-01
5.484340786933898926e-01
5.618695318698883057e-01
5.431054234504699707e-01
5.473361611366271973e-01
5.593863129615783691e-01
5.436934232711791992e-01
5.473480224609375000e-01
5.591974258422851562e-01
5.414533615112304688e-01
5.493002831935882568e-01
5.632022917270660400e-01
5.456153750419616699e-01
5.468935370445251465e-01
5.581327676773071289e-01
5.406344234943389893e-01
5.466537475585937500e-01
5.580528378486633301e-01
5.425004363059997559e-01
5.486159324645996094e-01
5.616750717163085938e-01
5.424480736255645752e-01
5.450488626956939697e-01
5.572736263275146484e-01
5.420524477958679199e-01
5.489227473735809326e-01
5.609997212886810303e-01
5.404466390609741211e-01
5.438682734966278076e-01
5.553453266620635986e-01
5.405952632427215576e-01
5.461441278457641602e-01
5.579580068588256836e-01
5.399481356143951416e-01
5.446802675724029541e-01
5.559079647064208984e-01
5.396853685379028320e-01
5.419483482837677002e-01
5.534389019012451172e-01
5.367724299430847168e-01
5.438728928565979004e-01
5.548111200332641602e-01
5.390700101852416992e-01
5.452658534049987793e-01
5.584362745285034180e-01
5.389813184738159180e-01
5.403374731540679932e-01
5.507306456565856934e-01
5.364178419113159180e-01
5.465651452541351318e-01
5.614791214466094971e-01
5.418736338615417480e-01
5.424308776855468750e-01
5.529446899890899658e-01
5.369631350040435791e-01
5.442802608013153076e-01
5.571461915969848633e-01
5.386861860752105713e-01
5.438320636749267578e-01
5.576556921005249023e-01
5.438202917575836182e-01
5.469319224357604980e-01
5.563234090805053711e-01
5.372580289840698242e-01
5.429078340530395508e-01
5.550690591335296631e-01
5.385099053382873535e-01
5.414312481880187988e-01
5.539930462837219238e-01
5.387686192989349365e-01
5.457089543342590332e-01
5.572538375854492188e-01
5.400273203849792480e-01
5.403214097023010254e-01
5.504657328128814697e-01
5.344000160694122314e-01
5.440675616264343262e-01
5.572661757469177246e-01
5.409582555294036865e-01
5.428424179553985596e-01
5.544647872447967529e-01
5.373789966106414795e-01
5.405348837375640869e-01
5.505101084709167480e-01
5.355407893657684326e-01
5.469113290309906006e-01
5.625227093696594238e-01
5.412617623805999756e-01
5.355307161808013916e-01
5.440505146980285645e-01
5.323873460292816162e-01
5.481796860694885254e-01
5.647210180759429932e-01
5.429770946502685547e-01
5.362627804279327393e-01
5.447385311126708984e-01
5.331468284130096436e-01
5.508956909179687500e-01
5.672723948955535889e-01
5.441069006919860840e-01
5.323900282382965088e-01
5.397506058216094971e-01
5.302016735076904297e-01
5.320132374763488770e-01
5.320888757705688477e-01
5.302658975124359131e-01
5.331659317016601562e-01
5.351562500000000000e-01
5.482975244522094727e-01
5.479736626148223877e-01
5.359538495540618896e-01
5.324472188949584961e-01
5.351181924343109131e-01
5.388979315757751465e-01
5.327607393264770508e-01
5.328181087970733643e-01
5.383662879467010498e-01
5.338439345359802246e-01
5.458825826644897461e-01
5.503115952014923096e-01
5.476665794849395752e-01
5.396291613578796387e-01
5.262827575206756592e-01
5.543211400508880615e-01
5.747574865818023682e-01
5.633529722690582275e-01
5.506176054477691650e-01
5.447115302085876465e-01
5.316830277442932129e-01
5.415536463260650635e-01
5.528196990489959717e-01
5.404700934886932373e-01
5.401264727115631104e-01
5.425794124603271484e-01
5.378200411796569824e-01
5.326420068740844727e-01
5.236853957176208496e-01
5.495645403861999512e-01
5.625972151756286621e-01
5.399323701858520508e-01
5.413271188735961914e-01
5.529371201992034912e-01
5.364151000976562500e-01
5.281432271003723145e-01
5.343444943428039551e-01
5.272592306137084961e-01
5.447924435138702393e-01
5.499724149703979492e-01
5.286941528320312500e-01
5.403582155704498291e-01
5.614293813705444336e-01
5.424949824810028076e-01
5.264490842819213867e-01
5.308809280395507812e-01
5.271497964859008789e-01
5.402527153491973877e-01
5.418438911437988281e-01
5.234871804714202881e-01
5.500917732715606689e-01
5.727980434894561768e-01
5.515019297599792480e-01
5.200239717960357666e-01
5.881175696849822998e-01
6.567832529544830322e-01
6.539964973926544189e-01
5.884579420089721680e-01
5.254779160022735596e-01
5.750553309917449951e-01
6.388688683509826660e-01
6.473591029644012451e-01
6.001069247722625732e-01
5.339028835296630859e-01
5.799380242824554443e-01
6.640069484710693359e-01
6.790374517440795898e-01
6.226385533809661865e-01
5.372697114944458008e-01
5.460383594036102295e-01
6.009895205497741699e-01
6.086514592170715332e-01
5.670394599437713623e-01
5.216589570045471191e-01
5.894374549388885498e-01
6.706647276878356934e-01
6.815076768398284912e-01
6.225357055664062500e-01
5.364159047603607178e-01
5.506314039230346680e-01
6.113998889923095703e-01
6.217674911022186279e-01
5.805497765541076660e-01
5.239256918430328369e-01
5.708029270172119141e-01
6.481630206108093262e-01
6.581399440765380859e-01
6.019024848937988281e-01
5.266989171504974365e-01
5.616336762905120850e-01
6.278153955936431885e-01
6.379524171352386475e-01
5.934407711029052734e-01
