4.696829414367675426e+00
4.223100090026855824e+00
3.754255914688110263e+00
3.307064676284789950e+00
2.892459821701049982e+00
2.523171043395996183e+00
2.212824773788452326e+00
1.957441687583923340e+00
1.763446903228759854e+00
1.622831916809082120e+00
1.520749282836914018e+00
1.442502713203430265e+00
1.376090502738952726e+00
1.308180642127990678e+00
1.237891983985900834e+00
1.162023019790649370e+00
1.086166596412658780e+00
1.011585950851440430e+00
9.393744707107544167e-01
8.722553730010986772e-01
8.131660223007202148e-01
7.602085590362548384e-01
7.148826479911803977e-01
6.764965534210205522e-01
6.453148126602172852e-01
6.197633504867553489e-01
5.993943095207214800e-01
5.830553889274596724e-01
5.699609875679015891e-01
5.600128889083861861e-01
5.524476408958435281e-01
5.467560172080994096e-01
5.424410700798034668e-01
5.391385197639465554e-01
5.365697622299194780e-01
5.344939827919006348e-01
5.327234864234924316e-01
5.310879230499268022e-01
5.294945955276488814e-01
5.278575420379638672e-01
5.261757612228393777e-01
5.244751811027527078e-01
5.227571487426757590e-01
5.209489941596985307e-01
5.189840555191039817e-01
5.169408917427062988e-01
5.148178219795227495e-01
5.126502931118011031e-01
5.103466749191284402e-01
5.079453647136688010e-01
5.054593086242675781e-01
5.029042899608612283e-01
5.003735661506653054e-01
4.978012681007385476e-01
4.951435089111327903e-01
4.924060285091400035e-01
4.896535038948058860e-01
4.869055926799774059e-01
4.841684699058532715e-01
4.814419925212859996e-01
4.787210404872894176e-01
4.759973108768463246e-01
4.732745170593261608e-01
4.705142259597778209e-01
4.677929162979125866e-01
4.650620579719543235e-01
4.623669922351837380e-01
4.597277581691742165e-01
4.570927798748016246e-01
4.544942796230316273e-01
4.519659459590911754e-01
4.494503617286682018e-01
4.469632327556610218e-01
4.444969236850738747e-01
4.420862734317779763e-01
4.397302806377411111e-01
4.374397635459900124e-01
4.351792931556701660e-01
4.329420030117034912e-01
4.307340264320373424e-01
4.285542786121368519e-01
4.263817429542541282e-01
4.242410123348235862e-01
4.221206605434417725e-01
4.200562536716461182e-01
4.180123269557952659e-01
4.159784913063049316e-01
4.139841139316559060e-01
4.120034933090209739e-01
4.100237667560577282e-01
4.080743908882141224e-01
4.061612784862518311e-01
4.042582452297210915e-01
4.023907482624053955e-01
4.005246758460998535e-01
3.986710786819457897e-01
3.968666613101959340e-01
3.950856983661651389e-01
3.933257400989532693e-01
3.915748417377472035e-01
3.898367702960968129e-01
3.881076693534851185e-01
3.863805949687957875e-01
3.846507191658020131e-01
3.829273164272308239e-01
3.812197566032409779e-01
3.795068085193634144e-01
3.778068244457244984e-01
3.761180877685547097e-01
3.744556069374084251e-01
3.728151381015777366e-01
3.711498200893402211e-01
3.694883346557616965e-01
3.678602576255798340e-01
3.662705302238464244e-01
3.647108376026153564e-01
3.631833255290984885e-01
3.616872429847717285e-01
3.601697921752929910e-01
3.586876273155212291e-01
3.572215020656585582e-01
3.557568609714508168e-01
3.543286681175231712e-01
3.529076337814330833e-01
3.515175342559814231e-01
3.501324415206908958e-01
3.487611949443817361e-01
3.474319696426391713e-01
3.461570918560027965e-01
3.448660671710968018e-01
3.435274004936218484e-01
3.421485543251037709e-01
3.407819509506225808e-01
3.394159436225890891e-01
3.380399644374847412e-01
3.366652071475982888e-01
3.353243350982665905e-01
3.340092062950134055e-01
3.326907277107238881e-01
3.313987970352172963e-01
3.301081836223602184e-01
3.288304865360259788e-01
3.275719881057739258e-01
3.263315796852112038e-01
3.251244127750396729e-01
3.239184975624084251e-01
3.227160215377807839e-01
3.215348243713379017e-01
3.203569650650024414e-01
3.191981494426727184e-01
3.180514931678771751e-01
3.169242918491363414e-01
3.158005535602569358e-01
3.146843791007995494e-01
3.135794520378112904e-01
3.124778211116790994e-01
3.114019691944122092e-01
3.103379070758819358e-01
3.092963278293609508e-01
3.082636892795562744e-01
3.072608709335327148e-01
3.062730252742767445e-01
3.052964985370635875e-01
3.043238461017608865e-01
3.033499062061310036e-01
3.023603081703186146e-01
3.013426721096038596e-01
3.003200948238372581e-01
2.993146002292633168e-01
2.983149528503418191e-01
2.973286986351013073e-01
2.963486373424529807e-01
2.953618526458740012e-01
2.944063782691955788e-01
2.934505045413970947e-01
2.925104618072509877e-01
2.915784180164336936e-01
2.906711399555206299e-01
2.897727072238922008e-01
2.888865649700164684e-01
2.880070626735687367e-01
2.871409177780151478e-01
2.862650454044342041e-01
2.853914260864257590e-01
2.845265865325927734e-01
2.836644411087035911e-01
2.828230977058410756e-01
2.819834411144256370e-01
2.811370849609374778e-01
2.802913963794708141e-01
2.794469296932220459e-01
2.786147713661193959e-01
2.777919411659240945e-01
2.769643366336822510e-01
2.761537790298461692e-01
2.753591775894165261e-01
2.745746254920959362e-01
2.737908482551574818e-01
2.730130910873412864e-01
2.722352981567383035e-01
2.714719891548156849e-01
2.707161068916320579e-01
2.699730098247528076e-01
2.692322790622710960e-01
2.684959948062896617e-01
2.677568674087524303e-01
2.670130610466003307e-01
2.662713348865509144e-01
2.655358195304870494e-01
2.648110508918762318e-01
2.640965163707733043e-01
2.633865833282470481e-01
2.626941978931426891e-01
2.619901597499847412e-01
2.612818419933319314e-01
2.605739772319793923e-01
2.598626732826233021e-01
2.591507434844970703e-01
2.584567487239837758e-01
2.577580392360687145e-01
2.570541918277740590e-01
2.563787162303924339e-01
2.557150721549987793e-01
2.550526618957519309e-01
2.543962895870208740e-01
2.537521004676818737e-01
2.531132221221923939e-01
2.524691700935363659e-01
2.518382191658020131e-01
2.512073814868927002e-01
2.505798280239105447e-01
2.499777942895889393e-01
2.493629634380340465e-01
2.487513661384582464e-01
2.481452494859695546e-01
2.475410908460617121e-01
2.469337284564971924e-01
2.463356375694275013e-01
2.457651406526565607e-01
2.452057987451553289e-01
2.446331441402435358e-01
2.440682977437972911e-01
2.434895962476730236e-01
2.429111778736114391e-01
2.423424065113067571e-01
2.417897850275039784e-01
2.412420630455017201e-01
2.407174885272979625e-01
2.401974350214004517e-01
2.396608799695968683e-01
2.391303420066833441e-01
2.386214047670364435e-01
2.381418675184249767e-01
2.376489490270614624e-01
2.371542900800704956e-01
2.366751641035080012e-01
2.361808866262435913e-01
2.357106506824493408e-01
2.351892918348312267e-01
2.346594214439391979e-01
2.341254293918609564e-01
2.335901707410812378e-01
2.330515891313552912e-01
2.324689060449600109e-01
2.318587362766265925e-01
2.312624901533126831e-01
2.306763172149658148e-01
2.300686061382293812e-01
2.294672459363937267e-01
2.288803160190582275e-01
2.283188581466674694e-01
2.277631580829620472e-01
2.272212058305740356e-01
2.266758948564529530e-01
2.261421680450439453e-01
2.256254553794860840e-01
2.251160502433776911e-01
2.246093600988388062e-01
2.241050451993942261e-01
2.236134976148605458e-01
2.231395423412322887e-01
2.226860910654067938e-01
2.222244203090667780e-01
2.217726111412048340e-01
2.213061988353729193e-01
2.208406716585159246e-01
2.203787147998809703e-01
2.199194878339767456e-01
2.194652289152145275e-01
2.190184116363525502e-01
2.185557752847671620e-01
2.181006461381912176e-01
2.176465094089508057e-01
2.171827286481857189e-01
2.167149603366851918e-01
2.162494331598281971e-01
2.157895058393478338e-01
2.153283208608627319e-01
2.148746877908706554e-01
2.144303649663925060e-01
2.139925777912140004e-01
2.135625869035720770e-01
2.131309479475021473e-01
2.126967579126358143e-01
2.122638672590255737e-01
2.118376940488815308e-01
2.114160686731338390e-01
2.109954684972762951e-01
2.105650991201400701e-01
2.101414322853088490e-01
2.097337603569030817e-01
2.093303442001342718e-01
2.089354604482650812e-01
2.085657179355621393e-01
2.081985801458358654e-01
2.078356355428695734e-01
2.074733614921569769e-01
2.071185410022735596e-01
2.067625224590301514e-01
2.063713490962982289e-01
2.059882551431655995e-01
2.055856883525848389e-01
2.051725506782531849e-01
2.047452509403228649e-01
2.043386429548263439e-01
2.039261221885681208e-01
2.035009831190109364e-01
2.030647575855255016e-01
2.026461839675903209e-01
2.022215873003005981e-01
2.018021970987319835e-01
2.013931065797805731e-01
2.010008841753005981e-01
2.006023436784744318e-01
2.002094626426696722e-01
1.998069047927856501e-01
1.993995189666747936e-01
1.989922672510147095e-01
1.985895872116088812e-01
1.981928467750549427e-01
1.978030562400817927e-01
1.974243730306625422e-01
1.970480799674987904e-01
1.966769903898239191e-01
1.963101893663406483e-01
1.959417045116424450e-01
1.955732107162475586e-01
1.952130168676376454e-01
1.948616743087768499e-01
1.945035666227340754e-01
1.941554486751556341e-01
1.938038319349288940e-01
1.934588253498077393e-01
1.931170523166656494e-01
1.927716463804244884e-01
1.924363017082214300e-01
1.920992910861968883e-01
1.917622268199920543e-01
1.914272755384445190e-01
1.911068916320800837e-01
1.907688170671462957e-01
1.904091149568557795e-01
1.900537163019180298e-01
1.897065639495849609e-01
1.893599599599838368e-01
1.890068113803863581e-01
1.886520445346832331e-01
1.883016198873520008e-01
1.879590481519698986e-01
1.876163661479949840e-01
1.872842043638229259e-01
1.869602292776107733e-01
1.866356849670410267e-01
1.863180637359619085e-01
1.860069423913955633e-01
1.856771826744079701e-01
1.853429347276687733e-01
1.850212365388870239e-01
1.846896916627883967e-01
1.843564897775649969e-01
1.840379267930984386e-01
1.837232083082199208e-01
1.834111422300338801e-01
1.831075966358184925e-01
1.828017562627792247e-01
1.825009524822235052e-01
1.822203338146209661e-01
1.819192171096801758e-01
1.815941005945205799e-01
1.812567979097366444e-01
1.809095978736877386e-01
1.805751830339431818e-01
1.802432239055633545e-01
1.798988699913025013e-01
1.795570522546768299e-01
1.792279660701751598e-01
1.789004564285278376e-01
1.785878658294677845e-01
1.782909989356994684e-01
1.779928237199783214e-01
1.776982933282852117e-01
1.774106621742248535e-01
1.771347850561141857e-01
1.768516689538955633e-01
1.765655100345611683e-01
1.762752294540405329e-01
1.759818792343139648e-01
1.756813764572143499e-01
1.753798365592956487e-01
1.750747442245483287e-01
1.747736483812332153e-01
1.744717419147491511e-01
1.741777122020721491e-01
1.738926559686660711e-01
1.736128747463226429e-01
1.733506262302398626e-01
1.730911493301391657e-01
1.728253722190856989e-01
1.725521087646484375e-01
1.722973048686981257e-01
1.720345586538314930e-01
1.717757791280746515e-01
1.715306997299194391e-01
1.712879717350005992e-01
1.710235059261321910e-01
1.707345515489578358e-01
1.704470068216323853e-01
1.701414793729782160e-01
1.698264598846435658e-01
1.695135831832885742e-01
1.692101716995239313e-01
1.689168572425842341e-01
1.686378180980682429e-01
1.683539807796478327e-01
1.680604428052902277e-01
1.677741765975952204e-01
1.674974501132965032e-01
1.672307014465332087e-01
1.669476360082626232e-01
1.666744917631149403e-01
1.664146840572357233e-01
1.661618024110794178e-01
1.659019023180007824e-01
1.656393676996231190e-01
1.653706192970275934e-01
1.650965571403503473e-01
1.648215651512145996e-01
1.645485520362854059e-01
1.642813861370086559e-01
1.640213668346404974e-01
1.637753695249557495e-01
1.635433673858642523e-01
1.632933288812637440e-01
1.630594521760940496e-01
1.628169357776641790e-01
1.625746428966522161e-01
1.623490393161773626e-01
1.621145635843276867e-01
1.618612825870514027e-01
1.615861982107162365e-01
1.612978756427764782e-01
1.610241204500198475e-01
1.607433587312698253e-01
1.604913085699081476e-01
1.602180421352386586e-01
1.599517703056335394e-01
1.596789300441741888e-01
1.594177186489105225e-01
1.591540485620498713e-01
1.588816791772842407e-01
1.586114823818206843e-01
1.583445519208908081e-01
1.580845504999160711e-01
1.578272640705108698e-01
1.575800448656082264e-01
1.573359608650207464e-01
1.570950388908386175e-01
1.568555057048797718e-01
1.566110372543335072e-01
1.563627332448959406e-01
1.561148703098297064e-01
1.558639496564865057e-01
1.556175470352172963e-01
1.553648293018340953e-01
1.551272392272949330e-01
1.549042463302612305e-01
1.546803504228591863e-01
1.544638305902480968e-01
1.542545825242996327e-01
1.540452539920806885e-01
1.538305908441543468e-01
1.536071687936782781e-01
1.533566266298294067e-01
1.530997276306152455e-01
1.528467714786529430e-01
1.525923460721969604e-01
1.523276329040527399e-01
1.520680874586105291e-01
1.518042385578155518e-01
1.515711456537246760e-01
1.513492226600647028e-01
1.511151999235153254e-01
1.508752107620239258e-01
1.506431549787521362e-01
1.504182100296020397e-01
1.501900047063827459e-01
1.499716937541961670e-01
1.497627139091491644e-01
1.495558112859725897e-01
1.493389338254928478e-01
1.491172611713409424e-01
1.488979399204254095e-01
1.486862599849700928e-01
1.484801173210144043e-01
1.482657790184020996e-01
1.480374991893768366e-01
1.477993488311767634e-01
1.475678235292434692e-01
1.473300457000732422e-01
1.471053689718246349e-01
1.468775480985641535e-01
1.466460734605789240e-01
1.464131921529769897e-01
1.461870998144149669e-01
1.459522008895874079e-01
1.457228869199752863e-01
1.454981565475463867e-01
1.452731192111968994e-01
1.450567573308944591e-01
1.448401451110839788e-01
1.446229398250579723e-01
1.444137483835220281e-01
1.441968977451324463e-01
1.439808189868926891e-01
1.437677323818206676e-01
1.435573488473892156e-01
1.433433085680007879e-01
1.431298971176147572e-01
1.429154098033905140e-01
1.426962941884994396e-01
1.424793362617492731e-01
1.422623693943023682e-01
1.420466721057891957e-01
1.418334037065505926e-01
1.416181653738021740e-01
1.414096206426620483e-01
1.412064701318740956e-01
1.410096645355224665e-01
1.408198624849319458e-01
1.406267255544662587e-01
1.404273957014083862e-01
1.402312219142913818e-01
1.400271177291870228e-01
1.398308396339416615e-01
1.396243274211883545e-01
1.394128233194351085e-01
1.392003595829010010e-01
1.389830619096756037e-01
1.387685030698776190e-01
1.385533928871154896e-01
1.383404940366745051e-01
1.381331861019134410e-01
1.379219710826873890e-01
1.377065867185592596e-01
1.374945789575576782e-01
1.372941792011261042e-01
1.370997101068496815e-01
1.369056820869445912e-01
1.367082566022873036e-01
1.365182667970657460e-01
1.363328427076339611e-01
1.361574590206146296e-01
1.359861165285110585e-01
1.358229607343673651e-01
1.356453120708465687e-01
1.354578554630279652e-01
1.352552771568298340e-01
1.350591629743576050e-01
1.348591864109039418e-01
1.346612632274627741e-01
1.344458162784576416e-01
1.342227041721343883e-01
1.340109139680862316e-01
1.338098585605621282e-01
1.336071670055389293e-01
1.334189474582672119e-01
1.332179039716720470e-01
1.330229371786117443e-01
1.328291952610015925e-01
1.326433271169662476e-01
1.324541896581649669e-01
1.322663903236389049e-01
1.320848226547241266e-01
1.318911671638488825e-01
1.316987484693527277e-01
1.315051972866058405e-01
1.313114702701568548e-01
1.311176270246505737e-01
1.309319496154785212e-01
1.307532250881195124e-01
1.305868327617645264e-01
1.304316252470016368e-01
1.302905052900314442e-01
1.301520556211471502e-01
1.300204992294311523e-01
1.298897653818130438e-01
1.297663658857345637e-01
1.296155482530593761e-01
1.294594705104827881e-01
1.292979508638381902e-01
1.291364341974258478e-01
1.289527773857116755e-01
1.287585198879241943e-01
1.285511761903762873e-01
1.283447116613388173e-01
1.281570762395858876e-01
1.279697597026824840e-01
1.277872890233993641e-01
1.276079297065734752e-01
1.274226784706115612e-01
1.272277578711509816e-01
1.270248323678970226e-01
1.268248826265335194e-01
1.266244113445282038e-01
1.264183014631271307e-01
1.262207090854644831e-01
1.260336533188819996e-01
1.258555531501769909e-01
1.256855502724647522e-01
1.255116328597068731e-01
1.253424733877182007e-01
1.251718178391456604e-01
1.249980464577674921e-01
1.248247578740119962e-01
1.246520981192588834e-01
1.244858145713806097e-01
1.243194639682769775e-01
1.241508439183235113e-01
1.239824771881103543e-01
1.238180845975875854e-01
1.236575216054916354e-01
1.235003322362899780e-01
1.233457595109939547e-01
1.231961190700530950e-01
1.230502679944038419e-01
1.229046836495399503e-01
1.227565899491310092e-01
1.226138710975646917e-01
1.224720865488052313e-01
1.223222911357879639e-01
1.221799924969673157e-01
1.220263823866844233e-01
1.218876719474792508e-01
1.217457190155983027e-01
1.216161176562309265e-01
1.214839160442352239e-01
1.213550060987472479e-01
1.212096899747848455e-01
1.210676684975624112e-01
1.209263637661933954e-01
1.208116322755813654e-01
1.206840589642524664e-01
1.205498278141021729e-01
1.204051792621612521e-01
1.202568858861923218e-01
1.201119750738143949e-01
1.199707105755805914e-01
1.198272243142128046e-01
1.196600839495658847e-01
1.194919437170028631e-01
1.193251058459281894e-01
1.191665366291999872e-01
1.189999416470527704e-01
1.188217937946319525e-01
1.186273619532585144e-01
1.184264615178108188e-01
1.182345315814018194e-01
1.180493190884590177e-01
1.178850769996643011e-01
1.177185341715812628e-01
1.175643563270568903e-01
1.174207612872123774e-01
1.172804698348045294e-01
1.171391665935516413e-01
1.170000404119491549e-01
1.168597072362899808e-01
1.167257368564605657e-01
1.166017442941665594e-01
1.164752960205078097e-01
1.163516402244567927e-01
1.162323042750358637e-01
1.161110773682594299e-01
1.159844189882278387e-01
1.158527255058288546e-01
1.157120436429977389e-01
1.155668780207634028e-01
1.154133915901184027e-01
1.152565672993659945e-01
1.151031181216239929e-01
1.149507299065589960e-01
1.147984921932220514e-01
1.146546319127082769e-01
1.145051121711730957e-01
1.143565833568573054e-01
1.142075598239898626e-01
1.140610352158546448e-01
1.139191359281539889e-01
1.137797519564628657e-01
1.136433914303779658e-01
1.135122969746589633e-01
1.133827030658721979e-01
1.132441014051437378e-01
1.131009534001350403e-01
1.129573151469230596e-01
1.128224462270736722e-01
1.126912325620651190e-01
1.125593230128288241e-01
1.124193519353866577e-01
1.122787803411483820e-01
1.121348470449447660e-01
1.119920983910560608e-01
1.118475109338760431e-01
1.116948172450065585e-01
1.115507245063781794e-01
1.114076122641563388e-01
1.112667068839073153e-01
1.111329510807990972e-01
1.109885439276695196e-01
1.108408048748970032e-01
1.106942936778068515e-01
1.105468243360519381e-01
1.104003742337226895e-01
1.102597787976264954e-01
1.101209238171577398e-01
1.099869176745414678e-01
1.098612979054451044e-01
1.097377777099609319e-01
1.096180737018585261e-01
1.094964429736137446e-01
1.093774840235710172e-01
1.092556521296501187e-01
1.091362640261650113e-01
1.090199083089828519e-01
1.088999554514884921e-01
1.087723210453987177e-01
1.086459010839462280e-01
1.085194900631904630e-01
1.083905726671218900e-01
1.082588732242584229e-01
1.081269562244415311e-01
1.079920306801795959e-01
1.078592225909233149e-01
1.077273145318031339e-01
1.076031297445297213e-01
1.074763700366020147e-01
1.073482036590576172e-01
1.072256550192833002e-01
1.071062237024307251e-01
1.069829300045967158e-01
1.068579912185669001e-01
1.067357614636421231e-01
1.066175282001495389e-01
1.064888432621955844e-01
1.063683837652206476e-01
1.062502950429916326e-01
1.061319470405578669e-01
1.060171678662300138e-01
1.059145227074623080e-01
1.058170065283775274e-01
1.057098478078842135e-01
1.056024119257926996e-01
1.054889231920242282e-01
1.053751200437545721e-01
1.052787363529205378e-01
1.051623389124870245e-01
1.050464957952499390e-01
1.049238130450248774e-01
1.047873824834823636e-01
1.046641781926155035e-01
1.045318827033042963e-01
1.043818771839141873e-01
1.042429149150848333e-01
1.041186824440956116e-01
1.039904981851577787e-01
1.038610368967056302e-01
1.037372440099716131e-01
1.036156088113784762e-01
1.034906491637229975e-01
1.033654585480690002e-01
1.032453209161758451e-01
1.031253814697265653e-01
1.030119419097900446e-01
1.029043644666671753e-01
1.027991399168968201e-01
1.026849180459976224e-01
1.025725051760673495e-01
1.024611547589302091e-01
1.023547232151031522e-01
1.022493571043014554e-01
1.021423563361167908e-01
1.020411118865013067e-01
1.019447922706604032e-01
1.018521830439567538e-01
1.017516657710075406e-01
1.016581773757934543e-01
1.015653178095817510e-01
1.014692589640617398e-01
1.013778418302535983e-01
1.012796282768249484e-01
1.011763855814933749e-01
1.010605156421661432e-01
1.009536385536193848e-01
1.008381426334381131e-01
1.007172301411628779e-01
1.006017476320266724e-01
1.004858672618866022e-01
1.003635555505752591e-01
1.002313226461410550e-01
1.001059830188751193e-01
9.997143745422362726e-02
9.984064549207687100e-02
9.971159547567368109e-02
9.958681166172027310e-02
9.945733696222305853e-02
9.933115243911742887e-02
9.921355545520782471e-02
9.909520894289017279e-02
9.898080378770827970e-02
9.886995255947113315e-02
9.876025021076202670e-02
9.865366965532303134e-02
9.854622930288314819e-02
9.843623787164687555e-02
9.833030849695205411e-02
9.822312295436859408e-02
9.811657071113585871e-02
9.801113605499267578e-02
9.790834188461303156e-02
9.780861586332320612e-02
9.770819395780563910e-02
9.761412143707275113e-02
9.751397669315338412e-02
9.741737693548202515e-02
9.732148945331572931e-02
9.722426980733871182e-02
9.712430387735367099e-02
9.701981395483016968e-02
9.692119061946868896e-02
9.681847691535949707e-02
9.671243429183959406e-02
9.659954458475113193e-02
9.649497121572495062e-02
9.638626873493194580e-02
9.627701342105865479e-02
9.616767615079879761e-02
9.605327993631362915e-02
9.593271762132644931e-02
9.581343382596969882e-02
9.569555968046188077e-02
9.557904154062271673e-02
9.546873569488525946e-02
9.535727649927139282e-02
9.524816274642944336e-02
9.514271020889282504e-02
9.504186809062957486e-02
9.494697600603103915e-02
9.485947936773300726e-02
9.477174580097198764e-02
9.468670785427094061e-02
9.461092948913574219e-02
9.451860338449477594e-02
9.440992474555968961e-02
9.430383890867233276e-02
9.420218169689179022e-02
9.410440027713776190e-02
9.401561766862868985e-02
9.392153024673462192e-02
9.381436705589293878e-02
9.370583295822143555e-02
9.358963966369629461e-02
9.348495453596114557e-02
9.337933659553528110e-02
9.327593892812728604e-02
9.317421913146972656e-02
9.307800084352493841e-02
9.299247562885284979e-02
9.290323555469512384e-02
9.282301217317581732e-02
9.274391680955887396e-02
9.266722649335860928e-02
9.259055107831955234e-02
9.251442104578018466e-02
9.242312163114548007e-02
9.232328534126281461e-02
9.221220910549163263e-02
9.209582209587097168e-02
9.197878688573837835e-02
9.186604470014572699e-02
9.175622314214706976e-02
9.165965467691421231e-02
9.157252311706542969e-02
9.147651344537735540e-02
9.137846678495406549e-02
9.128544181585311612e-02
9.118916988372802179e-02
9.109586179256438931e-02
9.100166261196136752e-02
9.090752750635147650e-02
9.081461429595946711e-02
9.072169959545135776e-02
9.062040448188782293e-02
9.052568525075913031e-02
9.043123573064804077e-02
9.033369719982146939e-02
9.024273306131362637e-02
9.014969319105148315e-02
9.005499035120009821e-02
8.996205925941466730e-02
8.986960351467132568e-02
8.977616280317306241e-02
8.968518525362015326e-02
8.959366083145141324e-02
8.950020074844360074e-02
8.941785395145415705e-02
8.934062421321868619e-02
8.926598578691483099e-02
8.918916136026382169e-02
8.911374211311340332e-02
8.903417587280273993e-02
8.895093649625777921e-02
8.886158466339111328e-02
8.876937776803969782e-02
8.867370337247848511e-02
8.858251869678497592e-02
8.849056363105774203e-02
8.840320706367492398e-02
8.832558691501617154e-02
8.825696408748626154e-02
8.817872852087020596e-02
8.810612559318542480e-02
8.803009092807770331e-02
8.794346600770949762e-02
8.785699754953384122e-02
8.777228146791457575e-02
8.768391311168670377e-02
8.758907765150070190e-02
8.749465346336364469e-02
8.738178610801697332e-02
8.727381676435470859e-02
8.716820180416107178e-02
8.706916570663451871e-02
8.697563260793686468e-02
8.688249886035918912e-02
8.678435832262039462e-02
8.668602257966995239e-02
8.659278154373169223e-02
8.650354892015457708e-02
8.642456233501434604e-02
8.634294718503951471e-02
8.626120090484619418e-02
8.618034720420837680e-02
8.609482496976852972e-02
8.599738925695418756e-02
8.590652942657470148e-02
8.581869006156921109e-02
8.572632968425750177e-02
8.563218116760254461e-02
8.554318398237228949e-02
8.546870797872543890e-02
8.538955748081207553e-02
8.531735241413115900e-02
8.524686396121979037e-02
8.518377244472503940e-02
8.511085063219070435e-02
8.503651916980743686e-02
8.496415168046951572e-02
8.487638533115386685e-02
8.479216694831848145e-02
8.469914942979812900e-02
8.460065275430679599e-02
8.450172245502471369e-02
8.439852148294449408e-02
8.428948670625686923e-02
8.418567180633544644e-02
8.409322202205657404e-02
8.401060998439788263e-02
8.393521457910538275e-02
8.386269360780715387e-02
8.379134535789489746e-02
8.372326344251632135e-02
8.364885300397872925e-02
8.357571512460708341e-02
8.349739313125610629e-02
8.342252522706986029e-02
8.334895521402359286e-02
8.328024148941040594e-02
8.321600705385208407e-02
8.314500302076339999e-02
8.307663053274154386e-02
8.300858736038208008e-02
8.293736875057219904e-02
8.285267800092696588e-02
8.277298361063004095e-02
8.269672542810439786e-02
8.261252194643020630e-02
8.252371698617935736e-02
8.243682235479354858e-02
8.235128670930862149e-02
8.226849287748336237e-02
8.218802660703658503e-02
8.211639672517775934e-02
8.205094784498215277e-02
8.198746591806412021e-02
8.192595988512038629e-02
8.186595141887664795e-02
8.180975168943405151e-02
8.175351321697235663e-02
8.168928027153014859e-02
8.161411285400391180e-02
8.153780400753021795e-02
8.145579844713210504e-02
8.137064129114150723e-02
8.128760755062103271e-02
8.120837807655334473e-02
8.113680928945540827e-02
8.106271475553512851e-02
8.099524974822998324e-02
8.092795908451080877e-02
8.086124807596206665e-02
8.080251812934875766e-02
8.074635416269301813e-02
8.069825917482376099e-02
8.064510971307754794e-02
8.058849722146987915e-02
8.052854984998703003e-02
8.046097308397293091e-02
8.038500398397445401e-02
8.031091094017028809e-02
8.023036718368529996e-02
8.016284555196762085e-02
8.009129166603087824e-02
8.001766651868820468e-02
7.994194924831390936e-02
7.987394183874130249e-02
7.980718761682510654e-02
7.973100692033767423e-02
7.965017557144164762e-02
7.955203056335449774e-02
7.945884317159652988e-02
7.937757968902588168e-02
7.930483222007751742e-02
7.924092561006546021e-02
7.918514609336853305e-02
7.912940829992294589e-02
7.907325625419617254e-02
7.901740670204163153e-02
7.896136641502379816e-02
7.889983206987380426e-02
7.883490175008774081e-02
7.877772897481918890e-02
7.871341109275817316e-02
7.865126878023147305e-02
7.859369516372680109e-02
7.853597104549407681e-02
7.847584336996078769e-02
7.841030955314635953e-02
7.833846509456635077e-02
7.827337831258773804e-02
7.821366339921950739e-02
7.815979868173598966e-02
7.810135930776596069e-02
7.803682386875152033e-02
7.797269225120544156e-02
7.789465039968490601e-02
7.780911624431610663e-02
7.772790640592575073e-02
7.764613330364227017e-02
7.755171209573745450e-02
7.745456397533416470e-02
7.736524641513824185e-02
7.727593630552291593e-02
7.718664109706878385e-02
7.710110694169998447e-02
7.702580392360687533e-02
7.695112228393555243e-02
7.687576562166213712e-02
7.680289149284362515e-02
7.672822028398514072e-02
7.665579617023468573e-02
7.659024447202682218e-02
7.652150094509124756e-02
7.645282000303268988e-02
7.638259679079055509e-02
7.631212025880813876e-02
7.623854130506516058e-02
7.616669237613678256e-02
7.609503716230392456e-02
7.602296769618988037e-02
7.594963461160660068e-02
7.588271796703338623e-02
7.581871896982192438e-02
7.576271891593933105e-02
7.571138590574263971e-02
7.565480023622513095e-02
7.559275180101394931e-02
7.553606033325195590e-02
7.547146379947662631e-02
7.539861351251601895e-02
7.532603889703751165e-02
7.525196671485900879e-02
7.517750263214111051e-02
7.510626614093780795e-02
7.503942847251891812e-02
7.497056871652603427e-02
7.490365058183670599e-02
7.484382390975952148e-02
7.478611618280410489e-02
7.472609579563141424e-02
7.466705292463302057e-02
7.461530417203902921e-02
7.456102371215819757e-02
7.451016306877136786e-02
7.446150928735732755e-02
7.441624999046325684e-02
7.437745183706283292e-02
7.434294819831847867e-02
7.429567724466323853e-02
7.424153983592987616e-02
7.417799085378647128e-02
7.410721629858016413e-02
7.404318004846573154e-02
7.398534715175628107e-02
7.393484264612197598e-02
7.386788576841354925e-02
7.379641234874725897e-02
7.373367398977279108e-02
7.366654276847839355e-02
7.361250966787338812e-02
7.355509251356125155e-02
7.348765730857849399e-02
7.341480702161788663e-02
7.333921045064925592e-02
7.326489686965942383e-02
7.318885177373886386e-02
7.312131971120834628e-02
7.305835634469985684e-02
7.299319654703140259e-02
7.292462140321731567e-02
7.286548316478728970e-02
7.281597256660461703e-02
7.276900857686996460e-02
7.271322906017303744e-02
7.265257090330123901e-02
7.259446382522583008e-02
7.252859771251678189e-02
7.245726883411407471e-02
7.237915992736816684e-02
7.230504453182221014e-02
7.223834246397017878e-02
7.217598557472229559e-02
7.211765497922897894e-02
7.206405848264693659e-02
7.201804667711257657e-02
7.197311818599701205e-02
7.192273288965225775e-02
7.187087833881378174e-02
7.182580232620239258e-02
7.177951931953430176e-02
7.173180729150771540e-02
7.168945670127868652e-02
7.163549512624740878e-02
7.158676981925964078e-02
7.154165059328079779e-02
7.148989737033843717e-02
7.143097817897796353e-02
7.137238234281539917e-02
7.130264341831207831e-02
7.122859805822372159e-02
7.114463597536087314e-02
7.106178551912308017e-02
7.099341154098511020e-02
7.093430459499358576e-02
7.087744027376174927e-02
7.082528024911879938e-02
7.077591866254806519e-02
7.073698043823242743e-02
7.069829404354095737e-02
7.066291719675063532e-02
7.062650173902511319e-02
7.058280706405639648e-02
7.053793370723723810e-02
7.049759477376937866e-02
7.045450657606125433e-02
7.040262520313263217e-02
7.033499479293822687e-02
7.026426792144775668e-02
7.018582522869110107e-02
7.010747045278549472e-02
7.004336118698120672e-02
6.999042183160782138e-02
6.994220167398453036e-02
6.989953070878981989e-02
6.985666453838348944e-02
6.981576383113860529e-02
6.977601945400238592e-02
6.973966956138610840e-02
6.969622224569320401e-02
6.964787989854812067e-02
6.959301084280014593e-02
6.953153312206268588e-02
6.947612613439560492e-02
6.941038072109222135e-02
6.934165358543395441e-02
6.927032470703124722e-02
6.920206844806671420e-02
6.913514882326125821e-02
6.907044798135757169e-02
6.900587379932403287e-02
6.894245743751525879e-02
6.888156235218048651e-02
6.881830990314483087e-02
6.875786632299422940e-02
6.869774758815765103e-02
6.863690018653870184e-02
6.857768148183822354e-02
6.851559877395629883e-02
6.845700144767760675e-02
6.840270757675170898e-02
6.834930032491684515e-02
6.829676181077956598e-02
6.823808550834656317e-02
6.817968934774398804e-02
6.813038587570190152e-02
6.808386445045470914e-02
6.804154068231582642e-02
6.800169497728347778e-02
6.796110123395919522e-02
6.792178452014922818e-02
6.787627637386321744e-02
6.783466786146163940e-02
6.778379231691360196e-02
6.772629171609878540e-02
6.766765713691710871e-02
6.760323345661163608e-02
6.753508895635604303e-02
6.746255755424498957e-02
6.739556342363357822e-02
6.733932644128799716e-02
6.728548705577849787e-02
6.723642945289612372e-02
6.718838512897491733e-02
6.714138239622116644e-02
6.709465235471726019e-02
6.704608947038651068e-02
6.699559539556503018e-02
6.694389134645462036e-02
6.689116507768630426e-02
6.684794425964354914e-02
6.679631918668746393e-02
6.674895733594894687e-02
6.670819371938704889e-02
6.667032539844512662e-02
6.663213819265365045e-02
6.659939736127853949e-02
6.656448841094970981e-02
6.652147471904754084e-02
6.647466421127319613e-02
6.641669124364853183e-02
6.635177284479140680e-02
6.628275811672210138e-02
6.621109098196029108e-02
6.614608168601990301e-02
6.608690768480300626e-02
6.603493392467499334e-02
6.598359197378159124e-02
6.593517065048218329e-02
6.588390916585921964e-02
6.583215445280074518e-02
6.577789187431334894e-02
6.572296470403671265e-02
6.567664891481399259e-02
6.563239693641662043e-02
6.558260321617126465e-02
6.553782075643539706e-02
6.549509167671203891e-02
6.545173376798629761e-02
6.540491431951522827e-02
6.536425799131392878e-02
6.532702445983887274e-02
6.528711020946502408e-02
6.523831635713576993e-02
6.518767476081847867e-02
6.513373851776123324e-02
6.507903486490249079e-02
6.502779871225357333e-02
6.497307866811752319e-02
6.492312848567963202e-02
6.487492620944976252e-02
6.483035236597060880e-02
6.478029340505600531e-02
6.472749412059783380e-02
6.467099785804748813e-02
6.461730599403381348e-02
6.456301808357238492e-02
6.451447606086731235e-02
6.446834504604340155e-02
6.442312598228454312e-02
6.437896490097046176e-02
6.433703750371932983e-02
6.429825574159622747e-02
6.425425857305526456e-02
6.421109437942504328e-02
6.415903717279433649e-02
6.411126106977463324e-02
6.406198740005493442e-02
6.400990188121795377e-02
6.395586729049682062e-02
6.389762014150619784e-02
6.384031772613525668e-02
6.378336697816848477e-02
6.372590363025665283e-02
6.367052495479583185e-02
6.361831873655318659e-02
6.356482356786727350e-02
6.351223289966582974e-02
6.346286535263061246e-02
6.341112852096557340e-02
6.335767209529877264e-02
6.330505311489105502e-02
6.325633376836777011e-02
6.320800483226776678e-02
6.315269470214843195e-02
6.309990137815475741e-02
6.305356621742248813e-02
6.300536841154098788e-02
6.295554339885711670e-02
6.290840506553649347e-02
6.286352425813675204e-02
6.282186582684516629e-02
6.277483776211738309e-02
6.272876858711243231e-02
6.267343983054160517e-02
6.262161284685134610e-02
6.256498545408248346e-02
6.250896453857421320e-02
6.245728135108948031e-02
6.241073533892631253e-02
6.236408352851867398e-02
6.231895759701729098e-02
6.227937936782836775e-02
6.224078908562660079e-02
6.219959259033203125e-02
6.216063350439071655e-02
6.212002411484718323e-02
6.207344606518745700e-02
6.202282682061195651e-02
6.198045760393142839e-02
6.193842664361000339e-02
6.189473941922187666e-02
6.184756532311439653e-02
6.179836913943290849e-02
6.174786612391471724e-02
6.169210299849510470e-02
6.163371726870536804e-02
6.158260628581047058e-02
6.153611317276954512e-02
6.149117574095726291e-02
6.144967079162597795e-02
6.141001060605048856e-02
6.137136891484260698e-02
6.132990568876266202e-02
6.128566339612007141e-02
6.123986318707465987e-02
6.119081005454063416e-02
6.114520356059074263e-02
6.109987050294875960e-02
6.105435341596603116e-02
6.100873053073883195e-02
6.096265837550163269e-02
6.091795489192008972e-02
6.087509468197822848e-02
6.083060875535011014e-02
6.078588441014289717e-02
6.074509024620056152e-02
6.070405989885330200e-02
6.066174283623695235e-02
6.061724424362182478e-02
6.057666242122650146e-02
6.053769290447234830e-02
6.049361601471901079e-02
6.044834256172180315e-02
6.040551885962486267e-02
6.036135181784629822e-02
6.031404882669448575e-02
6.026727482676506181e-02
6.022601798176765303e-02
6.018369346857070645e-02
6.014307737350464006e-02
6.010395362973212918e-02
6.006263792514800887e-02
6.002296432852745334e-02
5.998540073633194109e-02
5.995016917586326599e-02
5.991470143198966702e-02
5.987886935472488265e-02
5.984391272068023682e-02
5.980397090315818509e-02
5.976030379533767839e-02
5.971373245120048523e-02
5.966849252581596375e-02
5.962191075086593905e-02
5.957277342677116255e-02
5.953028127551078519e-02
5.949611961841583252e-02
5.944933295249939242e-02
5.940730571746825894e-02
5.936393737792968611e-02
5.931828394532203536e-02
5.926998555660247664e-02
5.922383889555930814e-02
5.917725116014480730e-02
5.913847759366035184e-02
5.910631567239761630e-02
5.906933993101119718e-02
5.903462767601012906e-02
5.900081843137740950e-02
5.896103754639625549e-02
5.890986919403076033e-02
5.885557085275650024e-02
5.879740789532661438e-02
5.874251723289489885e-02
5.868755728006362637e-02
5.863304808735847473e-02
5.858726724982261935e-02
5.854511857032775740e-02
5.850528553128242493e-02
5.846101716160774509e-02
5.842357948422431668e-02
5.837815105915069441e-02
5.834055617451668063e-02
5.831031873822212219e-02
5.828294381499290328e-02
5.825686380267143527e-02
5.823012590408325334e-02
5.819794684648513933e-02
5.816963836550712724e-02
5.812660530209541598e-02
5.806785076856613159e-02
5.801102966070174893e-02
5.795482695102691789e-02
5.790036022663116316e-02
5.785026028752326965e-02
5.780462473630905429e-02
5.776596590876579423e-02
5.772975385189056674e-02
5.769401118159293851e-02
5.765368267893791060e-02
5.761393979191779813e-02
5.757149681448936462e-02
5.752711817622184476e-02
5.748664587736129761e-02
5.744909569621085843e-02
5.741207823157310625e-02
5.737318843603134155e-02
5.733682587742805481e-02
5.729744508862495700e-02
5.725759938359260837e-02
5.722289681434631486e-02
5.718403011560439786e-02
5.714263767004013062e-02
5.710157975554466109e-02
5.705964416265487532e-02
5.701628103852272172e-02
5.697464719414711137e-02
5.692966207861900607e-02
5.688496083021164079e-02
5.684290379285812655e-02
5.680757910013198991e-02
5.677159577608108243e-02
5.673458725214004794e-02
5.670010223984718600e-02
5.666631162166595181e-02
5.663534700870513638e-02
5.660335421562194547e-02
5.657493397593497952e-02
5.653954967856407443e-02
5.650339648127555847e-02
5.646913573145866116e-02
5.643651485443115096e-02
5.639899298548698564e-02
5.635334849357605258e-02
5.630340725183487216e-02
5.625564977526664734e-02
5.620873346924781799e-02
5.616500303149223050e-02
5.611831918358802657e-02
5.607596561312675615e-02
5.603640973567962369e-02
5.599972456693649153e-02
5.596306174993515015e-02
5.593160241842269620e-02
5.589442998170852939e-02
5.586133375763892989e-02
5.583297982811927934e-02
5.579495504498481473e-02
5.575741529464721402e-02
5.571778267621994157e-02
5.567372813820838789e-02
5.563150271773338595e-02
5.559601858258247237e-02
5.555908381938934326e-02
5.552118197083473483e-02
5.548098981380462924e-02
5.543800517916679105e-02
5.540029555559158186e-02
5.535481795668602267e-02
5.530966147780418118e-02
5.526782274246215543e-02
5.522768497467041293e-02
5.518531352281570712e-02
5.514628514647483548e-02
5.511386096477508684e-02
5.507860928773879866e-02
5.504253208637237271e-02
5.500262603163719177e-02
5.496444180607795715e-02
5.492780804634093961e-02
5.489299669861793379e-02
5.485942289233207425e-02
5.481959208846091947e-02
5.477053970098495761e-02
5.471665635704994063e-02
5.467187166213989535e-02
5.463461279869079312e-02
5.460659712553024570e-02
5.458037257194518765e-02
5.455601960420608521e-02
5.453160703182220737e-02
5.451054275035858293e-02
5.449520573019981523e-02
5.447410941123962541e-02
5.445163920521736006e-02
5.443045496940612793e-02
5.441591814160347262e-02
5.439164340496063094e-02
5.435780584812164445e-02
5.431988909840583524e-02
5.427900850772857805e-02
5.422853305935859680e-02
5.418487414717674394e-02
5.413592308759689053e-02
5.408754199743270874e-02
5.404637530446052690e-02
5.400856658816337308e-02
5.397026166319847384e-02
5.392279922962188443e-02
5.388349592685699740e-02
5.384313538670539717e-02
5.380092859268188754e-02
5.376419499516486844e-02
5.372744128108024320e-02
5.368731170892715454e-02
5.365423411130905429e-02
5.361958518624306003e-02
5.357819125056266507e-02
5.352137535810470859e-02
5.346579775214195529e-02
5.341109707951545438e-02
5.336080268025398393e-02
5.330516174435615678e-02
5.325685590505600114e-02
5.321520864963531772e-02
5.318210199475288669e-02
5.314705744385719161e-02
5.311237797141075273e-02
5.307981818914413175e-02
5.305118486285209656e-02
5.301700383424758772e-02
5.297503471374511580e-02
5.292617082595825473e-02
5.287283211946487704e-02
5.282048285007476945e-02
5.276774093508720259e-02
5.271930471062660079e-02
5.267541408538818637e-02
5.263402238488197604e-02
5.259499773383140286e-02
5.255883857607841769e-02
5.252871364355087003e-02
5.250746682286262790e-02
5.248444005846977095e-02
5.246175229549408098e-02
5.244153514504432817e-02
5.241235494613647600e-02
5.237952247262001038e-02
5.234587490558624545e-02
5.231262892484665056e-02
5.227577090263366838e-02
5.223891213536262235e-02
5.219566524028777799e-02
5.216309875249862393e-02
5.213716477155685286e-02
5.210033431649208069e-02
5.206196829676627835e-02
5.203053802251815518e-02
5.199491679668426236e-02
5.196254253387451449e-02
5.193544849753380099e-02
5.190914273262024065e-02
5.188044160604476929e-02
5.185870528221130094e-02
5.183771178126335422e-02
5.182188972830772261e-02
5.180640146136283875e-02
5.178673118352890292e-02
5.175637975335121294e-02
5.171092450618743758e-02
5.166148394346237183e-02
5.161382630467414856e-02
5.156859531998634477e-02
5.152404829859733720e-02
5.147916078567504883e-02
5.143248513340949873e-02
5.139250308275222778e-02
5.135181918740272522e-02
5.131561979651451388e-02
5.127800256013870239e-02
5.124085023999214172e-02
5.120412185788154880e-02
5.116832628846168518e-02
5.113429874181747714e-02
5.110155269503593306e-02
5.107214078307151933e-02
5.104530677199363431e-02
5.101985558867454251e-02
5.099139586091041426e-02
5.096029415726661960e-02
5.092799961566925326e-02
5.089373737573623518e-02
5.086563974618911466e-02
5.083992257714271823e-02
5.080577582120895247e-02
5.076832249760628024e-02
5.072899907827377319e-02
5.068920329213142534e-02
5.065051615238189836e-02
5.060891285538673262e-02
5.056878700852394243e-02
5.052862241864204684e-02
5.048923864960670749e-02
5.045925006270408908e-02
5.042887851595878601e-02
5.039777010679245134e-02
5.036700144410133362e-02
5.033748373389244218e-02
5.030978992581367631e-02
5.028360709547996521e-02
5.025258883833885054e-02
5.021938607096672336e-02
5.018195360898971419e-02
5.014177635312080245e-02
5.010220035910606384e-02
5.006220340728759904e-02
5.002112984657287875e-02
4.998901709914207320e-02
4.996472820639610152e-02
4.994200468063354770e-02
4.992483407258987288e-02
4.990400746464729309e-02
4.988232776522636552e-02
4.986266866326331815e-02
4.984463453292846402e-02
4.981985613703728000e-02
4.978976771235466003e-02
4.976278021931648116e-02
4.973309561610221585e-02
4.969491437077522278e-02
4.964379742741584917e-02
4.959046989679336687e-02
4.953653439879417142e-02
4.948790520429611345e-02
4.945112317800522128e-02
4.941944107413291654e-02
4.939424768090248247e-02
4.937340244650841037e-02
4.935298487544059753e-02
4.932605624198913713e-02
4.928717538714409013e-02
4.924374222755432268e-02
4.920312911272049089e-02
4.916050881147384505e-02
4.911976009607314786e-02
4.907939732074737688e-02
4.904420822858810564e-02
4.901546612381935120e-02
4.898724928498267989e-02
4.895923882722854475e-02
4.893047437071799954e-02
4.890307188034057756e-02
4.887419790029525618e-02
4.884346723556518693e-02
4.881711155176162581e-02
4.879399910569191118e-02
4.877128005027771274e-02
4.875178039073944231e-02
4.872970879077911238e-02
4.870747253298759322e-02
4.868084192276000977e-02
4.864942580461502353e-02
4.861585870385169705e-02
4.857669845223426541e-02
4.853780418634414534e-02
4.849887266755104065e-02
4.845650345087051253e-02
4.842319563031196455e-02
4.839260056614876071e-02
4.835995659232139587e-02
4.832832068204880038e-02
4.829581528902053555e-02
4.826455935835838318e-02
4.823546633124351640e-02
4.820526912808418413e-02
4.817348271608352939e-02
4.814322441816330095e-02
4.811442866921424727e-02
4.808505252003669739e-02
4.805513545870780667e-02
4.802250340580940108e-02
4.798658862709999362e-02
4.795056283473968228e-02
4.791671708226204196e-02
4.788553640246391574e-02
4.786028042435645780e-02
4.783527925610542297e-02
4.780775904655456404e-02
4.778402969241142551e-02
4.776456132531166354e-02
4.774589613080024858e-02
4.772738739848136902e-02
4.770693033933639388e-02
4.768198505043983598e-02
4.765622466802597185e-02
4.762914404273033142e-02
4.759586155414581576e-02
4.756039083003997525e-02
4.752455949783325473e-02
4.749442115426063399e-02
4.747336283326149264e-02
4.746120870113372525e-02
4.744685441255569458e-02
4.743132293224334994e-02
4.741701260209083696e-02
4.740441143512726108e-02
4.739527627825736861e-02
4.737398251891136031e-02
4.734743013978004456e-02
4.731455966830253740e-02
4.727215394377708158e-02
4.722766205668449402e-02
4.718459397554397583e-02
4.714684113860130588e-02
4.710965976119041443e-02
4.707809388637542586e-02
4.705210104584693631e-02
4.702379480004310885e-02
4.699673131108283997e-02
4.695357829332351407e-02
4.690676704049110551e-02
4.686337932944297652e-02
4.681687280535697798e-02
4.677387028932571134e-02
4.673202633857727328e-02
4.668953195214271823e-02
4.665480554103851318e-02
4.662332013249397000e-02
4.659001156687736511e-02
4.655145108699798584e-02
4.650850966572761536e-02
4.646820276975631436e-02
4.643320515751838545e-02
4.640201255679130693e-02
4.637236744165420393e-02
4.634464234113692960e-02
4.632020145654678484e-02
4.629903137683868269e-02
4.627941697835922380e-02
4.625716283917426924e-02
4.623174443840980669e-02
4.620565101504325867e-02
4.617807567119598666e-02
4.614664763212204118e-02
4.611354544758796553e-02
4.607755988836288730e-02
4.604243412613868991e-02
4.600791186094284335e-02
4.598108083009719987e-02
4.595426768064499179e-02
4.593111127614975253e-02
4.591196328401565829e-02
4.589006081223487993e-02
4.586854055523872237e-02
4.584917649626731734e-02
4.583084210753440857e-02
4.580715224146843234e-02
4.578594937920570096e-02
4.576075896620750150e-02
4.573868960142135620e-02
4.571781083941459795e-02
4.569721296429633817e-02
4.566619396209716658e-02
4.562792554497718811e-02
4.558431580662727217e-02
4.554234594106674333e-02
4.550905451178550998e-02
4.547333642840385715e-02
4.544387236237525801e-02
4.541740044951438765e-02
4.538878053426742554e-02
4.536429420113563538e-02
4.533879607915878435e-02
4.530789107084274431e-02
4.526741132140159329e-02
4.522564932703972140e-02
4.518767744302749911e-02
4.514965340495109836e-02
4.511388987302780013e-02
4.508457556366920332e-02
4.505280628800392012e-02
4.502618983387947360e-02
4.500621035695075850e-02
4.498721659183502197e-02
4.496363550424575806e-02
4.492973908782005310e-02
4.489269554615020474e-02
4.486066326498985152e-02
4.483159631490707397e-02
4.480205923318862637e-02
4.477924779057503024e-02
4.475681558251380643e-02
4.473643228411674361e-02
4.471643716096877774e-02
4.469462409615516940e-02
4.467396661639213423e-02
4.466306939721107622e-02
4.464229941368103027e-02
4.460809230804443221e-02
4.456860795617103438e-02
4.453400224447250089e-02
4.450427368283271790e-02
4.447725340723991672e-02
4.445596188306808610e-02
4.443679451942443570e-02
4.442218244075775424e-02
4.440045654773712436e-02
4.437863454222679138e-02
4.435147121548652788e-02
4.432301074266433577e-02
4.429854750633240024e-02
4.427317753434181075e-02
4.423875138163566728e-02
4.420758038759231567e-02
4.417857080698013583e-02
4.415138587355613847e-02
4.413306415081023892e-02
4.412693232297897061e-02
4.412875697016716003e-02
4.412267655134201327e-02
4.410621896386146545e-02
4.408148601651191989e-02
4.404663443565368791e-02
4.399726092815399447e-02
4.394801855087280412e-02
4.390537217259406905e-02
4.387340098619461198e-02
4.385297670960426608e-02
4.382705390453338345e-02
4.379304274916649004e-02
4.376366883516311784e-02
4.373060837388038913e-02
4.370493367314338962e-02
4.367274194955825944e-02
4.363897889852523526e-02
4.361251518130302568e-02
4.359377473592758456e-02
4.357474148273467879e-02
4.355609491467475614e-02
4.353680536150932034e-02
4.351672157645225525e-02
4.349435046315193454e-02
4.346685782074928561e-02
4.343874230980872969e-02
4.341185167431831082e-02
4.338680580258369446e-02
4.335867613554000854e-02
4.332758039236069003e-02
4.329684600234031538e-02
4.326619654893874845e-02
4.323329403996467590e-02
4.320428296923637529e-02
4.317810088396072110e-02
4.314755052328109880e-02
4.311789944767951965e-02
4.308528676629066329e-02
4.305376112461090088e-02
4.302394166588783403e-02
4.299486353993416110e-02
4.296690523624420444e-02
4.293657094240188599e-02
4.290460497140884122e-02
4.288025200366973877e-02
4.284924417734146257e-02
4.281560033559798917e-02
4.278374537825584134e-02
4.275314882397651672e-02
4.272016733884811263e-02
4.268584921956062456e-02
4.265397414565086365e-02
4.262379035353660445e-02
4.259177595376968661e-02
4.256521984934806546e-02
4.253926500678062439e-02
4.251262769103050093e-02
4.248224571347236633e-02
4.245187118649482866e-02
4.242383167147636275e-02
4.240038916468620578e-02
4.237891957163810591e-02
4.236025810241698941e-02
4.234070479869842668e-02
4.232451170682906966e-02
4.231209233403206149e-02
4.230388030409813066e-02
4.228972494602203230e-02
4.228068888187408447e-02
4.226086437702179094e-02
4.224090278148651123e-02
4.220719411969185014e-02
4.218101799488067905e-02
4.215878695249557218e-02
4.214171543717384200e-02
4.212975353002548079e-02
4.210902824997901639e-02
4.208509474992751936e-02
4.206350967288017412e-02
4.203717634081840376e-02
4.200481772422790666e-02
4.197624027729034146e-02
4.194609299302100996e-02
4.191832616925239563e-02
4.188823476433754106e-02
4.185532853007316312e-02
4.182414188981056075e-02
4.179216474294662753e-02
4.175803810358047485e-02
4.172012284398078641e-02
4.168412014842033664e-02
4.165077209472656250e-02
4.162003472447395325e-02
4.158870056271553317e-02
4.156342968344688138e-02
4.154250919818878313e-02
4.152660369873047153e-02
4.150935634970664978e-02
4.149037599563598633e-02
4.146897196769714494e-02
4.144794866442680359e-02
4.142296016216277799e-02
4.139832854270934781e-02
4.137197136878967285e-02
4.134755507111549655e-02
4.132102653384208540e-02
4.129703938961028914e-02
4.127355441451072832e-02
4.124639481306076327e-02
4.121892303228378435e-02
4.119143784046173234e-02
4.116258025169372559e-02
4.113878905773162703e-02
4.111146107316017428e-02
4.108742550015449801e-02
4.106474295258522034e-02
4.103929251432418546e-02
4.102272242307662686e-02
4.100923091173171858e-02
4.099547863006591797e-02
4.098608568310737471e-02
4.097285196185111722e-02
4.094805121421814242e-02
4.092330858111381531e-02
4.090047925710678378e-02
4.086859002709388594e-02
4.083666503429413119e-02
4.079877436161041121e-02
4.076297208666801453e-02
4.072505384683609148e-02
4.069682061672210555e-02
4.067657738924026350e-02
4.066123589873314043e-02
4.064552783966064731e-02
4.062710553407668929e-02
