1.815617002740206043e-01
1.829837930544589986e-01
1.770719562579614048e-01
1.772892556841096368e-01
1.778780750806730482e-01
1.763804102938370255e-01
1.761606244002411892e-01
1.760267219531094218e-01
1.747577984096233827e-01
1.753832059471548965e-01
1.757748229696979858e-01
1.753822044575805428e-01
1.753742925988722168e-01
1.743748072576691566e-01
1.746856285062751146e-01
1.745849906785570116e-01
1.747569262965246450e-01
1.751969012115059121e-01
1.752247292904499931e-01
1.750641551548955122e-01
1.750323387703559830e-01
1.754033908864119640e-01
1.755620941318067618e-01
1.755566192055754426e-01
1.753693062327132401e-01
1.752676715903208338e-01
1.753801778567216363e-01
1.753921688628428677e-01
1.751591897854912205e-01
1.752306944714614456e-01
1.750770299062506807e-01
1.751306352528262666e-01
1.752872438298192226e-01
1.753225619856490225e-01
1.753282032075859365e-01
1.754151570993770226e-01
1.753805920294141674e-01
1.753331389519642292e-01
1.753365169779882993e-01
1.752982856842909276e-01
1.751984411805654618e-01
1.751704573461451142e-01
1.753972680630531966e-01
1.753805313045968539e-01
1.754165637563637470e-01
1.754731135341916770e-01
1.755645439675794506e-01
1.756400041333938677e-01
1.755898982455693647e-01
1.756756835878584833e-01
1.755693859580146898e-01
1.755370003983443006e-01
1.755600394651172791e-01
1.755259510927351108e-01
1.756691141870040940e-01
1.756857231688769005e-01
1.756572897733265637e-01
1.756673809557730837e-01
1.756363683629927064e-01
1.756462269580136015e-01
1.756602115384198748e-01
1.756555832562282371e-01
1.757056835684405460e-01
1.757819660079864843e-01
1.757709688622088318e-01
1.757806220746705728e-01
1.758188814014240708e-01
1.756862422689644820e-01
1.757198912808466129e-01
1.756742757916252839e-01
1.757159299782750927e-01
1.756997588551299228e-01
1.756883468430694151e-01
1.757446761458420215e-01
1.757102179022915767e-01
1.757584005039543040e-01
1.757506620430338562e-01
1.757331486845898905e-01
1.757535136439543899e-01
1.758049808136535608e-01
1.757330691053919647e-01
1.757272846900292396e-01
1.756784139777725351e-01
1.757407021382941248e-01
1.757612221816019504e-01
1.757726992441077107e-01
1.758293323920612217e-01
1.759083496150418702e-01
1.758447620195527084e-01
1.758469238174581728e-01
1.758492703607117957e-01
1.758114864060357774e-01
1.757899747020029435e-01
1.758347482583203503e-01
1.758891677132992659e-01
1.759345509002626096e-01
1.759606902415903618e-01
1.759654406563699869e-01
1.759712388951107931e-01
1.759362931360664017e-01
1.759325915125069806e-01
1.759339483563211459e-01
1.759414054244478887e-01
1.759369529461364268e-01
1.759310939437981336e-01
1.759467552873315022e-01
1.759768819767048020e-01
1.760123026913715527e-01
1.760485506068116546e-01
1.759793069343674465e-01
1.759861824076152936e-01
1.760087716205567809e-01
1.760383765277565571e-01
1.760724236640346385e-01
1.761105946333317018e-01
1.761282765719627275e-01
1.761522353568097388e-01
1.761122203083945181e-01
1.761294260924809452e-01
1.761440604488342387e-01
1.761250827987773937e-01
1.761386384515091219e-01
1.761407594382658759e-01
1.761516295408877553e-01
1.761913764313674524e-01
1.762060298929282454e-01
1.762064256784592886e-01
1.761850139977445551e-01
1.761827803194288833e-01
1.762314491375828462e-01
1.762407364588901848e-01
1.762441267992701510e-01
1.762357356043802448e-01
1.762326390116900898e-01
1.762261145415507380e-01
1.762514553076439672e-01
1.762515390291492234e-01
1.762843189533219168e-01
1.763048481327327000e-01
1.763144200166292530e-01
1.763525568621756856e-01
1.763105197032694693e-01
1.763509244743385884e-01
1.763566477506984254e-01
1.763610923733342495e-01
1.763582701396242403e-01
1.763859953030893213e-01
1.763583515815837777e-01
1.763505655659684535e-01
1.763324240295566503e-01
1.763059258541579966e-01
1.763265652602247491e-01
1.763355178536138157e-01
1.763215397523008598e-01
1.763183450968912325e-01
1.763392441641254416e-01
1.763317012513359594e-01
1.763384285237223348e-01
1.763911613273809742e-01
1.763823316335005054e-01
1.763811054013630919e-01
1.763617819629312022e-01
1.763461958023352094e-01
1.763702106136887382e-01
1.763872104335061086e-01
1.763945654462766022e-01
1.763739165153251909e-01
1.763719617142514018e-01
1.763857199081378391e-01
1.764101319101910315e-01
1.764218270319983517e-01
1.764759260713190669e-01
1.764756878279717667e-01
1.764857717363644551e-01
1.764991332871718999e-01
1.764937339057593979e-01
1.764708132744250979e-01
1.764895434430995003e-01
1.764956576479608241e-01
1.764880703021703412e-01
1.764837845807731287e-01
1.765022043043087963e-01
1.765058145912152821e-01
1.765093657259464432e-01
1.764832360424217761e-01
1.765288764901277452e-01
1.765529799990174231e-01
1.765608238164401156e-01
1.765798943793383258e-01
1.765509230112876637e-01
1.765616471595722881e-01
1.765718683965087910e-01
1.765600934018768109e-01
1.765551439494112140e-01
1.765707654684151307e-01
1.765823886622551742e-01
1.765773399196509941e-01
1.765965691542331351e-01
1.766007689067304043e-01
