1.645172268152236827e-01
1.477488234639167675e-01
1.415218278765678350e-01
1.367189750075340215e-01
1.314120233058929388e-01
1.284786954522132985e-01
1.257073692977428436e-01
1.238039143383502932e-01
1.233356267213821383e-01
1.249762110412120791e-01
1.218187987804412870e-01
1.223514214158058222e-01
1.205528594553470639e-01
1.226287901401519748e-01
1.220538727939128876e-01
1.196622766554355649e-01
1.196129046380519922e-01
1.162809588015079471e-01
1.132612921297550257e-01
1.152501419186592047e-01
1.092051781713962583e-01
1.083377219736576108e-01
1.113975338637828855e-01
1.090144477784633636e-01
1.061147965490818051e-01
1.083150006830692347e-01
1.051772303879261045e-01
1.183265313506126348e-01
1.094930283725261688e-01
1.132086731493473081e-01
1.052833832800388336e-01
1.080743625760078458e-01
1.080180764198303278e-01
1.037578009068965967e-01
1.056086868047714233e-01
1.069986827671527835e-01
1.073701284825801794e-01
1.042269177734851809e-01
1.096410952508449499e-01
1.089466057717800168e-01
1.028704360127448980e-01
1.023317769169807406e-01
1.017058372497558622e-01
1.025260798633098602e-01
1.053172059357166263e-01
1.029838874936103849e-01
1.014290161430835696e-01
1.035540409386157962e-01
1.043252162635326385e-01
1.040502250194549616e-01
1.028481677174568204e-01
1.000209711492061615e-01
9.926024451851844788e-02
9.985592514276504794e-02
1.058611020445823642e-01
1.058738246560096685e-01
1.028092749416828211e-01
1.049252852797508268e-01
1.033292837440967504e-01
1.003850176930427551e-01
9.841740056872368136e-02
9.739064052700996399e-02
9.743431434035301764e-02
9.914721250534057340e-02
1.039048776030540439e-01
9.846374988555908758e-02
9.694904014468193332e-02
1.002691231667995481e-01
9.965615868568419855e-02
9.635365456342696866e-02
9.735677838325500211e-02
9.601901173591613492e-02
1.014472946524620084e-01
9.615342840552329462e-02
9.462705850601196844e-02
9.618765413761139194e-02
9.459077194333076477e-02
9.437909275293350497e-02
9.625535681843758185e-02
9.453158304095268805e-02
9.924351051449775696e-02
9.437536746263504306e-02
9.692452326416969854e-02
1.031305432319641058e-01
9.429776519536972601e-02
9.362212792038918097e-02
9.506844580173492987e-02
9.313901364803314764e-02
9.581995382905006409e-02
9.366409257054328363e-02
9.647205770015716830e-02
9.422624558210372647e-02
9.352751374244690219e-02
9.623430371284484586e-02
9.499333053827285767e-02
9.269619956612587530e-02
9.345654994249344427e-02
9.541466236114501398e-02
9.278540164232254583e-02
9.264132231473923285e-02
9.422788470983504971e-02
9.278807640075684149e-02
9.494894072413444241e-02
9.837862327694893438e-02
9.243523702025413513e-02
9.340776577591895780e-02
9.426256641745567322e-02
9.294659122824669439e-02
9.214241206645965021e-02
1.030366897583007840e-01
9.184213280677795688e-02
9.158805459737777432e-02
9.412312284111976068e-02
9.205186739563941956e-02
1.034332893788814517e-01
9.165263548493385315e-02
9.636338800191879272e-02
9.240939468145370483e-02
9.257593750953674316e-02
9.139777645468712131e-02
9.586514383554459173e-02
9.553750082850456793e-02
9.390853792428970059e-02
9.146678820252418518e-02
9.130439758300781805e-02
1.041266143321990939e-01
9.286587461829184931e-02
9.123522713780403415e-02
9.203150793910026828e-02
9.449286311864853183e-02
9.077728241682052335e-02
9.581639021635054987e-02
9.084624648094177801e-02
9.115118011832237799e-02
9.094183817505836764e-02
9.279182925820350647e-02
9.120365902781486789e-02
9.153610393404960910e-02
9.303043559193610590e-02
9.111479744315147122e-02
9.167601764202118475e-02
9.747020825743675509e-02
9.178367257118225098e-02
9.247029200196266174e-02
9.169531986117362976e-02
9.050274565815925876e-02
9.048339053988456449e-02
9.190084189176558893e-02
9.059248268604278009e-02
9.286976754665374201e-02
9.152277857065201083e-02
9.479905962944031039e-02
9.096068963408469876e-02
9.068378284573555548e-02
9.257795810699462336e-02
9.067386686801910678e-02
9.201700165867805759e-02
9.551890268921851834e-02
9.072861671447754461e-02
9.065434262156486789e-02
9.295327588915824890e-02
9.148443937301635465e-02
9.030518084764480036e-02
9.029230102896690369e-02
8.994363620877265930e-02
9.040914401412010470e-02
9.090124368667602817e-02
9.004993438720702847e-02
9.939606487751007080e-02
8.996655121445655545e-02
9.224817529320716858e-02
9.255775064229965210e-02
9.108537584543227594e-02
9.042056202888489047e-02
8.970255404710769653e-02
9.152192473411560614e-02
8.972801044583320063e-02
9.126235246658324918e-02
9.376746714115143100e-02
9.135669097304344177e-02
8.970095515251159946e-02
9.516242593526839932e-02
9.013554826378822327e-02
9.345923140645026606e-02
8.987395390868187228e-02
8.973517790436744135e-02
8.993814885616302490e-02
8.969091251492500305e-02
8.985078930854797918e-02
9.220790490508079529e-02
9.234398379921912592e-02
9.047949165105820257e-02
9.370564222335815707e-02
9.099629819393158237e-02
8.978853225708008368e-02
9.056431353092193881e-02
9.105565249919891913e-02
8.952497765421867093e-02
9.083112552762032110e-02
9.008339047431945801e-02
9.199358299374579828e-02
9.096606820821762085e-02
9.041729569435119629e-02
8.959769010543823520e-02
9.446335658431052884e-02
9.027041345834732611e-02
8.952220156788825989e-02
8.943590223789214810e-02
9.012419059872626981e-02
8.914799988269805908e-02
9.621550589799880704e-02
8.947216868400573175e-02
9.059110507369041998e-02
8.981584981083870489e-02
9.128520339727401456e-02
8.921403884887695035e-02
9.059876352548598688e-02
8.963461071252823431e-02
9.359063580632209778e-02
8.953770101070404608e-02
9.175114259123802463e-02
9.263347089290618896e-02
9.303606152534485418e-02
8.953944742679595392e-02
9.012899845838547030e-02
8.961685895919799250e-02
8.910670652985572260e-02
9.065450727939605713e-02
9.085356220602988642e-02
9.144560918211937228e-02
8.953286111354827326e-02
8.928168639540672025e-02
9.042241945862769525e-02
9.036481752991676331e-02
8.988751098513603210e-02
9.031806588172912320e-02
8.981786146759987433e-02
9.024735540151596069e-02
8.920877501368522366e-02
8.935477510094642917e-02
8.935790732502937872e-02
8.893306702375411432e-02
9.368867427110671997e-02
8.932541608810425082e-02
8.917126059532165527e-02
8.935628458857536316e-02
8.943173885345459539e-02
8.974916264414786737e-02
9.102560579776763916e-02
9.104746058583260138e-02
9.150246679782866877e-02
9.193487167358398160e-02
8.965980634093284607e-02
8.947697356343269071e-02
9.306124150753021518e-02
9.227610602974892218e-02
8.918413072824478427e-02
9.040357619524001798e-02
8.985731005668640137e-02
8.940029293298720758e-02
9.505973830819129666e-02
8.949225842952727994e-02
9.222058653831481656e-02
9.150547087192535678e-02
8.868531584739684781e-02
8.871142119169235507e-02
8.886838331818580627e-02
9.121926352381706793e-02
8.945863991975784579e-02
9.102547317743300836e-02
8.926227986812591830e-02
8.978571668267250339e-02
9.107320234179497320e-02
8.977468758821487149e-02
8.901528939604759494e-02
8.894798457622528354e-02
9.070788100361823481e-02
9.072435647249221802e-02
8.883023485541344244e-02
8.910331875085830688e-02
9.025774970650672635e-02
9.058249741792678833e-02
9.016037061810493192e-02
8.948782831430435181e-02
8.927321955561637323e-02
9.180006682872772494e-02
9.150628596544266302e-02
8.880800902843474787e-02
8.937399461865425110e-02
8.971412703394890387e-02
9.245890304446220676e-02
8.966699466109276373e-02
8.868591785430908481e-02
9.176640436053276617e-02
9.033861234784126837e-02
8.859581574797630033e-02
8.924182280898093622e-02
9.024282991886138638e-02
8.958536311984062472e-02
9.120077341794967374e-02
