4.059644043445587158e-02
4.058915004134178162e-02
4.055613279342651367e-02
4.051728546619415283e-02
4.048446565866470337e-02
4.046454653143882751e-02
4.043230786919593811e-02
4.038843885064125061e-02
4.027557373046875000e-02
4.007067903876304626e-02
3.979521617293357849e-02
3.949766233563423157e-02
3.915929421782493591e-02
3.876323252916336060e-02
3.828860446810722351e-02
3.772639110684394836e-02
3.708076104521751404e-02
3.637976199388504028e-02
3.565169498324394226e-02
3.483742102980613708e-02
3.396529331803321838e-02
3.306036815047264099e-02
3.215933963656425476e-02
3.135104477405548096e-02
3.067726828157901764e-02
3.037864156067371368e-02
3.043173253536224365e-02
3.075267001986503601e-02
3.103496134281158447e-02
3.111387789249420166e-02
3.106921724975109100e-02
3.086203522980213165e-02
3.052664175629615784e-02
3.015374951064586639e-02
2.986909449100494385e-02
2.970099262893199921e-02
2.959353104233741760e-02
2.959704212844371796e-02
2.968888729810714722e-02
2.971815690398216248e-02
2.968715131282806396e-02
2.965731360018253326e-02
2.961062081158161163e-02
2.952952124178409576e-02
2.943175658583641052e-02
2.935122139751911163e-02
2.924631722271442413e-02
2.918004803359508514e-02
2.916930429637432098e-02
2.922492660582065582e-02
2.929525636136531830e-02
2.924722991883754730e-02
2.912808768451213837e-02
2.894331701099872589e-02
2.891260944306850433e-02
2.891617082059383392e-02
2.886055596172809601e-02
2.902199141681194305e-02
2.922707982361316681e-02
2.914549596607685089e-02
2.884203568100929260e-02
2.873372845351696014e-02
2.881640754640102386e-02
2.877570502460002899e-02
2.878904715180397034e-02
2.900075726211071014e-02
2.918321080505847931e-02
2.912359498441219330e-02
2.899311669170856476e-02
2.881979756057262421e-02
2.879427187144756317e-02
2.881520614027976990e-02
2.882378920912742615e-02
2.883218415081501007e-02
2.896589785814285278e-02
2.916050143539905548e-02
2.928853407502174377e-02
2.909774519503116608e-02
2.886653319001197815e-02
2.889937907457351685e-02
2.892453037202358246e-02
2.891539037227630615e-02
2.898782305419445038e-02
2.918309718370437622e-02
2.937625162303447723e-02
2.927255816757678986e-02
2.911657653748989105e-02
2.898425608873367310e-02
2.886051684617996216e-02
2.890878356993198395e-02
2.902669273316860199e-02
2.903871797025203705e-02
2.887743152678012848e-02
2.883083187043666840e-02
2.901053242385387421e-02
2.929538302123546600e-02
2.920001558959484100e-02
2.900982275605201721e-02
2.890421636402606964e-02
2.886797487735748291e-02
2.892165444791316986e-02
2.892660722136497498e-02
2.884084545075893402e-02
2.879524603486061096e-02
2.888899110257625580e-02
2.899742498993873596e-02
2.911782637238502502e-02
2.909756265580654144e-02
2.899598889052867889e-02
2.889568172395229340e-02
2.898437157273292542e-02
2.914023585617542267e-02
2.914832346141338348e-02
2.905724942684173584e-02
2.904081158339977264e-02
2.924758754670619965e-02
2.939938195049762726e-02
2.937316894531250000e-02
2.911453507840633392e-02
2.898143418133258820e-02
2.903813682496547699e-02
2.911760099232196808e-02
2.904464118182659149e-02
2.891677059233188629e-02
2.888708747923374176e-02
2.891940623521804810e-02
2.899742312729358673e-02
2.896649204194545746e-02
2.887266501784324646e-02
2.882598526775836945e-02
2.880234085023403168e-02
2.880125492811203003e-02
2.880805358290672302e-02
2.879768982529640198e-02
2.879160270094871521e-02
2.880309708416461945e-02
2.883929945528507233e-02
2.886247821152210236e-02
2.885800041258335114e-02
2.886629290878772736e-02
2.885956317186355591e-02
2.885007672011852264e-02
2.882599644362926483e-02
2.880077995359897614e-02
2.876806072890758514e-02
2.874970249831676483e-02
2.875544317066669464e-02
2.876121178269386292e-02
2.875525131821632385e-02
2.878402359783649445e-02
2.885538712143898010e-02
2.892654575407505035e-02
2.894879691302776337e-02
2.887368388473987579e-02
2.883989177644252777e-02
2.881645970046520233e-02
2.880503237247467041e-02
2.881258167326450348e-02
2.882165275514125824e-02
2.887989766895771027e-02
2.891046181321144104e-02
2.890449017286300659e-02
2.888064645230770111e-02
2.885443344712257385e-02
2.887534908950328827e-02
2.890760265290737152e-02
2.893835864961147308e-02
2.892249263823032379e-02
2.891809307038784027e-02
2.893954887986183167e-02
2.895230986177921295e-02
2.887463197112083435e-02
2.882243879139423370e-02
2.878492698073387146e-02
2.875209413468837738e-02
2.876446954905986786e-02
2.879327163100242615e-02
2.886508405208587646e-02
2.887506037950515747e-02
2.885574661195278168e-02
2.880841866135597229e-02
2.878333628177642822e-02
2.879386581480503082e-02
2.880854345858097076e-02
2.881908230483531952e-02
2.884310297667980194e-02
2.885825000703334808e-02
2.889037318527698517e-02
2.893448248505592346e-02
2.895779162645339966e-02
2.896594628691673279e-02
2.896946109831333160e-02
2.892758138477802277e-02
2.891109883785247803e-02
2.889966778457164764e-02
2.890705876052379608e-02
2.891927212476730347e-02
2.890139073133468628e-02
2.889329567551612854e-02
2.889507450163364410e-02
2.891903184354305267e-02
2.893191948533058167e-02
2.893639914691448212e-02
2.896017394959926605e-02
2.895450778305530548e-02
2.893489040434360504e-02
2.894442901015281677e-02
2.896350063383579254e-02
2.898568846285343170e-02
2.898692525923252106e-02
2.892518416047096252e-02
2.888296358287334442e-02
2.884912863373756409e-02
2.883178368210792542e-02
2.881813049316406250e-02
2.882671914994716644e-02
2.880428545176982880e-02
2.879566885530948639e-02
2.879191935062408447e-02
2.877884544432163239e-02
2.878708206117153168e-02
2.876382134854793549e-02
2.873112261295318604e-02
2.869658730924129486e-02
2.868534624576568604e-02
2.867669425904750824e-02
2.867299877107143402e-02
2.865224517881870270e-02
2.864164672791957855e-02
2.865074574947357178e-02
2.868490666151046753e-02
2.870446816086769104e-02
2.868105284869670868e-02
2.869964018464088440e-02
2.867513336241245270e-02
2.864999324083328247e-02
2.860229834914207458e-02
2.857965789735317230e-02
2.859849296510219574e-02
2.870673686265945435e-02
2.880478277802467346e-02
2.875429950654506683e-02
2.862626686692237854e-02
2.857731468975543976e-02
2.858298458158969879e-02
2.858733758330345154e-02
2.856081351637840271e-02
2.858042903244495392e-02
2.872730977833271027e-02
2.878742665052413940e-02
2.880627475678920746e-02
2.879876457154750824e-02
2.873350866138935089e-02
2.865791693329811096e-02
2.863003313541412354e-02
2.862507663667201996e-02
2.863030880689620972e-02
2.873116172850131989e-02
2.884786948561668396e-02
2.890300378203392029e-02
2.892797812819480896e-02
2.891896665096282959e-02
2.894121780991554260e-02
2.889989502727985382e-02
2.884977497160434723e-02
2.881622128188610077e-02
2.881806716322898865e-02
2.888125926256179810e-02
2.895754203200340271e-02
2.904243022203445435e-02
2.911311574280261993e-02
2.908085472881793976e-02
2.902072109282016754e-02
2.898365817964076996e-02
2.900574915111064911e-02
2.903861366212368011e-02
2.911024540662765503e-02
2.918125875294208527e-02
2.912325412034988403e-02
2.901595644652843475e-02
2.897006645798683167e-02
2.898604236543178558e-02
2.900743670761585236e-02
2.901815809309482574e-02
2.904314734041690826e-02
2.906112931668758392e-02
2.908517234027385712e-02
2.913993038237094879e-02
2.927754633128643036e-02
2.934670634567737579e-02
2.939343266189098358e-02
2.924377284944057465e-02
2.912141196429729462e-02
2.906960062682628632e-02
2.906893193721771240e-02
2.906441874802112579e-02
2.905629575252532959e-02
2.910112962126731873e-02
2.914066053926944733e-02
2.925187908113002777e-02
2.929645963013172150e-02
2.927036024630069733e-02
2.919454313814640045e-02
2.908134832978248596e-02
2.903006784617900848e-02
2.903749234974384308e-02
2.906584925949573517e-02
2.906209789216518402e-02
2.901767194271087646e-02
2.907342277467250824e-02
2.926372922956943512e-02
2.935630269348621368e-02
2.929137647151947021e-02
2.912097610533237457e-02
2.900201641023159027e-02
2.895472943782806396e-02
2.898198738694190979e-02
2.902906574308872223e-02
2.900748699903488159e-02
2.894109115004539490e-02
2.892350777983665466e-02
2.902794443070888519e-02
2.920198626816272736e-02
2.929045259952545166e-02
2.911371923983097076e-02
2.892894111573696136e-02
2.894026413559913635e-02
2.900289185345172882e-02
2.896525152027606964e-02
2.890538796782493591e-02
2.888059429824352264e-02
2.893310040235519409e-02
2.899974398314952850e-02
2.903313376009464264e-02
2.903909422457218170e-02
2.894879691302776337e-02
2.884531207382678986e-02
2.880793251097202301e-02
2.880352176725864410e-02
2.879309281706809998e-02
2.881151810288429260e-02
2.884983830153942108e-02
2.883268892765045166e-02
2.879041992127895355e-02
2.876275219023227692e-02
2.873991616070270538e-02
2.873486094176769257e-02
2.875357307493686676e-02
2.879667095839977264e-02
2.893251739442348480e-02
2.896695584058761597e-02
2.894692681729793549e-02
2.876621857285499573e-02
2.865050733089447021e-02
2.867668308317661285e-02
2.873302809894084930e-02
2.875493466854095459e-02
2.876067347824573517e-02
2.873020432889461517e-02
2.868037857115268707e-02
2.866221778094768524e-02
2.876145206391811371e-02
2.880711294710636139e-02
2.875644154846668243e-02
2.871346287429332733e-02
2.868628874421119690e-02
2.863313443958759308e-02
2.862166985869407654e-02
2.858185581862926483e-02
2.854515798389911652e-02
2.860092930495738983e-02
2.872257865965366364e-02
2.884839288890361786e-02
2.891136705875396729e-02
2.871411480009555817e-02
2.852965705096721649e-02
2.851433306932449341e-02
2.858824096620082855e-02
2.858572453260421753e-02
2.850144356489181519e-02
2.843855135142803192e-02
2.859282307326793671e-02
2.882386744022369385e-02
2.877550758421421051e-02
2.852559462189674377e-02
2.844953723251819611e-02
2.846998721361160278e-02
2.849818952381610870e-02
2.849219553172588348e-02
2.847916260361671448e-02
2.841871604323387146e-02
2.843212895095348358e-02
2.857186086475849152e-02
2.862698398530483246e-02
2.859669178724288940e-02
2.858303487300872803e-02
2.866315655410289764e-02
2.867274917662143707e-02
2.860634960234165192e-02
2.852756530046463013e-02
2.847319096326828003e-02
2.845400199294090271e-02
2.843636833131313324e-02
2.844405360519886017e-02
2.844924479722976685e-02
2.848719246685504913e-02
2.856928482651710510e-02
2.863621339201927185e-02
2.858470380306243896e-02
2.855164185166358948e-02
2.851694449782371521e-02
2.853558771312236786e-02
2.854639664292335510e-02
2.852172218263149261e-02
2.855556830763816833e-02
2.864694409072399139e-02
2.874352037906646729e-02
2.881241217255592346e-02
2.884597145020961761e-02
2.880239300429821014e-02
2.873951382935047150e-02
2.867078408598899841e-02
2.862453088164329529e-02
2.860647812485694885e-02
2.860904112458229065e-02
2.862817607820034027e-02
2.868145331740379333e-02
2.874828688800334930e-02
2.875994145870208740e-02
2.876208536326885223e-02
2.875000797212123871e-02
2.871780656278133392e-02
2.867174334824085236e-02
2.867126092314720154e-02
2.868842519819736481e-02
2.872545085847377777e-02
2.877265587449073792e-02
2.886145934462547302e-02
2.884726971387863159e-02
2.879451401531696320e-02
2.873945049941539764e-02
2.871340326964855194e-02
2.870470844209194183e-02
2.874209173023700714e-02
2.879411540925502777e-02
2.884459681808948517e-02
2.893592603504657745e-02
2.911711111664772034e-02
2.915905229747295380e-02
2.911741100251674652e-02
2.894062735140323639e-02
2.878595888614654541e-02
2.870910987257957458e-02
2.870131842792034149e-02
2.872348204255104065e-02
2.879470214247703552e-02
2.890276536345481873e-02
2.889782749116420746e-02
2.882052958011627197e-02
2.876478806138038635e-02
2.872681431472301483e-02
2.872127853333950043e-02
2.879047766327857971e-02
2.889639511704444885e-02
2.908350341022014618e-02
2.918696030974388123e-02
2.904343791306018829e-02
2.884481661021709442e-02
2.871506847441196442e-02
2.875662036240100861e-02
2.880245633423328400e-02
2.885079756379127502e-02
2.889751084148883820e-02
2.893477119505405426e-02
2.893632091581821442e-02
2.897792495787143707e-02
2.904034033417701721e-02
2.908230014145374298e-02
2.905942499637603760e-02
2.894490584731101990e-02
2.885966561734676361e-02
2.880813367664813995e-02
2.882676757872104645e-02
2.883196249604225159e-02
2.883936278522014618e-02
2.889590524137020111e-02
2.903527580201625824e-02
2.918839082121849060e-02
2.936434745788574219e-02
2.934604138135910034e-02
2.930135279893875122e-02
2.908784337341785431e-02
2.892405353486537933e-02
2.890681847929954529e-02
2.891303785145282745e-02
2.892870269715785980e-02
2.895755134522914886e-02
2.901099435985088348e-02
2.904909662902355194e-02
2.909403480589389801e-02
2.910571731626987457e-02
2.909022010862827301e-02
2.904410101473331451e-02
2.897762879729270935e-02
2.893609739840030670e-02
2.889752574265003204e-02
2.892899140715599060e-02
2.891181409358978271e-02
2.892797812819480896e-02
2.894204296171665192e-02
2.890969626605510712e-02
2.887129597365856171e-02
2.883643470704555511e-02
2.879835478961467743e-02
2.882903441786766052e-02
2.888416871428489685e-02
2.893561683595180511e-02
2.894830517470836639e-02
2.893684990704059601e-02
2.892834506928920746e-02
2.883345447480678558e-02
2.875494770705699921e-02
2.870481833815574646e-02
2.871488034725189209e-02
2.874565310776233673e-02
2.877991832792758942e-02
2.881770394742488861e-02
2.883863821625709534e-02
2.888197451829910278e-02
2.897529862821102142e-02
2.896736375987529755e-02
2.889133803546428680e-02
2.878659591078758240e-02
2.874260582029819489e-02
2.873109281063079834e-02
2.875663526356220245e-02
2.877955883741378784e-02
2.881717868149280548e-02
2.892489172518253326e-02
2.903723530471324921e-02
2.902741171419620514e-02
2.890133671462535858e-02
2.876639179885387421e-02
2.872245945036411285e-02
2.874272689223289490e-02
2.875465899705886841e-02
2.873085625469684601e-02
2.878636680543422699e-02
2.899217233061790466e-02
2.918647043406963348e-02
2.920657582581043243e-02
2.909212373197078705e-02
2.892547100782394409e-02
2.876736409962177277e-02
2.875065617263317108e-02
2.882505953311920166e-02
2.882146462798118591e-02
2.874970249831676483e-02
2.872083894908428192e-02
2.885120734572410583e-02
2.908492274582386017e-02
2.915407530963420868e-02
2.899354510009288788e-02
2.880674973130226135e-02
2.872824482619762421e-02
2.872269973158836365e-02
2.875066176056861877e-02
2.875042147934436798e-02
2.874559722840785980e-02
2.875834144651889801e-02
2.884219773113727570e-02
2.901215106248855591e-02
2.908468618988990784e-02
2.912240661680698395e-02
2.900076285004615784e-02
2.889436110854148865e-02
2.879326976835727692e-02
2.875488437712192535e-02
2.873008884489536285e-02
2.871678583323955536e-02
2.869599871337413788e-02
2.867656387388706207e-02
2.867264300584793091e-02
2.869183383882045746e-02
2.873708121478557587e-02
2.886027656495571136e-02
2.890521846711635590e-02
2.889824099838733673e-02
2.880384027957916260e-02
2.867526374757289886e-02
2.861493267118930817e-02
2.858590520918369293e-02
2.859001792967319489e-02
2.858846820890903473e-02
2.859717980027198792e-02
2.862952463328838348e-02
2.867911756038665771e-02
2.877734601497650146e-02
2.883601002395153046e-02
2.876048535108566284e-02
2.868055924773216248e-02
2.863979153335094452e-02
2.864217571914196014e-02
2.867674641311168671e-02
2.870297245681285858e-02
2.872950211167335510e-02
2.875787392258644104e-02
2.871674112975597382e-02
2.865010686218738556e-02
2.861113287508487701e-02
2.860165014863014221e-02
2.864284254610538483e-02
2.869818918406963348e-02
2.870752103626728058e-02
2.871726453304290771e-02
2.872009016573429108e-02
2.867800183594226837e-02
2.863931469619274139e-02
2.863334305584430695e-02
2.864783629775047302e-02
2.869679033756256104e-02
2.874994650483131409e-02
2.871775999665260315e-02
2.871542237699031830e-02
2.869205921888351440e-02
2.872751466929912567e-02
2.876782231032848358e-02
2.876740135252475739e-02
2.872615493834018707e-02
2.868335880339145660e-02
2.871173247694969177e-02
2.882075496017932892e-02
2.888463623821735382e-02
2.886337600648403168e-02
2.881312556564807892e-02
2.870534546673297882e-02
2.863364480435848236e-02
2.869008667767047882e-02
2.874665707349777222e-02
2.873182483017444611e-02
2.870869264006614685e-02
2.878619730472564697e-02
2.895765937864780426e-02
2.896994911134243011e-02
2.890079841017723083e-02
2.883357554674148560e-02
2.880527265369892120e-02
2.876782976090908051e-02
2.874213829636573792e-02
2.866386994719505310e-02
2.862525358796119690e-02
2.862305007874965668e-02
2.865147963166236877e-02
2.870583161711692810e-02
2.875806391239166260e-02
2.878451719880104065e-02
2.879995666444301605e-02
2.879024855792522430e-02
2.877969294786453247e-02
2.868914417922496796e-02
2.863335981965065002e-02
2.862239256501197815e-02
2.861762419342994690e-02
2.864618040621280670e-02
2.873403206467628479e-02
2.879935689270496368e-02
2.877570502460002899e-02
2.877252735197544098e-02
2.877710759639739990e-02
2.873748168349266052e-02
2.873707190155982971e-02
2.877162583172321320e-02
2.878969535231590271e-02
2.876782603561878204e-02
2.866577915847301483e-02
2.863364666700363159e-02
2.862733229994773865e-02
2.861337922513484955e-02
2.862931787967681885e-02
2.863502316176891327e-02
2.865368686616420746e-02
2.865893207490444183e-02
2.863807417452335358e-02
2.863239869475364685e-02
2.863454446196556091e-02
2.865838631987571716e-02
2.871202118694782257e-02
2.881811372935771942e-02
2.878909558057785034e-02
2.879243530333042145e-02
2.872060053050518036e-02
2.869027480483055115e-02
2.868341095745563507e-02
2.869123965501785278e-02
2.869862876832485199e-02
2.870780602097511292e-02
2.875852771103382111e-02
2.894235961139202118e-02
2.909611165523529053e-02
2.914524450898170471e-02
2.908251993358135223e-02
2.888829074800014496e-02
2.879171818494796753e-02
2.880121581256389618e-02
2.879100479185581207e-02
2.877545170485973358e-02
2.876073494553565979e-02
2.878833003342151642e-02
2.886157669126987457e-02
2.896612323820590973e-02
2.901310659945011139e-02
2.899890393018722534e-02
2.895283885300159454e-02
2.891187928617000580e-02
2.892182767391204834e-02
2.891993895173072815e-02
2.885389141738414764e-02
2.880507148802280426e-02
2.878784947097301483e-02
2.884298935532569885e-02
2.895855717360973358e-02
2.908778004348278046e-02
2.909326180815696716e-02
2.898877672851085663e-02
2.884906157851219177e-02
2.877383679151535034e-02
2.877687104046344757e-02
2.882981114089488983e-02
2.882820926606655121e-02
2.883177436888217926e-02
2.889114990830421448e-02
2.904818952083587646e-02
2.914309874176979065e-02
2.923720888793468475e-02
2.924395911395549774e-02
2.900833636522293091e-02
2.884721383452415466e-02
2.875281870365142822e-02
2.875136956572532654e-02
2.875971980392932892e-02
2.875090017914772034e-02
2.874893695116043091e-02
2.877473644912242889e-02
2.881550975143909454e-02
2.883880957961082458e-02
2.885836921632289886e-02
2.885078079998493195e-02
2.882975898683071136e-02
2.882312424480915070e-02
2.877599373459815979e-02
2.874900400638580322e-02
2.872635610401630402e-02
2.872705087065696716e-02
2.876519970595836639e-02
2.879307977855205536e-02
2.877353318035602570e-02
2.872091904282569885e-02
2.866692282259464264e-02
2.862960286438465118e-02
2.862543798983097076e-02
2.862620726227760315e-02
2.865153923630714417e-02
2.864498458802700043e-02
2.864975295960903168e-02
2.867097593843936920e-02
2.869634889066219330e-02
2.868201024830341339e-02
2.869058027863502502e-02
2.872348017990589142e-02
2.875064499676227570e-02
2.869844064116477966e-02
2.864653244614601135e-02
2.866536751389503479e-02
2.871424518525600433e-02
2.874660305678844452e-02
2.873728983104228973e-02
2.870653383433818817e-02
2.868318185210227966e-02
2.872329019010066986e-02
2.885865792632102966e-02
2.898483723402023315e-02
2.903837524354457855e-02
2.898173592984676361e-02
2.887128479778766632e-02
2.874141372740268707e-02
2.871149405837059021e-02
2.871923707425594330e-02
2.869767695665359497e-02
2.867602929472923279e-02
2.866554632782936096e-02
2.871894463896751404e-02
2.880400978028774261e-02
2.880615927278995514e-02
2.877712436020374298e-02
2.874970808625221252e-02
2.874606288969516754e-02
2.876854129135608673e-02
2.879428490996360779e-02
2.873784862458705902e-02
2.868812903761863708e-02
2.866650000214576721e-02
2.866906486451625824e-02
2.867483720183372498e-02
2.868587337434291840e-02
2.872866950929164886e-02
2.878206409513950348e-02
2.882785163819789886e-02
2.880477719008922577e-02
2.870137058198451996e-02
2.862739935517311096e-02
2.861976996064186096e-02
2.862310968339443207e-02
2.862955816090106964e-02
2.866381965577602386e-02
2.871607057750225067e-02
2.877837792038917542e-02
2.885622344911098480e-02
2.879958599805831909e-02
2.869158051908016205e-02
2.860004082322120667e-02
2.856755442917346954e-02
2.855665236711502075e-02
2.856319397687911987e-02
2.857255563139915466e-02
2.860944904386997223e-02
2.867371402680873871e-02
2.871424518525600433e-02
2.874797396361827850e-02
2.878473699092864990e-02
2.873487025499343872e-02
2.868794091045856476e-02
2.863495983183383942e-02
2.861029468476772308e-02
2.862353064119815826e-02
2.863455004990100861e-02
2.866340056061744690e-02
2.872257493436336517e-02
2.879119105637073517e-02
2.885914035141468048e-02
2.890688739717006683e-02
2.887772209942340851e-02
2.882717363536357880e-02
2.879308164119720459e-02
2.878476679325103760e-02
2.879930846393108368e-02
2.883267216384410858e-02
2.885704673826694489e-02
2.887469902634620667e-02
2.888918295502662659e-02
2.887630276381969452e-02
2.886437065899372101e-02
2.885699085891246796e-02
2.881954796612262726e-02
2.883888967335224152e-02
2.886915020644664764e-02
2.883626334369182587e-02
2.880663424730300903e-02
2.880973555147647858e-02
2.886795811355113983e-02
2.890946157276630402e-02
2.888207696378231049e-02
2.883309870958328247e-02
2.881480567157268524e-02
2.881973609328269958e-02
2.883618511259555817e-02
2.887492813169956207e-02
2.894400246441364288e-02
2.894616499543190002e-02
2.892237342894077301e-02
2.886456809937953949e-02
2.884621173143386841e-02
2.884505875408649445e-02
2.884173206984996796e-02
2.884262613952159882e-02
2.883149497210979462e-02
2.880829013884067535e-02
2.879398874938488007e-02
2.878481522202491760e-02
2.878020517528057098e-02
2.879090048372745514e-02
2.887064777314662933e-02
2.898956835269927979e-02
2.899312600493431091e-02
2.892381325364112854e-02
2.885794453322887421e-02
2.878301963210105896e-02
2.874952927231788635e-02
2.873497642576694489e-02
2.874106913805007935e-02
2.873275987803936005e-02
2.874367870390415192e-02
2.878046222031116486e-02
2.881765551865100861e-02
2.883125655353069305e-02
2.881186641752719879e-02
2.874165028333663940e-02
2.870386280119419098e-02
2.869819104671478271e-02
2.873610891401767731e-02
2.880614623427391052e-02
2.885765396058559418e-02
2.888441458344459534e-02
2.895713225007057190e-02
2.894376404583454132e-02
2.889341861009597778e-02
2.875262871384620667e-02
2.867126651108264923e-02
2.867100946605205536e-02
2.870232425630092621e-02
2.874779328703880310e-02
2.872181124985218048e-02
2.866912074387073517e-02
2.868843264877796173e-02
2.874612994492053986e-02
2.875137887895107269e-02
2.873403392732143402e-02
2.869170345366001129e-02
2.872627787292003632e-02
2.876139990985393524e-02
2.888220176100730896e-02
2.894825674593448639e-02
2.898503839969635010e-02
2.893923036754131317e-02
2.887112274765968323e-02
2.879905328154563904e-02
2.874965034425258636e-02
2.873151935636997223e-02
2.872293815016746521e-02
2.875203453004360199e-02
2.875804714858531952e-02
2.873563393950462341e-02
2.873064763844013214e-02
2.871082723140716553e-02
2.869939617812633514e-02
2.872020378708839417e-02
2.875687368214130402e-02
2.881843224167823792e-02
2.888653986155986786e-02
2.890588529407978058e-02
2.883077040314674377e-02
2.876324392855167389e-02
2.873368002474308014e-02
2.872706018388271332e-02
2.877407707273960114e-02
2.890062518417835236e-02
2.909941412508487701e-02
2.912206202745437622e-02
2.898306213319301605e-02
2.882169000804424286e-02
2.871751412749290466e-02
2.875095047056674957e-02
2.879714593291282654e-02
2.874469384551048279e-02
2.868078649044036865e-02
2.864767424762248993e-02
2.868444286286830902e-02
2.884978987276554108e-02
2.901882678270339966e-02
2.905298583209514618e-02
2.898842655122280121e-02
2.878421172499656677e-02
2.865195088088512421e-02
2.862835302948951721e-02
2.868980914354324341e-02
2.873824350535869598e-02
2.868181839585304260e-02
2.860372699797153473e-02
2.869885601103305817e-02
2.896790951490402222e-02
2.920608967542648315e-02
2.929515391588211060e-02
2.910417877137660980e-02
2.889277227222919464e-02
2.875512465834617615e-02
2.869485504925251007e-02
2.865721471607685089e-02
2.862601913511753082e-02
2.860350161790847778e-02
2.859543450176715851e-02
2.859736792743206024e-02
2.865654788911342621e-02
2.873350679874420166e-02
2.877276763319969177e-02
2.877707034349441528e-02
2.871435321867465973e-02
2.861887775361537933e-02
2.855474501848220825e-02
2.857638709247112274e-02
2.860570140182971954e-02
2.863382920622825623e-02
2.864629589021205902e-02
2.862316742539405823e-02
2.859120629727840424e-02
2.856446988880634308e-02
2.856117859482765198e-02
2.861737832427024841e-02
2.867727540433406830e-02
2.876096405088901520e-02
2.882534451782703400e-02
2.875472418963909149e-02
2.869321219623088837e-02
2.861613966524600983e-02
2.855938300490379333e-02
2.853845246136188507e-02
2.855397947132587433e-02
2.855803258717060089e-02
2.855641394853591919e-02
2.855517156422138214e-02
2.853530272841453552e-02
2.851361781358718872e-02
2.854274399578571320e-02
2.872676588594913483e-02
2.891732752323150635e-02
2.906686253845691681e-02
2.898162230849266052e-02
2.879810705780982971e-02
2.858752571046352386e-02
2.855533920228481293e-02
2.860903367400169373e-02
2.864384464919567108e-02
2.864814177155494690e-02
2.863191254436969757e-02
2.859570086002349854e-02
2.857138402760028839e-02
2.856618538498878479e-02
2.859420143067836761e-02
2.869486995041370392e-02
2.874773368239402771e-02
2.876633033156394958e-02
2.875714749097824097e-02
2.874070778489112854e-02
2.870559133589267731e-02
2.866321057081222534e-02
2.864772640168666840e-02
2.860778197646141052e-02
2.860229648649692535e-02
2.859880216419696808e-02
2.862948924303054810e-02
2.875573001801967621e-02
2.888989821076393127e-02
2.896957658231258392e-02
2.888625301420688629e-02
2.877710945904254913e-02
2.871781960129737854e-02
2.864720113575458527e-02
2.862213551998138428e-02
2.863914333283901215e-02
2.865316160023212433e-02
2.866393700242042542e-02
2.866722457110881805e-02
2.866821922361850739e-02
2.868289500474929810e-02
2.874154783785343170e-02
2.882766537368297577e-02
2.885097824037075043e-02
2.879834361374378204e-02
2.876113355159759521e-02
2.874427475035190582e-02
2.872538752853870392e-02
2.872086875140666962e-02
2.870631031692028046e-02
2.870964631438255310e-02
2.871721424162387848e-02
2.874989062547683716e-02
2.882831916213035583e-02
2.889852970838546753e-02
2.895925752818584442e-02
2.893155254423618317e-02
2.886772342026233673e-02
2.879386581480503082e-02
2.875590138137340546e-02
2.873490750789642334e-02
2.872271277010440826e-02
2.870803140103816986e-02
2.870845608413219452e-02
2.882479131221771240e-02
2.898478880524635315e-02
2.903633750975131989e-02
2.899217419326305389e-02
2.898281253874301910e-02
2.892135269939899445e-02
2.881835401058197021e-02
2.877504192292690277e-02
2.871506847441196442e-02
2.867417782545089722e-02
2.869003452360630035e-02
2.870774082839488983e-02
2.873134054243564606e-02
2.875828370451927185e-02
2.880043722689151764e-02
2.879803813993930817e-02
2.881693467497825623e-02
2.876776084303855896e-02
2.873641811311244965e-02
2.873378247022628784e-02
2.876990474760532379e-02
2.876830287277698517e-02
2.879696525633335114e-02
2.884127199649810791e-02
2.887897938489913940e-02
2.895026840269565582e-02
2.899224124848842621e-02
2.894903533160686493e-02
2.881121262907981873e-02
2.874893508851528168e-02
2.875465713441371918e-02
2.875465899705886841e-02
2.872921712696552277e-02
2.875947579741477966e-02
2.884103544056415558e-02
2.896951138973236084e-02
2.901763282716274261e-02
2.896171063184738159e-02
2.886652946472167969e-02
2.877766452729701996e-02
2.875087969005107880e-02
2.873427234590053558e-02
2.875448763370513916e-02
2.880716696381568909e-02
2.890062145888805389e-02
2.893942408263683319e-02
2.887624129652976990e-02
2.882224880158901215e-02
2.873617969453334808e-02
2.869653515517711639e-02
2.867577783763408661e-02
2.869015187025070190e-02
2.873677946627140045e-02
2.878122776746749878e-02
2.874826081097126007e-02
2.873325161635875702e-02
2.872943691909313202e-02
2.865649759769439697e-02
2.861457318067550659e-02
2.858740277588367462e-02
2.857201918959617615e-02
2.855658717453479767e-02
2.856444008648395538e-02
2.861141972243785858e-02
2.872211299836635590e-02
2.881956286728382111e-02
2.881859056651592255e-02
2.874618023633956909e-02
2.867221459746360779e-02
2.861929312348365784e-02
2.858090028166770935e-02
2.857113443315029144e-02
2.858238853514194489e-02
2.860790677368640900e-02
2.865581773221492767e-02
2.871054038405418396e-02
2.876449003815650940e-02
2.881194464862346649e-02
2.881843224167823792e-02
2.876752242445945740e-02
2.870565094053745270e-02
2.864880301058292389e-02
2.860784158110618591e-02
2.859353460371494293e-02
2.860497869551181793e-02
2.863551490008831024e-02
2.865434996783733368e-02
2.864384837448596954e-02
2.864939160645008087e-02
2.865737117826938629e-02
2.867479063570499420e-02
2.869795449078083038e-02
2.871090732514858246e-02
2.871948853135108948e-02
2.870422974228858948e-02
2.865718118846416473e-02
2.864760719239711761e-02
2.865171805024147034e-02
2.864628098905086517e-02
2.866631001234054565e-02
2.869682572782039642e-02
2.870864421129226685e-02
2.869605459272861481e-02
2.869396470487117767e-02
2.866862528026103973e-02
2.865796349942684174e-02
2.865957841277122498e-02
2.861857041716575623e-02
2.859638817608356476e-02
2.859371341764926910e-02
2.859109267592430115e-02
2.859752811491489410e-02
2.861118130385875702e-02
2.862645499408245087e-02
2.862806059420108795e-02
2.863401733338832855e-02
2.862661518156528473e-02
2.863175049424171448e-02
2.863723598420619965e-02
2.864437736570835114e-02
2.865124121308326721e-02
2.868192829191684723e-02
2.870314940810203552e-02
2.872276119887828827e-02
2.868199534714221954e-02
2.864241786301136017e-02
2.861572988331317902e-02
2.859902009367942810e-02
2.858001552522182465e-02
2.858180738985538483e-02
2.857630886137485504e-02
2.857781946659088135e-02
2.859765850007534027e-02
2.859825454652309418e-02
2.861023135483264923e-02
2.865272015333175659e-02
2.870702557265758514e-02
2.870106510818004608e-02
2.866179309785366058e-02
2.862382307648658752e-02
2.859563380479812622e-02
2.859377674758434296e-02
2.859734930098056793e-02
2.860493026673793793e-02
2.863122336566448212e-02
2.868158183991909027e-02
2.872771583497524261e-02
2.876327745616436005e-02
2.878039702773094177e-02
2.875591814517974854e-02
2.874881587922573090e-02
2.875161357223987579e-02
2.874035574495792389e-02
2.873088419437408447e-02
2.872394025325775146e-02
2.875036932528018951e-02
2.876143902540206909e-02
2.877050079405307770e-02
2.879543043673038483e-02
2.886230126023292542e-02
2.887387014925479889e-02
2.887749299407005310e-02
2.884984388947486877e-02
2.883933670818805695e-02
2.880384027957916260e-02
2.878284640610218048e-02
2.877378091216087341e-02
2.877376973628997803e-02
2.877952344715595245e-02
2.878337353467941284e-02
2.877599373459815979e-02
2.876109443604946136e-02
2.874611131846904755e-02
2.875161543488502502e-02
2.877807989716529846e-02
2.881783805787563324e-02
2.886964380741119385e-02
2.893708460032939911e-02
2.892070077359676361e-02
2.888255566358566284e-02
2.882128022611141205e-02
2.880675159394741058e-02
2.880031242966651917e-02
2.877737395465373993e-02
2.873182110488414764e-02
2.872203476727008820e-02
2.877683006227016449e-02
2.884936705231666565e-02
2.888227999210357666e-02
2.877448499202728271e-02
2.870303951203823090e-02
2.867860347032546997e-02
2.869415469467639923e-02
2.868347801268100739e-02
2.865654788911342621e-02
2.867768704891204834e-02
2.875548042356967926e-02
2.886272780597209930e-02
2.897525206208229065e-02
2.908520959317684174e-02
2.912753261625766754e-02
2.902798913419246674e-02
2.885389700531959534e-02
2.873654104769229889e-02
2.868294902145862579e-02
2.868110314011573792e-02
2.868288382887840271e-02
2.869250066578388214e-02
2.871753275394439697e-02
2.877306565642356873e-02
2.881353534758090973e-02
2.882479131221771240e-02
2.881075441837310791e-02
2.881365455687046051e-02
2.880506776273250580e-02
2.878308109939098358e-02
2.876705862581729889e-02
2.874374017119407654e-02
2.874593995511531830e-02
2.879667468369007111e-02
2.886671386659145355e-02
2.894968353211879730e-02
2.901600115001201630e-02
2.895407937467098236e-02
2.884870022535324097e-02
2.879760973155498505e-02
2.877427637577056885e-02
2.872819267213344574e-02
2.870410121977329254e-02
2.870608866214752197e-02
2.871329151093959808e-02
2.872800268232822418e-02
2.875591814517974854e-02
2.880198135972023010e-02
2.882713824510574341e-02
2.884478308260440826e-02
2.887750044465065002e-02
2.888226881623268127e-02
2.887775003910064697e-02
2.883720211684703827e-02
2.883195504546165466e-02
2.882212027907371521e-02
2.880621328949928284e-02
2.878934703767299652e-02
2.875334583222866058e-02
2.874159440398216248e-02
2.881000936031341553e-02
2.886562794446945190e-02
2.881903387606143951e-02
2.876836434006690979e-02
2.867675200104713440e-02
2.865480072796344757e-02
2.865428291261196136e-02
2.867650613188743591e-02
2.868700399994850159e-02
2.874069847166538239e-02
2.878761477768421173e-02
2.876014076173305511e-02
2.875416912138462067e-02
2.871352806687355042e-02
2.864932455122470856e-02
2.861564792692661285e-02
2.861309424042701721e-02
2.864021807909011841e-02
2.862817607820034027e-02
2.868653647601604462e-02
2.880913391709327698e-02
2.887039817869663239e-02
2.881621010601520538e-02
2.873371355235576630e-02
2.867817692458629608e-02
2.866005338728427887e-02
2.865479700267314911e-02
2.871114388108253479e-02
2.878139726817607880e-02
2.891207113862037659e-02
2.897262945771217346e-02
2.888035587966442108e-02
2.872371487319469452e-02
2.860926277935504913e-02
2.856349572539329529e-02
2.855319529771804810e-02
2.856391295790672302e-02
2.860544435679912567e-02
2.863472513854503632e-02
2.866024523973464966e-02
2.869695052504539490e-02
2.864319458603858948e-02
2.861017920076847076e-02
2.859999239444732666e-02
2.861041761934757233e-02
2.860646694898605347e-02
2.860091440379619598e-02
2.860617265105247498e-02
2.862309105694293976e-02
2.867841906845569611e-02
2.876806631684303284e-02
2.877998910844326019e-02
2.878809161484241486e-02
2.882284857332706451e-02
2.882594801485538483e-02
2.879953756928443909e-02
2.872611396014690399e-02
2.864789590239524841e-02
2.856665104627609253e-02
2.853750810027122498e-02
2.853041142225265503e-02
2.852536924183368683e-02
2.851225621998310089e-02
2.850884944200515747e-02
2.851699478924274445e-02
2.853987924754619598e-02
2.858906239271163940e-02
2.860981784760951996e-02
2.862287871539592743e-02
2.861167304217815399e-02
2.859335392713546753e-02
2.858066745102405548e-02
2.856891974806785583e-02
2.851487509906291962e-02
2.850634604692459106e-02
2.851753681898117065e-02
2.857208438217639923e-02
2.858870849013328552e-02
2.859728969633579254e-02
2.858418785035610199e-02
2.859234996140003204e-02
2.863209880888462067e-02
2.865141071379184723e-02
2.865260280668735504e-02
2.865958586335182190e-02
2.870227210223674774e-02
2.868343889713287354e-02
2.858597412705421448e-02
2.850992232561111450e-02
2.848058193922042847e-02
2.847904711961746216e-02
2.850693091750144958e-02
2.852362021803855896e-02
2.853680960834026337e-02
2.855609171092510223e-02
2.855968289077281952e-02
2.851909957826137543e-02
2.846382372081279755e-02
2.841616235673427582e-02
2.839869819581508636e-02
2.839803509414196014e-02
2.842097915709018707e-02
2.846288867294788361e-02
2.851539291441440582e-02
2.855562791228294373e-02
2.851319499313831329e-02
2.844661101698875427e-02
2.844072692096233368e-02
2.844763174653053284e-02
2.851457148790359497e-02
2.866179123520851135e-02
2.877277694642543793e-02
2.875684201717376709e-02
2.866363711655139923e-02
2.858637459576129913e-02
2.851510420441627502e-02
2.848576195538043976e-02
2.849959954619407654e-02
2.850239723920822144e-02
2.852279692888259888e-02
2.856892906129360199e-02
2.861946262419223785e-02
2.866358309984207153e-02
2.880883403122425079e-02
2.896504849195480347e-02
2.905220724642276764e-02
2.900511585175991058e-02
2.882070094347000122e-02
2.862221375107765198e-02
2.854561433196067810e-02
2.856207080185413361e-02
2.863401733338832855e-02
2.859592624008655548e-02
2.857333980500698090e-02
2.859800681471824646e-02
2.867359854280948639e-02
2.878684364259243011e-02
2.884131111204624176e-02
2.884691394865512848e-02
2.881051413714885712e-02
2.879715338349342346e-02
2.875520475208759308e-02
2.873641811311244965e-02
2.870750799775123596e-02
2.867764979600906372e-02
2.865309081971645355e-02
2.864621765911579132e-02
2.864224277436733246e-02
2.865527383983135223e-02
2.869246900081634521e-02
2.876537851989269257e-02
2.890581637620925903e-02
2.899719588458538055e-02
2.901417575776576996e-02
2.890633232891559601e-02
2.882606349885463715e-02
2.874087914824485779e-02
2.872489579021930695e-02
2.873617969453334808e-02
2.875345572829246521e-02
2.876425161957740784e-02
2.878171764314174652e-02
2.884483523666858673e-02
2.896707691252231598e-02
2.897495776414871216e-02
2.888799086213111877e-02
2.882904559373855591e-02
2.878613024950027466e-02
2.873635478317737579e-02
2.871077880263328552e-02
2.872675098478794098e-02
2.873659320175647736e-02
2.873731963336467743e-02
2.873493544757366180e-02
2.874321490526199341e-02
2.872921712696552277e-02
2.876787632703781128e-02
2.879375033080577850e-02
2.885812148451805115e-02
2.887560613453388214e-02
2.885151468217372894e-02
2.884583733975887299e-02
2.880782820284366608e-02
2.876614965498447418e-02
2.874946407973766327e-02
2.874498628079891205e-02
2.875327691435813904e-02
2.876729518175125122e-02
2.877932041883468628e-02
2.877897955477237701e-02
2.877205237746238708e-02
2.877038344740867615e-02
2.876574359834194183e-02
2.877444587647914886e-02
2.878565154969692230e-02
2.882380224764347076e-02
2.884556539356708527e-02
2.884127199649810791e-02
2.883834391832351685e-02
2.886438183486461639e-02
2.886174805462360382e-02
2.883643843233585358e-02
2.879958786070346832e-02
2.878880873322486877e-02
2.878022566437721252e-02
2.878933399915695190e-02
2.880472503602504730e-02
2.878524176776409149e-02
2.877281606197357178e-02
2.877121604979038239e-02
2.879958413541316986e-02
2.884811721742153168e-02
2.887337841093540192e-02
2.886050380766391754e-02
2.885382808744907379e-02
2.884249947965145111e-02
2.885295636951923370e-02
2.884537540376186371e-02
2.882217802107334137e-02
2.879522927105426788e-02
2.876091189682483673e-02
2.875536121428012848e-02
2.875423617660999298e-02
2.874181978404521942e-02
2.873641811311244965e-02
2.875466085970401764e-02
2.877521328628063202e-02
2.879119291901588440e-02
2.882009185850620270e-02
2.889514155685901642e-02
2.891438826918601990e-02
2.892369590699672699e-02
2.885174751281738281e-02
2.877850085496902466e-02
2.875083312392234802e-02
2.874183468520641327e-02
2.874042093753814697e-02
2.875326573848724365e-02
2.879214473068714142e-02
2.886228822171688080e-02
2.889352478086948395e-02
2.888744510710239410e-02
2.883456833660602570e-02
2.882718667387962341e-02
2.883154526352882385e-02
2.881215326488018036e-02
2.877229079604148865e-02
2.872688136994838715e-02
2.873891219496726990e-02
2.876049838960170746e-02
2.878040634095668793e-02
2.877068147063255310e-02
2.876113541424274445e-02
2.877133712172508240e-02
2.881120331585407257e-02
2.885813079774379730e-02
2.884847484529018402e-02
2.880048565566539764e-02
2.876971848309040070e-02
2.876711077988147736e-02
2.877117879688739777e-02
2.878022566437721252e-02
2.880454435944557190e-02
2.880244888365268707e-02
2.877956815063953400e-02
2.878499217331409454e-02
2.881663478910923004e-02
2.888326905667781830e-02
2.894591912627220154e-02
2.896023169159889221e-02
2.893608249723911285e-02
2.887630276381969452e-02
2.882956154644489288e-02
2.877973951399326324e-02
2.875023521482944489e-02
2.874617837369441986e-02
2.875513769686222076e-02
2.875549159944057465e-02
2.874566614627838135e-02
2.873565070331096649e-02
2.872389182448387146e-02
2.874893695116043091e-02
2.883672527968883514e-02
2.895825728774070740e-02
2.905363589525222778e-02
2.902865596115589142e-02
2.894880063831806183e-02
2.885932289063930511e-02
2.877361141145229340e-02
2.874992974102497101e-02
2.875108085572719574e-02
2.873140946030616760e-02
2.871109545230865479e-02
2.867604605853557587e-02
2.868228219449520111e-02
2.878100052475929260e-02
2.889912761747837067e-02
2.892953343689441681e-02
2.885013259947299957e-02
2.874202094972133636e-02
2.868008799850940704e-02
2.865999564528465271e-02
2.865028753876686096e-02
2.864622883498668671e-02
2.865028195083141327e-02
2.868110500276088715e-02
2.871680445969104767e-02
2.876586280763149261e-02
2.885825000703334808e-02
2.886717952787876129e-02
2.881787531077861786e-02
2.876002155244350433e-02
2.873683348298072815e-02
2.871472015976905823e-02
2.870013006031513214e-02
2.869725413620471954e-02
2.869130484759807587e-02
2.870918996632099152e-02
2.883463539183139801e-02
2.901667170226573944e-02
2.898909337818622589e-02
2.889609523117542267e-02
2.880232967436313629e-02
2.872299961745738983e-02
2.871340140700340271e-02
2.873892150819301605e-02
2.873492613434791565e-02
2.871584519743919373e-02
2.870100177824497223e-02
2.880240976810455322e-02
2.893536724150180817e-02
2.895998954772949219e-02
2.890772186219692230e-02
2.890370972454547882e-02
2.890132181346416473e-02
2.890045009553432465e-02
2.881622128188610077e-02
2.874684520065784454e-02
2.869677729904651642e-02
2.874965406954288483e-02
2.883429266512393951e-02
2.892475761473178864e-02
2.898835577070713043e-02
2.901601605117321014e-02
2.895904891192913055e-02
2.885872684419155121e-02
2.873808704316616058e-02
2.872066944837570190e-02
2.877051196992397308e-02
2.876133285462856293e-02
2.871918492019176483e-02
2.870343625545501709e-02
2.867651544511318207e-02
2.869015000760555267e-02
2.875047363340854645e-02
2.882628701627254486e-02
2.886080555617809296e-02
2.891927026212215424e-02
2.893638797104358673e-02
2.886074222624301910e-02
2.880288474261760712e-02
2.875762432813644409e-02
2.873398549854755402e-02
2.872587926685810089e-02
2.872706949710845947e-02
2.873033843934535980e-02
2.872131951153278351e-02
2.872533164918422699e-02
2.874875254929065704e-02
2.881175652146339417e-02
2.889538183808326721e-02
2.898073196411132812e-02
2.897482551634311676e-02
2.890760265290737152e-02
2.886889688670635223e-02
2.881145291030406952e-02
2.876426093280315399e-02
2.874820865690708160e-02
2.876687236130237579e-02
2.879452891647815704e-02
2.877754531800746918e-02
2.878212556242942810e-02
2.878975681960582733e-02
2.884477004408836365e-02
2.891446650028228760e-02
2.890067361295223236e-02
2.888057939708232880e-02
2.880430407822132111e-02
2.875901572406291962e-02
2.873772010207176208e-02
2.873104438185691833e-02
2.873354218900203705e-02
2.873676456511020660e-02
2.873735874891281128e-02
2.874571643769741058e-02
2.877075038850307465e-02
2.880048938095569611e-02
2.885693870484828949e-02
2.893370017409324646e-02
2.891182713210582733e-02
2.881719358265399933e-02
2.876876108348369598e-02
2.875019796192646027e-02
2.875310555100440979e-02
2.874589338898658752e-02
2.874272502958774567e-02
2.874064818024635315e-02
2.874177321791648865e-02
2.876188047230243683e-02
2.880508080124855042e-02
2.885036729276180267e-02
2.885692939162254333e-02
2.880840934813022614e-02
2.877950295805931091e-02
2.876521460711956024e-02
2.876472659409046173e-02
2.878003567457199097e-02
2.878354676067829132e-02
2.879231795668601990e-02
2.879096381366252899e-02
2.878119237720966339e-02
2.880449034273624420e-02
2.885837107896804810e-02
2.889984287321567535e-02
2.889038436114788055e-02
2.887605316936969757e-02
2.883578836917877197e-02
2.878809347748756409e-02
2.876704372465610504e-02
2.876830287277698517e-02
2.878427878022193909e-02
2.878921665251255035e-02
2.880817092955112457e-02
2.883357368409633636e-02
2.886884845793247223e-02
2.885079197585582733e-02
2.882194705307483673e-02
2.881293743848800659e-02
2.879430167376995087e-02
2.878122776746749878e-02
2.877098694443702698e-02
2.876823768019676208e-02
2.877401001751422882e-02
2.877551689743995667e-02
2.877884544432163239e-02
2.878283150494098663e-02
2.880746684968471527e-02
2.887768298387527466e-02
2.893305197358131409e-02
2.895190007984638214e-02
2.890902198851108551e-02
2.885792963206768036e-02
2.885825000703334808e-02
2.888553962111473083e-02
2.891969494521617889e-02
2.893136255443096161e-02
2.895539626479148865e-02
2.898119576275348663e-02
2.905010804533958435e-02
2.906846813857555389e-02
2.903413958847522736e-02
2.898604236543178558e-02
2.894497290253639221e-02
2.891057170927524567e-02
2.885031886398792267e-02
2.881002239882946014e-02
2.880507148802280426e-02
2.881479449570178986e-02
2.884346805512905121e-02
2.890682779252529144e-02
2.897984348237514496e-02
2.899311669170856476e-02
2.891063317656517029e-02
2.884120680391788483e-02
2.880335040390491486e-02
2.876734919846057892e-02
2.876431122422218323e-02
2.878833003342151642e-02
2.879263274371623993e-02
2.876139059662818909e-02
2.876156382262706757e-02
2.879266999661922455e-02
2.884125895798206329e-02
2.888863906264305115e-02
2.891869284212589264e-02
2.888149768114089966e-02
2.884601056575775146e-02
2.881383523344993591e-02
2.880213968455791473e-02
2.879686094820499420e-02
2.883817255496978760e-02
2.887775190174579620e-02
2.887773700058460236e-02
2.883368171751499176e-02
2.879929170012474060e-02
2.877157367765903473e-02
2.876688539981842041e-02
2.876304276287555695e-02
2.877950109541416168e-02
2.878618612885475159e-02
2.880687266588211060e-02
2.883595973253250122e-02
2.884620055556297302e-02
2.882521785795688629e-02
2.881079353392124176e-02
2.877116017043590546e-02
2.875423245131969452e-02
2.875394187867641449e-02
2.878206595778465271e-02
2.880716696381568909e-02
2.882099524140357971e-02
2.879125252366065979e-02
2.875453792512416840e-02
2.873946912586688995e-02
2.874822169542312622e-02
2.874464727938175201e-02
2.874714694917201996e-02
2.873539552092552185e-02
2.873872034251689911e-02
2.874093689024448395e-02
2.877211198210716248e-02
2.879149280488491058e-02
2.879883348941802979e-02
2.880889736115932465e-02
2.879287302494049072e-02
2.876876480877399445e-02
2.873402275145053864e-02
2.873493917286396027e-02
2.874249778687953949e-02
2.875234186649322510e-02
2.877337113022804260e-02
2.879047207534313202e-02
2.875828556716442108e-02
2.877408638596534729e-02
2.889282070100307465e-02
2.902604639530181885e-02
2.902340516448020935e-02
2.897596545517444611e-02
2.890322916209697723e-02
2.885983884334564209e-02
2.881337516009807587e-02
2.878254465758800507e-02
2.876668609678745270e-02
2.875428833067417145e-02
2.875893935561180115e-02
2.879621274769306183e-02
2.889085374772548676e-02
2.898270264267921448e-02
2.898311242461204529e-02
2.892713993787765503e-02
2.883457764983177185e-02
2.877853624522686005e-02
2.877480164170265198e-02
2.878088690340518951e-02
2.877981029450893402e-02
2.879173122346401215e-02
2.881401218473911285e-02
2.884436212480068207e-02
2.888757362961769104e-02
2.891206555068492889e-02
2.895599976181983948e-02
2.898519672453403473e-02
2.889997139573097229e-02
2.880859747529029846e-02
2.875811047852039337e-02
2.880144305527210236e-02
2.887397073209285736e-02
2.887773700058460236e-02
2.883432991802692413e-02
2.880478277802467346e-02
2.883535064756870270e-02
2.893828041851520538e-02
2.906732819974422455e-02
2.907901071012020111e-02
2.898502163589000702e-02
2.889728359878063202e-02
2.881879545748233795e-02
2.875549159944057465e-02
2.872395329177379608e-02
2.871751599013805389e-02
2.870922349393367767e-02
2.871913462877273560e-02
2.874357067048549652e-02
2.878381125628948212e-02
2.881811559200286865e-02
2.877570874989032745e-02
2.874726988375186920e-02
2.873302996158599854e-02
2.871132083237171173e-02
2.870701067149639130e-02
2.871608734130859375e-02
2.873016893863677979e-02
2.875947766005992889e-02
2.880912460386753082e-02
2.885181270539760590e-02
2.889036759734153748e-02
2.886695228517055511e-02
2.881377376616001129e-02
2.876257523894309998e-02
2.872536890208721161e-02
2.872186340391635895e-02
2.876138314604759216e-02
2.878069691359996796e-02
2.877122536301612854e-02
2.873873896896839142e-02
2.873439155519008636e-02
2.877373062074184418e-02
2.883679233491420746e-02
2.888233028352260590e-02
2.889138832688331604e-02
2.886389009654521942e-02
2.883292734622955322e-02
2.879315987229347229e-02
2.877163514494895935e-02
2.878642454743385315e-02
2.875638380646705627e-02
2.875226549804210663e-02
2.877015806734561920e-02
2.883392944931983948e-02
2.888040989637374878e-02
2.892155386507511139e-02
2.889539115130901337e-02
2.886319346725940704e-02
2.883427776396274567e-02
2.882670983672142029e-02
2.880936115980148315e-02
2.880670130252838135e-02
2.880956232547760010e-02
2.881603688001632690e-02
2.883624657988548279e-02
2.886371873319149017e-02
2.889651618897914886e-02
2.892131544649600983e-02
2.892635576426982880e-02
2.891688607633113861e-02
2.887654304504394531e-02
2.885008230805397034e-02
2.883817255496978760e-02
2.884536050260066986e-02
2.887584455311298370e-02
2.893327362835407257e-02
2.900482714176177979e-02
2.900153584778308868e-02
2.893541567027568817e-02
2.885128371417522430e-02
2.882053144276142120e-02
2.882693707942962646e-02
2.884340099990367889e-02
2.885098196566104889e-02
2.885055355727672577e-02
2.885366976261138916e-02
2.885674126446247101e-02
2.885132282972335815e-02
2.884435839951038361e-02
2.884743921458721161e-02
2.889412082731723785e-02
2.892946824431419373e-02
2.894038893282413483e-02
2.889830246567726135e-02
2.886961214244365692e-02
2.883983030915260315e-02
2.879617922008037567e-02
2.878831326961517334e-02
2.877569384872913361e-02
2.878564223647117615e-02
2.878379262983798981e-02
2.879668585956096649e-02
2.880174107849597931e-02
2.876788750290870667e-02
2.876138873398303986e-02
2.877141349017620087e-02
2.879101596772670746e-02
2.882307395339012146e-02
2.887509949505329132e-02
2.884651720523834229e-02
2.878446131944656372e-02
2.873736992478370667e-02
2.872378006577491760e-02
2.873992547392845154e-02
