-2.689160034060478210e-02
8.619351312518119812e-03
1.990420743823051453e-02
-1.488341670483350754e-02
8.931066095829010010e-02
1.303679775446653366e-02
-5.291156843304634094e-02
7.857819646596908569e-02
-2.129570022225379944e-02
8.305620402097702026e-02
1.209741756319999695e-01
-3.603807836771011353e-02
-1.901594363152980804e-02
8.154220879077911377e-02
7.725042104721069336e-02
-3.030051849782466888e-02
-1.393971890211105347e-01
1.507110614329576492e-02
9.679340571165084839e-02
1.787082478404045105e-02
-1.236927136778831482e-01
8.641792088747024536e-02
1.967524439096450806e-01
-4.935878515243530273e-02
2.180195599794387817e-02
3.867104416713118553e-03
8.338413387537002563e-02
4.985054954886436462e-02
-5.877708643674850464e-02
5.476909503340721130e-02
-5.918605998158454895e-02
-3.120447322726249695e-02
-1.604453772306442261e-01
-1.804289072751998901e-01
5.273243412375450134e-02
7.241246849298477173e-02
-8.512090891599655151e-02
-2.444216981530189514e-02
4.739346727728843689e-02
-1.116732042282819748e-02
-1.873314529657363892e-01
-9.955633431673049927e-03
-1.703858971595764160e-01
-8.925927430391311646e-02
-9.719961136579513550e-02
7.713192701339721680e-02
2.036016806960105896e-02
-4.052093625068664551e-02
7.661084085702896118e-02
8.401615917682647705e-02
-7.694468647241592407e-02
4.006454348564147949e-02
3.478753194212913513e-02
-3.926964942365884781e-03
4.516691341996192932e-02
-1.411424130201339722e-01
-1.463722586631774902e-01
6.958191841840744019e-02
5.456906557083129883e-02
-1.014755479991436005e-02
1.797964982688426971e-02
-4.158054664731025696e-02
-6.113751232624053955e-02
4.300868511199951172e-02
3.829325363039970398e-02
1.314021833240985870e-02
5.363727360963821411e-02
-1.884476095438003540e-01
-6.744813174009323120e-02
-1.319545209407806396e-01
-5.878207087516784668e-02
5.975551903247833252e-02
-2.186390757560729980e-02
5.008243769407272339e-02
3.505378961563110352e-02
-9.403838962316513062e-02
-5.072445794939994812e-02
-8.552136272192001343e-02
-4.986445233225822449e-02
-3.947059158235788345e-03
-2.757030352950096130e-02
-1.086147949099540710e-01
-1.549036893993616104e-02
-3.127561137080192566e-02
5.064580217003822327e-02
6.326045840978622437e-02
-1.141930371522903442e-02
1.007509529590606689e-01
-6.717343628406524658e-02
3.393123671412467957e-02
-6.879370193928480148e-03
1.104194745421409607e-01
4.250395577400922775e-03
7.565572112798690796e-02
2.206572517752647400e-02
-4.577563703060150146e-02
-1.053862720727920532e-01
-6.855211406946182251e-02
-5.406460259109735489e-03
3.589642420411109924e-02
-2.585504949092864990e-02
-3.523317398503422737e-03
1.757801696658134460e-02
7.018252741545438766e-03
-5.578546971082687378e-02
-3.227617591619491577e-02
-1.516296528279781342e-02
7.620911300182342529e-02
1.627356559038162231e-02
-5.333725828677415848e-03
-3.580014035105705261e-02
3.490287438035011292e-02
-3.890333324670791626e-02
1.456374302506446838e-02
-1.356799006462097168e-01
1.187466755509376526e-01
2.077253162860870361e-02
-3.648528456687927246e-02
6.782152503728866577e-02
-1.265505105257034302e-01
-8.170033246278762817e-02
-9.985900484025478363e-03
1.799355843104422092e-03
-5.120801925659179688e-02
-4.581052064895629883e-02
3.065783157944679260e-02
-6.248627603054046631e-02
2.907072007656097412e-02
-1.087366566061973572e-01
1.564392074942588806e-02
-2.209804952144622803e-02
-1.656773239374160767e-01
8.687670528888702393e-02
1.309932023286819458e-01
1.628701388835906982e-02
5.859918147325515747e-02
6.977475434541702271e-02
-3.645439445972442627e-02
-3.099138475954532623e-02
3.774217888712882996e-02
-5.541716888546943665e-02
4.580591991543769836e-02
9.267281740903854370e-02
-2.584285102784633636e-02
-3.078488074243068695e-02
5.316489189863204956e-02
-9.286806732416152954e-02
2.168906107544898987e-02
6.031022872775793076e-03
5.678013712167739868e-02
-6.699893623590469360e-02
3.305882588028907776e-02
1.163619011640548706e-02
-1.029277965426445007e-01
-3.925014752894639969e-03
-1.366486400365829468e-01
4.308791458606719971e-02
2.959202416241168976e-02
2.057620137929916382e-02
-1.390270609408617020e-02
3.397773206233978271e-02
-2.613984234631061554e-02
-1.583314388990402222e-01
1.387862116098403931e-01
3.276675939559936523e-02
9.475778788328170776e-02
3.688985481858253479e-02
-1.572387642227113247e-03
1.744667068123817444e-02
1.260950565338134766e-01
1.740960180759429932e-01
-8.352092653512954712e-02
6.976885255426168442e-03
-1.674711257219314575e-01
-1.071090400218963623e-01
-3.896912187337875366e-02
-2.792920172214508057e-02
5.128750111907720566e-03
-3.285560756921768188e-02
4.311622306704521179e-02
4.485830664634704590e-02
-1.042355671525001526e-01
-1.379586905241012573e-01
7.560373097658157349e-02
-2.473828615620732307e-03
6.487289816141128540e-02
3.785353899002075195e-02
1.132901106029748917e-02
1.588038727641105652e-02
-1.776285818777978420e-03
-1.938650012016296387e-02
-1.491840369999408722e-02
1.300347298383712769e-01
1.846725307404994965e-02
9.545497596263885498e-02
5.317221954464912415e-02
1.668075472116470337e-02
-1.413242220878601074e-01
4.893685132265090942e-02
9.323557466268539429e-02
-4.877527803182601929e-02
4.271474853157997131e-02
-5.272441729903221130e-02
8.360717445611953735e-02
-2.018689364194869995e-02
2.886487171053886414e-02
-1.860879361629486084e-01
5.960531998425722122e-03
-4.429049044847488403e-02
-8.659105747938156128e-02
4.828236997127532959e-02
-5.334800109267234802e-02
7.172419875860214233e-02
5.877055972814559937e-02
3.229797631502151489e-02
1.791462898254394531e-01
3.120891517028212547e-03
8.014485239982604980e-03
2.612347155809402466e-02
-9.598176181316375732e-02
3.315540775656700134e-02
1.113061532378196716e-01
-6.478105206042528152e-03
-1.215656995773315430e-01
-9.294410049915313721e-02
6.948165595531463623e-02
-3.455860540270805359e-02
-5.043300241231918335e-02
-1.789866760373115540e-02
-6.654370576143264771e-02
-5.151525139808654785e-02
4.662004113197326660e-02
-9.623210877180099487e-02
1.438974291086196899e-01
2.413230203092098236e-02
-1.435776352882385254e-01
-9.854535758495330811e-02
3.253648802638053894e-02
4.955574497580528259e-02
-4.647252708673477173e-02
-1.290442496538162231e-01
8.293000049889087677e-03
7.347478717565536499e-02
1.896436512470245361e-02
-2.186453714966773987e-02
-8.565990626811981201e-02
-8.942170999944210052e-03
-7.112976163625717163e-02
-6.344481557607650757e-02
1.677983254194259644e-02
5.564968660473823547e-02
-6.181534379720687866e-02
2.638269402086734772e-02
-1.283212658017873764e-02
6.859243661165237427e-02
1.296050287783145905e-02
7.650344818830490112e-02
-6.364767253398895264e-02
-1.239106953144073486e-01
-8.219419396482408047e-05
-7.097094506025314331e-02
7.076502591371536255e-02
1.608968153595924377e-02
4.278461635112762451e-02
-9.298752993345260620e-02
5.558890476822853088e-02
-8.242752403020858765e-02
1.801320537924766541e-02
-1.066166758537292480e-01
3.446358954533934593e-03
-3.633592510595917702e-03
-1.363189518451690674e-01
-1.871939748525619507e-01
3.912185132503509521e-02
-1.636590436100959778e-02
-5.986289586871862411e-03
-6.237101554870605469e-02
6.802693754434585571e-02
-7.309633493423461914e-02
2.369537018239498138e-02
1.056479476392269135e-02
1.785107702016830444e-02
1.082435436546802521e-02
-8.923194557428359985e-02
3.587336093187332153e-02
-3.573431074619293213e-02
-1.133343279361724854e-01
4.755993187427520752e-02
-8.405169844627380371e-02
6.357391178607940674e-02
-3.694142773747444153e-02
8.849119395017623901e-02
-1.447926163673400879e-01
-3.109486401081085205e-02
-1.130705997347831726e-01
-8.644196391105651855e-02
1.321683228015899658e-01
4.602044448256492615e-02
-1.596485637128353119e-02
-1.627944223582744598e-02
3.692316636443138123e-02
2.945973724126815796e-02
-3.016213141381740570e-02
2.724606310948729515e-03
-8.091317117214202881e-02
2.326785773038864136e-02
-3.138620033860206604e-02
-4.867091402411460876e-02
4.204624891281127930e-02
-7.106316089630126953e-02
-8.158363401889801025e-03
6.706754863262176514e-02
5.154026672244071960e-02
-5.856857076287269592e-02
-3.418974205851554871e-02
-5.819703266024589539e-02
3.682399168610572815e-02
-1.867247000336647034e-02
1.542614847421646118e-01
-3.673074766993522644e-02
-1.199693009257316589e-01
1.349880248308181763e-01
1.484021693468093872e-01
1.708930917084217072e-02
-3.074565157294273376e-02
4.712645336985588074e-02
2.967304177582263947e-02
-1.202871464192867279e-02
-5.798057466745376587e-02
-2.874505147337913513e-02
-9.015969000756740570e-03
-2.600638568401336670e-02
-8.790633827447891235e-02
8.539991080760955811e-02
9.634404629468917847e-02
-1.349516957998275757e-01
1.571978032588958740e-01
-1.144618168473243713e-01
5.718003213405609131e-02
1.021658182144165039e-01
7.718170434236526489e-02
-8.766729151830077171e-04
-2.609185874462127686e-02
3.367668390274047852e-02
2.490792237222194672e-02
1.153905987739562988e-01
2.326047047972679138e-02
-5.959862843155860901e-02
7.836436480283737183e-02
-2.362031489610671997e-01
6.539691984653472900e-02
1.463563763536512852e-03
1.058001220226287842e-01
3.199608623981475830e-02
8.520840853452682495e-02
9.631877392530441284e-02
1.323236804455518723e-02
-8.937337994575500488e-02
-3.692038357257843018e-02
4.150860011577606201e-02
8.940947800874710083e-02
-1.017687190324068069e-02
1.049536541104316711e-01
-4.084600508213043213e-02
-1.482128649950027466e-01
1.279132217168807983e-01
-1.067468896508216858e-01
-2.283929660916328430e-02
4.493479430675506592e-02
-3.411664068698883057e-02
-2.046191692352294922e-01
-8.205245435237884521e-02
8.242114633321762085e-02
5.517192184925079346e-02
-3.365725651383399963e-02
-5.159756634384393692e-03
-1.075387001037597656e-01
-9.221844375133514404e-03
-9.953863918781280518e-02
7.914319634437561035e-02
4.881006479263305664e-02
5.158939585089683533e-02
-1.195649579167366028e-01
-1.907054334878921509e-02
8.758411556482315063e-02
4.338368307799100876e-03
3.141358867287635803e-02
-1.680759042501449585e-01
-4.265863448381423950e-02
1.162211373448371887e-01
4.779989272356033325e-02
1.951927095651626587e-01
-6.360056996345520020e-02
1.347938179969787598e-01
3.986926749348640442e-02
-5.713863763958215714e-03
-2.260747179388999939e-02
6.786929070949554443e-02
-7.915844023227691650e-02
-1.985011622309684753e-02
3.847622871398925781e-02
6.008772179484367371e-02
3.220185637474060059e-02
-6.558503210544586182e-02
1.174677610397338867e-01
-8.004388771951198578e-03
-5.115751642733812332e-03
6.096423789858818054e-02
-5.170005932450294495e-02
-9.205666929483413696e-02
1.610354334115982056e-01
-3.616097616031765938e-03
-1.248186305165290833e-01
-1.019997149705886841e-01
-2.940408699214458466e-02
-9.360431134700775146e-02
-1.191699579358100891e-01
-2.142767049372196198e-02
-4.946550726890563965e-02
-8.508317917585372925e-02
-5.254225432872772217e-02
-9.066516906023025513e-02
-5.740183591842651367e-02
5.898258090019226074e-02
-2.309684082865715027e-02
1.789302676916122437e-01
1.359098553657531738e-01
9.303958155214786530e-03
-8.378771692514419556e-02
1.240790914744138718e-02
3.471761196851730347e-02
-1.102466881275177002e-02
2.917235344648361206e-02
2.725314907729625702e-02
-1.737863756716251373e-02
-9.504231065511703491e-02
-5.295018851757049561e-02
-2.348838932812213898e-02
2.086173295974731445e-01
1.288093179464340210e-01
-2.625344507396221161e-02
1.198828965425491333e-01
-4.155082255601882935e-02
1.519974321126937866e-02
-2.077674120664596558e-02
-1.747604459524154663e-01
1.071819886565208435e-01
1.084019616246223450e-01
-7.079637050628662109e-02
2.159648202359676361e-02
-6.875527650117874146e-02
-1.156207099556922913e-01
5.994448065757751465e-02
-3.002476319670677185e-02
2.237646654248237610e-02
5.232691019773483276e-02
-6.545344740152359009e-02
1.133253872394561768e-01
2.238832972943782806e-02
-4.578086733818054199e-02
8.203116804361343384e-02
-1.098291277885437012e-01
-2.300358563661575317e-02
-1.787359453737735748e-02
-1.911401450634002686e-01
4.018903896212577820e-02
-5.788980796933174133e-02
1.180391386151313782e-02
3.100457042455673218e-02
-2.837985754013061523e-02
-5.270102620124816895e-02
-1.469405717216432095e-03
-2.970073558390140533e-02
3.862150758504867554e-02
-6.929067522287368774e-02
2.571846917271614075e-02
-4.286009073257446289e-02
2.527840202674269676e-03
-1.066743209958076477e-01
3.070307895541191101e-02
1.033931598067283630e-01
-1.238284050486981869e-03
5.000485572963953018e-03
1.149508953094482422e-01
2.154156332835555077e-03
-1.007245704531669617e-01
-8.993952721357345581e-02
7.689592987298965454e-02
3.741497546434402466e-02
1.426946022547781467e-03
-9.374517947435379028e-02
9.414918720722198486e-02
-5.857887864112854004e-02
1.404353231191635132e-02
6.923782825469970703e-02
-9.701236337423324585e-02
1.296807378530502319e-01
3.239014372229576111e-02
1.128479763865470886e-01
4.348975047469139099e-02
