2.418034934997558594e+01
1.882918167114257812e+01
1.355862236022949219e+01
9.530116081237792969e+00
6.221439838409423828e+00
3.733040571212768555e+00
2.142655849456787109e+00
1.464171051979064941e+00
1.293943881988525391e+00
1.286010622978210449e+00
1.306269645690917969e+00
1.330626249313354492e+00
1.355857968330383301e+00
1.390399217605590820e+00
1.440862059593200684e+00
1.501114249229431152e+00
1.571904063224792480e+00
1.646710634231567383e+00
1.715455055236816406e+00
1.770996928215026855e+00
1.809932947158813477e+00
1.829209804534912109e+00
1.830195903778076172e+00
1.811519861221313477e+00
1.780930757522583008e+00
1.738905429840087891e+00
1.688838362693786621e+00
1.633010268211364746e+00
1.572017669677734375e+00
1.513920903205871582e+00
1.457702517509460449e+00
1.405595541000366211e+00
1.357317090034484863e+00
1.315979123115539551e+00
1.277897834777832031e+00
1.243962645530700684e+00
1.212952136993408203e+00
1.183892488479614258e+00
1.157355308532714844e+00
1.133122920989990234e+00
1.110597491264343262e+00
1.089382648468017578e+00
1.068670034408569336e+00
1.048401355743408203e+00
1.028221607208251953e+00
1.008178830146789551e+00
9.881361126899719238e-01
9.681701660156250000e-01
9.481507539749145508e-01
9.281306266784667969e-01
9.082029461860656738e-01
8.885415792465209961e-01
8.689337968826293945e-01
8.495702743530273438e-01
8.308388590812683105e-01
8.126506209373474121e-01
7.954175472259521484e-01
7.784142494201660156e-01
7.619013786315917969e-01
7.459613680839538574e-01
7.304992079734802246e-01
7.156263589859008789e-01
7.018434405326843262e-01
6.890981793403625488e-01
6.775811910629272461e-01
6.674477458000183105e-01
6.583438515663146973e-01
6.504514813423156738e-01
6.439209580421447754e-01
6.389343142509460449e-01
6.353338956832885742e-01
6.328619122505187988e-01
6.315125823020935059e-01
6.309480071067810059e-01
6.316345334053039551e-01
6.335238814353942871e-01
6.362709403038024902e-01
6.397393345832824707e-01
6.433012485504150391e-01
6.468805074691772461e-01
6.504091620445251465e-01
6.531186103820800781e-01
6.553531885147094727e-01
6.571043133735656738e-01
6.576849222183227539e-01
6.571767926216125488e-01
6.558257341384887695e-01
6.539282202720642090e-01
6.513252854347229004e-01
6.485171914100646973e-01
6.447425484657287598e-01
6.406553387641906738e-01
6.366387605667114258e-01
6.321103572845458984e-01
6.270934343338012695e-01
6.219912767410278320e-01
6.170862913131713867e-01
6.121828556060791016e-01
6.072894930839538574e-01
6.029180288314819336e-01
5.988456606864929199e-01
5.951265096664428711e-01
5.920717120170593262e-01
5.892441272735595703e-01
5.868231654167175293e-01
5.847168564796447754e-01
5.829296112060546875e-01
5.814792513847351074e-01
5.802603960037231445e-01
5.791347026824951172e-01
5.780746936798095703e-01
5.771176815032958984e-01
5.762026309967041016e-01
5.754199028015136719e-01
5.747382044792175293e-01
5.741578936576843262e-01
5.736566185951232910e-01
5.729846358299255371e-01
5.720934271812438965e-01
5.711087584495544434e-01
5.701182484626770020e-01
5.690035223960876465e-01
5.679184198379516602e-01
5.667698383331298828e-01
5.655992031097412109e-01
5.645744800567626953e-01
5.635070204734802246e-01
5.623915791511535645e-01
5.612784028053283691e-01
5.600890517234802246e-01
5.590547919273376465e-01
5.580638051033020020e-01
5.570876598358154297e-01
5.561661720275878906e-01
5.552985072135925293e-01
5.542793869972229004e-01
5.529146194458007812e-01
5.514327883720397949e-01
5.498935580253601074e-01
5.483206510543823242e-01
5.467645525932312012e-01
5.451163649559020996e-01
5.435485243797302246e-01
5.418810844421386719e-01
5.402331948280334473e-01
5.385326147079467773e-01
5.368230938911437988e-01
5.352036356925964355e-01
5.337641835212707520e-01
5.324429869651794434e-01
5.310474038124084473e-01
5.297704339027404785e-01
5.285341143608093262e-01
5.272411108016967773e-01
5.259863734245300293e-01
5.247164368629455566e-01
5.234992504119873047e-01
5.222437977790832520e-01
5.210580229759216309e-01
5.199131965637207031e-01
5.187647938728332520e-01
5.177760720252990723e-01
5.168187022209167480e-01
5.158997178077697754e-01
5.151402950286865234e-01
5.144355297088623047e-01
5.137024521827697754e-01
5.130614638328552246e-01
5.124056339263916016e-01
5.117004513740539551e-01
5.108649730682373047e-01
5.099213123321533203e-01
5.089871883392333984e-01
5.080869197845458984e-01
5.071260929107666016e-01
5.061224102973937988e-01
5.052376389503479004e-01
5.043799877166748047e-01
5.033453106880187988e-01
5.022314190864562988e-01
5.010804533958435059e-01
4.999091923236846924e-01
4.987450838088989258e-01
4.975853860378265381e-01
4.963873922824859619e-01
4.952658414840698242e-01
4.941101372241973877e-01
4.930122494697570801e-01
4.919859766960144043e-01
4.908872842788696289e-01
4.897880852222442627e-01
4.886331558227539062e-01
4.874582588672637939e-01
4.863586127758026123e-01
4.852762818336486816e-01
4.840555787086486816e-01
4.827300906181335449e-01
4.812471866607666016e-01
4.799771606922149658e-01
4.786873161792755127e-01
4.773592352867126465e-01
4.760282337665557861e-01
4.747761785984039307e-01
4.734793603420257568e-01
4.722561836242675781e-01
4.711642563343048096e-01
4.700131416320800781e-01
4.689290225505828857e-01
4.678794443607330322e-01
4.669646918773651123e-01
4.661407172679901123e-01
4.652668535709381104e-01
4.643056988716125488e-01
4.633933305740356445e-01
4.625407457351684570e-01
4.617148339748382568e-01
4.608654081821441650e-01
4.600208997726440430e-01
4.592479467391967773e-01
4.584200680255889893e-01
4.575229585170745850e-01
4.566955864429473877e-01
4.559673964977264404e-01
4.551705121994018555e-01
4.544220268726348877e-01
4.536777734756469727e-01
4.529459476470947266e-01
4.523661434650421143e-01
4.518279731273651123e-01
4.512643218040466309e-01
4.508251547813415527e-01
4.503512084484100342e-01
4.496800303459167480e-01
4.490212202072143555e-01
4.483828246593475342e-01
4.476470649242401123e-01
4.469149112701416016e-01
4.461933672428131104e-01
4.452667534351348877e-01
4.442561268806457520e-01
4.431924521923065186e-01
4.420938193798065186e-01
4.409825503826141357e-01
4.400743842124938965e-01
4.391132593154907227e-01
4.381713569164276123e-01
4.372752904891967773e-01
4.364615380764007568e-01
4.355313777923583984e-01
4.345103502273559570e-01
4.335668981075286865e-01
4.325061142444610596e-01
4.314770102500915527e-01
4.305224120616912842e-01
4.295513033866882324e-01
4.286956489086151123e-01
4.279436767101287842e-01
4.271805584430694580e-01
4.264833927154541016e-01
4.258117973804473877e-01
4.250802993774414062e-01
4.242542386054992676e-01
4.233668744564056396e-01
4.225498735904693604e-01
4.217878282070159912e-01
4.210663139820098877e-01
4.203681051731109619e-01
4.196366071701049805e-01
4.188643693923950195e-01
4.180605411529541016e-01
4.172246158123016357e-01
4.163772165775299072e-01
4.155390560626983643e-01
4.146578311920166016e-01
4.137526154518127441e-01
4.128370881080627441e-01
4.119309484958648682e-01
4.110708534717559814e-01
4.101904332637786865e-01
4.093006253242492676e-01
4.084119796752929688e-01
4.075879454612731934e-01
4.067690968513488770e-01
4.060013294219970703e-01
4.052737355232238770e-01
4.045524001121520996e-01
4.038276970386505127e-01
4.031677544116973877e-01
4.025726020336151123e-01
4.020090401172637939e-01
4.014396071434020996e-01
4.008743166923522949e-01
4.003249406814575195e-01
3.997637927532196045e-01
3.991586267948150635e-01
3.985749185085296631e-01
3.980560600757598877e-01
3.974715769290924072e-01
3.968552350997924805e-01
3.962899744510650635e-01
3.956719338893890381e-01
3.950310051441192627e-01
3.944256603717803955e-01
3.938137888908386230e-01
3.932483494281768799e-01
3.927004635334014893e-01
3.920938670635223389e-01
3.914377093315124512e-01
3.906545639038085938e-01
3.898928463459014893e-01
3.891131281852722168e-01
3.883705437183380127e-01
3.875539600849151611e-01
3.868053257465362549e-01
3.860585987567901611e-01
3.853099048137664795e-01
3.846423029899597168e-01
3.839569389820098877e-01
3.832741677761077881e-01
3.825838565826416016e-01
3.818677365779876709e-01
3.812062442302703857e-01
3.805552423000335693e-01
3.799094855785369873e-01
3.792610764503479004e-01
3.786517083644866943e-01
3.780111074447631836e-01
3.773699998855590820e-01
3.767687380313873291e-01
3.761288821697235107e-01
3.755190372467041016e-01
3.749224841594696045e-01
3.742536008358001709e-01
3.735796213150024414e-01
3.729349076747894287e-01
3.723284900188446045e-01
3.717054128646850586e-01
3.710940182209014893e-01
3.704678118228912354e-01
3.698717057704925537e-01
3.693042099475860596e-01
3.687754869461059570e-01
3.682871460914611816e-01
3.677965998649597168e-01
3.673855960369110107e-01
3.669994175434112549e-01
3.665150701999664307e-01
3.659361898899078369e-01
3.653272688388824463e-01
3.647410273551940918e-01
3.641457259654998779e-01
3.634696900844573975e-01
3.627667427062988281e-01
3.621258735656738281e-01
3.614916503429412842e-01
3.608958125114440918e-01
3.602804243564605713e-01
3.597412407398223877e-01
3.591970205307006836e-01
3.586733639240264893e-01
3.581186532974243164e-01
3.576039373874664307e-01
3.570874631404876709e-01
3.565420210361480713e-01
3.560289442539215088e-01
3.555197715759277344e-01
3.549295067787170410e-01
3.543895781040191650e-01
3.539384603500366211e-01
3.535016775131225586e-01
3.530880212783813477e-01
3.525958657264709473e-01
3.520659506320953369e-01
3.516277074813842773e-01
3.512215912342071533e-01
3.507690727710723877e-01
3.503223061561584473e-01
3.498523831367492676e-01
3.492692112922668457e-01
3.487091362476348877e-01
3.481141030788421631e-01
3.474727869033813477e-01
3.468311131000518799e-01
3.463124036788940430e-01
3.457595705986022949e-01
3.451981842517852783e-01
3.446154296398162842e-01
3.440289199352264404e-01
3.433849215507507324e-01
3.427790403366088867e-01
3.422034382820129395e-01
3.416081666946411133e-01
3.410336375236511230e-01
3.404639065265655518e-01
3.399256765842437744e-01
3.394328653812408447e-01
3.389481008052825928e-01
3.383800089359283447e-01
3.378811180591583252e-01
3.373304605484008789e-01
3.367672264575958252e-01
3.362379670143127441e-01
3.356685936450958252e-01
3.350885212421417236e-01
3.345187306404113770e-01
3.339025080204010010e-01
3.334057033061981201e-01
3.329055011272430420e-01
3.324986994266510010e-01
3.321030437946319580e-01
3.316553533077239990e-01
3.311978876590728760e-01
3.307659626007080078e-01
3.302973806858062744e-01
3.298022449016571045e-01
3.293316662311553955e-01
3.289080262184143066e-01
3.284513056278228760e-01
3.280591964721679688e-01
3.277071416378021240e-01
3.273574709892272949e-01
3.269809484481811523e-01
3.265090584754943848e-01
3.260252177715301514e-01
3.255310952663421631e-01
3.250026404857635498e-01
3.244625926017761230e-01
3.238815665245056152e-01
3.233187794685363770e-01
3.227892518043518066e-01
3.222506642341613770e-01
3.217025697231292725e-01
3.211611807346343994e-01
3.206173777580261230e-01
3.200237452983856201e-01
3.194415569305419922e-01
3.188778460025787354e-01
3.183338344097137451e-01
3.177936375141143799e-01
3.173366487026214600e-01
3.168992698192596436e-01
3.164829015731811523e-01
3.161116242408752441e-01
3.157027959823608398e-01
3.152570724487304688e-01
3.148243725299835205e-01
3.144375085830688477e-01
3.141171336174011230e-01
3.138423860073089600e-01
3.135074675083160400e-01
3.130998611450195312e-01
3.127151131629943848e-01
3.123012483119964600e-01
3.118284940719604492e-01
3.112777471542358398e-01
3.107465207576751709e-01
3.103241920471191406e-01
3.099349737167358398e-01
3.095229864120483398e-01
3.091325759887695312e-01
3.087020516395568848e-01
3.082717359066009521e-01
3.077837526798248291e-01
3.072353303432464600e-01
3.066848516464233398e-01
3.061383068561553955e-01
3.056169748306274414e-01
3.050829470157623291e-01
3.045758605003356934e-01
3.040165007114410400e-01
3.035076558589935303e-01
3.029953241348266602e-01
3.025002479553222656e-01
3.020462095737457275e-01
3.015963435173034668e-01
3.011475503444671631e-01
3.007102012634277344e-01
3.003753721714019775e-01
3.000322282314300537e-01
2.997027933597564697e-01
2.993877828121185303e-01
2.990112006664276123e-01
2.985550761222839355e-01
2.981158792972564697e-01
2.976582348346710205e-01
2.972159385681152344e-01
2.967429161071777344e-01
2.962798178195953369e-01
2.958438992500305176e-01
2.953743636608123779e-01
2.949663102626800537e-01
2.945301532745361328e-01
2.940674722194671631e-01
2.936759591102600098e-01
2.932673096656799316e-01
2.928313910961151123e-01
2.923987805843353271e-01
2.919871509075164795e-01
2.916090488433837891e-01
2.912037968635559082e-01
2.908376455307006836e-01
2.904713749885559082e-01
2.901204228401184082e-01
2.897780537605285645e-01
2.894911170005798340e-01
2.891747057437896729e-01
2.888183891773223877e-01
2.884216010570526123e-01
2.879855036735534668e-01
2.875722348690032959e-01
2.871759235858917236e-01
2.867835164070129395e-01
2.863753437995910645e-01
2.859191596508026123e-01
2.854765951633453369e-01
2.850342988967895508e-01
2.845819890499114990e-01
2.841492593288421631e-01
2.837368547916412354e-01
2.833047509193420410e-01
2.829045057296752930e-01
2.825557589530944824e-01
2.822264432907104492e-01
2.819065451622009277e-01
2.816158533096313477e-01
2.813210785388946533e-01
2.810499966144561768e-01
2.807480990886688232e-01
2.804634869098663330e-01
2.801361978054046631e-01
2.797798216342926025e-01
2.793967127799987793e-01
2.790766656398773193e-01
2.787781655788421631e-01
2.784572243690490723e-01
2.780981063842773438e-01
2.777558565139770508e-01
2.774504721164703369e-01
2.771144509315490723e-01
2.767489850521087646e-01
2.764295935630798340e-01
2.761216163635253906e-01
2.758192420005798340e-01
2.754821479320526123e-01
2.750189900398254395e-01
2.744970321655273438e-01
2.740016281604766846e-01
2.734623253345489502e-01
2.729739248752593994e-01
2.725223898887634277e-01
2.721409499645233154e-01
2.717216610908508301e-01
2.713015973567962646e-01
2.708824574947357178e-01
2.704561650753021240e-01
2.700806856155395508e-01
2.697126567363739014e-01
2.693782448768615723e-01
2.690581977367401123e-01
2.686713039875030518e-01
2.683123350143432617e-01
2.679438889026641846e-01
2.675948739051818848e-01
2.672962546348571777e-01
2.670287787914276123e-01
2.667828500270843506e-01
2.665557563304901123e-01
2.663112282752990723e-01
2.660975754261016846e-01
2.658706307411193848e-01
2.656235992908477783e-01
2.653576135635375977e-01
2.651368081569671631e-01
2.648846805095672607e-01
2.646400928497314453e-01
2.644098699092864990e-01
2.641445100307464600e-01
2.637879252433776855e-01
2.634600698947906494e-01
2.630629241466522217e-01
2.626726925373077393e-01
2.622981369495391846e-01
2.619402110576629639e-01
2.615281939506530762e-01
2.610697746276855469e-01
2.606109380722045898e-01
2.601453065872192383e-01
2.597294747829437256e-01
2.592616379261016846e-01
2.588256299495697021e-01
2.583942115306854248e-01
2.579655647277832031e-01
2.575603127479553223e-01
2.571925818920135498e-01
2.568345069885253906e-01
2.564907371997833252e-01
2.561726570129394531e-01
2.558914422988891602e-01
2.555904686450958252e-01
2.552875280380249023e-01
2.549725472927093506e-01
2.546459138393402100e-01
2.543469667434692383e-01
2.540816962718963623e-01
2.538071870803833008e-01
2.535156905651092529e-01
2.532657682895660400e-01
2.530216276645660400e-01
2.527680099010467529e-01
2.525180578231811523e-01
2.522678673267364502e-01
2.520156204700469971e-01
2.517394721508026123e-01
2.514568567276000977e-01
2.511763870716094971e-01
2.509235143661499023e-01
2.506728768348693848e-01
2.503894865512847900e-01
2.501083612442016602e-01
2.498326450586318970e-01
2.495498359203338623e-01
2.492594718933105469e-01
2.489684671163558960e-01
2.486271858215332031e-01
2.483230978250503540e-01
2.479558140039443970e-01
2.476039826869964600e-01
2.472778856754302979e-01
2.469043433666229248e-01
2.465912699699401855e-01
2.462997287511825562e-01
2.459717094898223877e-01
2.456531077623367310e-01
2.453135699033737183e-01
2.449946254491806030e-01
2.446879744529724121e-01
2.443791031837463379e-01
2.440944612026214600e-01
2.438350617885589600e-01
2.435688972473144531e-01
2.433030307292938232e-01
2.429977208375930786e-01
2.426985651254653931e-01
2.423859834671020508e-01
2.420883476734161377e-01
2.417847812175750732e-01
2.414876073598861694e-01
2.412033230066299438e-01
2.409149408340454102e-01
2.406253665685653687e-01
2.403320074081420898e-01
2.400191128253936768e-01
2.397079765796661377e-01
2.394099086523056030e-01
2.391127496957778931e-01
2.388005405664443970e-01
2.384852916002273560e-01
2.381760776042938232e-01
2.378902137279510498e-01
2.376191616058349609e-01
2.373356223106384277e-01
2.370359897613525391e-01
2.367402315139770508e-01
2.364822626113891602e-01
2.362350225448608398e-01
2.359559684991836548e-01
2.356943637132644653e-01
2.354411482810974121e-01
2.351856976747512817e-01
2.349391430616378784e-01
2.347335666418075562e-01
2.344873696565628052e-01
2.342451661825180054e-01
2.340011894702911377e-01
2.337499111890792847e-01
2.334839701652526855e-01
2.331699877977371216e-01
2.328511774539947510e-01
2.325611710548400879e-01
2.322763949632644653e-01
2.320158034563064575e-01
2.317716628313064575e-01
2.315347939729690552e-01
2.312910109758377075e-01
2.310582101345062256e-01
2.308348268270492554e-01
2.306119948625564575e-01
2.303831130266189575e-01
2.301406562328338623e-01
2.298752814531326294e-01
2.295984923839569092e-01
2.293222248554229736e-01
2.290705740451812744e-01
2.288284152746200562e-01
2.285634130239486694e-01
2.282961010932922363e-01
2.280427068471908569e-01
2.278387099504470825e-01
2.276072204113006592e-01
2.273390442132949829e-01
2.270796746015548706e-01
2.268350124359130859e-01
2.266001999378204346e-01
2.263239473104476929e-01
2.260976433753967285e-01
2.258683592081069946e-01
2.256720066070556641e-01
2.254617512226104736e-01
2.252447754144668579e-01
2.250291109085083008e-01
2.248306125402450562e-01
2.246148735284805298e-01
2.243875861167907715e-01
2.241728305816650391e-01
2.239740937948226929e-01
2.237167507410049438e-01
2.234115749597549438e-01
2.231293022632598877e-01
2.228465378284454346e-01
2.225956618785858154e-01
2.223337590694427490e-01
2.220937609672546387e-01
2.218775004148483276e-01
2.216513305902481079e-01
2.214208245277404785e-01
2.212196886539459229e-01
2.209876030683517456e-01
2.207259684801101685e-01
2.204878032207489014e-01
2.202371805906295776e-01
2.200246453285217285e-01
2.198256999254226685e-01
2.196328043937683105e-01
2.194371968507766724e-01
2.192683517932891846e-01
2.190572917461395264e-01
2.188104689121246338e-01
2.185592502355575562e-01
2.183324843645095825e-01
2.181150615215301514e-01
2.179202139377593994e-01
2.177500873804092407e-01
2.175903022289276123e-01
2.173940986394882202e-01
2.171936482191085815e-01
2.170082926750183105e-01
2.167910486459732056e-01
2.165855020284652710e-01
2.163907885551452637e-01
2.162111401557922363e-01
2.160640209913253784e-01
2.159254103899002075e-01
2.157670259475708008e-01
2.155839055776596069e-01
2.154005616903305054e-01
2.152252197265625000e-01
2.150340527296066284e-01
2.148286253213882446e-01
2.146372944116592407e-01
2.144604325294494629e-01
2.142351418733596802e-01
2.139533609151840210e-01
2.136554270982742310e-01
2.134039402008056641e-01
2.131860256195068359e-01
2.129192799329757690e-01
2.126993387937545776e-01
2.124768793582916260e-01
2.122578471899032593e-01
2.120459079742431641e-01
2.118534743785858154e-01
2.116548120975494385e-01
2.115172147750854492e-01
2.113882005214691162e-01
2.112501561641693115e-01
2.110982835292816162e-01
2.109603732824325562e-01
2.107907980680465698e-01
2.106452882289886475e-01
2.105003297328948975e-01
2.103881686925888062e-01
2.101956754922866821e-01
2.099837064743041992e-01
2.098313868045806885e-01
2.096916139125823975e-01
2.096082270145416260e-01
2.094781100749969482e-01
2.093904912471771240e-01
2.092724293470382690e-01
2.090910524129867554e-01
2.089005708694458008e-01
2.087456285953521729e-01
2.086007148027420044e-01
2.085518389940261841e-01
2.084789425134658813e-01
2.083264738321304321e-01
2.081851959228515625e-01
2.079520672559738159e-01
2.077080607414245605e-01
2.074285447597503662e-01
2.070518881082534790e-01
2.066111713647842407e-01
2.061485797166824341e-01
2.057747691869735718e-01
2.054678201675415039e-01
2.052136659622192383e-01
2.049579769372940063e-01
2.047137022018432617e-01
2.044984102249145508e-01
2.043145895004272461e-01
2.041450589895248413e-01
2.039796411991119385e-01
2.037811428308486938e-01
2.036080360412597656e-01
2.034430652856826782e-01
2.032852023839950562e-01
2.031227350234985352e-01
2.029947042465209961e-01
2.028422504663467407e-01
2.026818841695785522e-01
2.024988979101181030e-01
2.023309469223022461e-01
2.021771073341369629e-01
2.020286470651626587e-01
2.019118070602416992e-01
2.017994225025177002e-01
2.016824483871459961e-01
2.015527635812759399e-01
2.014307975769042969e-01
2.013316005468368530e-01
2.012328952550888062e-01
2.010885328054428101e-01
2.009124606847763062e-01
2.007656693458557129e-01
2.006220966577529907e-01
2.004337757825851440e-01
2.002492994070053101e-01
2.000708431005477905e-01
1.998825222253799438e-01
1.996864676475524902e-01
1.995110809803009033e-01
1.993231177330017090e-01
1.991502344608306885e-01
1.989969909191131592e-01
1.988378912210464478e-01
1.986918449401855469e-01
1.985455155372619629e-01
1.984177827835083008e-01
1.983102411031723022e-01
1.981968879699707031e-01
1.980877071619033813e-01
1.979579031467437744e-01
1.978220939636230469e-01
1.976643502712249756e-01
1.975225508213043213e-01
1.973954439163208008e-01
1.972561031579971313e-01
1.971283107995986938e-01
1.970043629407882690e-01
1.968479901552200317e-01
1.966987103223800659e-01
1.965389400720596313e-01
1.963804960250854492e-01
1.962413787841796875e-01
1.961084455251693726e-01
1.959757804870605469e-01
1.958488970994949341e-01
1.957327127456665039e-01
1.956400573253631592e-01
1.955337077379226685e-01
1.954365819692611694e-01
1.953334957361221313e-01
1.952266693115234375e-01
1.951012313365936279e-01
1.949939876794815063e-01
1.948622465133666992e-01
1.947046220302581787e-01
1.945444047451019287e-01
1.943888664245605469e-01
1.942500919103622437e-01
1.941471248865127563e-01
1.939626932144165039e-01
1.937657743692398071e-01
1.935597509145736694e-01
1.933721452951431274e-01
1.931939125061035156e-01
1.930311620235443115e-01
1.928812414407730103e-01
1.927313804626464844e-01
1.926040947437286377e-01
1.924691498279571533e-01
1.923294216394424438e-01
1.921976804733276367e-01
1.920776516199111938e-01
1.919689178466796875e-01
1.918335258960723877e-01
1.916982233524322510e-01
1.915659457445144653e-01
1.914515346288681030e-01
1.913274377584457397e-01
1.912058591842651367e-01
1.911157220602035522e-01
1.910344511270523071e-01
1.909642666578292847e-01
1.909027546644210815e-01
1.908345669507980347e-01
1.907248049974441528e-01
1.905670613050460815e-01
1.903222650289535522e-01
1.900766938924789429e-01
1.898218840360641479e-01
1.896157711744308472e-01
1.894221156835556030e-01
1.892034113407135010e-01
1.889927834272384644e-01
1.887816041707992554e-01
1.885731667280197144e-01
1.883870661258697510e-01
1.882166564464569092e-01
1.880543977022171021e-01
1.879099160432815552e-01
1.877695024013519287e-01
1.876505017280578613e-01
1.875360310077667236e-01
1.874542087316513062e-01
1.874063462018966675e-01
1.873468011617660522e-01
1.873067021369934082e-01
1.872610151767730713e-01
1.872024387121200562e-01
1.871542334556579590e-01
1.871007829904556274e-01
1.870352178812026978e-01
1.869526505470275879e-01
1.868292540311813354e-01
1.867059320211410522e-01
1.865317225456237793e-01
1.863630861043930054e-01
1.861952096223831177e-01
1.860249489545822144e-01
1.858831048011779785e-01
1.857584863901138306e-01
1.856515556573867798e-01
1.855112016201019287e-01
1.853509843349456787e-01
1.851889193058013916e-01
1.849975138902664185e-01
1.848169714212417603e-01
1.846230626106262207e-01
1.844246983528137207e-01
1.842271238565444946e-01
1.840433776378631592e-01
1.838684529066085815e-01
1.837055683135986328e-01
1.835535764694213867e-01
1.834101378917694092e-01
1.832754611968994141e-01
1.831507235765457153e-01
1.830298304557800293e-01
1.829320341348648071e-01
1.828129142522811890e-01
1.827011555433273315e-01
1.826228052377700806e-01
1.825434267520904541e-01
1.825005859136581421e-01
1.824854463338851929e-01
1.824624687433242798e-01
1.824265867471694946e-01
1.823557466268539429e-01
1.823038458824157715e-01
1.822426766157150269e-01
1.821801364421844482e-01
1.821038573980331421e-01
1.819990724325180054e-01
1.818002015352249146e-01
1.815545558929443359e-01
1.813120394945144653e-01
1.810816526412963867e-01
1.809056401252746582e-01
1.807683259248733521e-01
1.806177347898483276e-01
1.804835349321365356e-01
1.803200691938400269e-01
1.801529079675674438e-01
1.799997538328170776e-01
1.798475533723831177e-01
1.797022074460983276e-01
1.795522123575210571e-01
1.793997734785079956e-01
1.792520731687545776e-01
1.790842264890670776e-01
1.789452433586120605e-01
1.788304150104522705e-01
1.787130236625671387e-01
1.786046773195266724e-01
1.784794777631759644e-01
1.783605217933654785e-01
1.782461106777191162e-01
1.781304627656936646e-01
1.779987066984176636e-01
