2.418000221252441406e+01
1.881313323974609375e+01
1.395519256591796875e+01
9.557129859924316406e+00
6.187723636627197266e+00
3.662693977355957031e+00
2.103457212448120117e+00
1.440103888511657715e+00
1.287298560142517090e+00
1.290020465850830078e+00
1.315777659416198730e+00
1.339804649353027344e+00
1.369035601615905762e+00
1.411127328872680664e+00
1.468587160110473633e+00
1.534483909606933594e+00
1.605960726737976074e+00
1.673354744911193848e+00
1.724061131477355957e+00
1.751817464828491211e+00
1.757307529449462891e+00
1.741777300834655762e+00
1.707032442092895508e+00
1.658616185188293457e+00
1.600361227989196777e+00
1.537781119346618652e+00
1.476094007492065430e+00
1.416952133178710938e+00
1.363481640815734863e+00
1.316856980323791504e+00
1.275776505470275879e+00
1.238200902938842773e+00
1.203558683395385742e+00
1.173035144805908203e+00
1.146613121032714844e+00
1.122103571891784668e+00
1.098564982414245605e+00
1.075351119041442871e+00
1.052101492881774902e+00
1.028754591941833496e+00
1.005407571792602539e+00
9.818955063819885254e-01
9.580932259559631348e-01
9.344789385795593262e-01
9.104835391044616699e-01
8.863453865051269531e-01
8.622131943702697754e-01
8.386517763137817383e-01
8.153076767921447754e-01
7.923203110694885254e-01
7.697653770446777344e-01
7.478740215301513672e-01
7.267369627952575684e-01
7.063902020454406738e-01
6.871946454048156738e-01
6.696138381958007812e-01
6.530428528785705566e-01
6.382443904876708984e-01
6.245734691619873047e-01
6.123168468475341797e-01
6.014373302459716797e-01
5.923336744308471680e-01
5.848413705825805664e-01
5.788302421569824219e-01
5.741889476776123047e-01
5.707812905311584473e-01
5.694851279258728027e-01
5.688605308532714844e-01
5.685833096504211426e-01
5.684705376625061035e-01
5.681423544883728027e-01
5.676301717758178711e-01
5.664191842079162598e-01
5.646536350250244141e-01
5.622731447219848633e-01
5.594619512557983398e-01
5.563772916793823242e-01
5.533785820007324219e-01
5.499132871627807617e-01
5.464620590209960938e-01
5.431357026100158691e-01
5.398721694946289062e-01
5.368812680244445801e-01
5.341637730598449707e-01
5.319020748138427734e-01
5.299953222274780273e-01
5.284237265586853027e-01
5.270524621009826660e-01
5.257871747016906738e-01
5.245048403739929199e-01
5.232988595962524414e-01
5.220344662666320801e-01
5.207702517509460449e-01
5.195341110229492188e-01
5.182304978370666504e-01
5.168883204460144043e-01
5.153959393501281738e-01
5.137484669685363770e-01
5.120427608489990234e-01
5.102074146270751953e-01
5.082673430442810059e-01
5.062248110771179199e-01
5.041847229003906250e-01
5.020912289619445801e-01
5.001070499420166016e-01
4.981994032859802246e-01
4.962190389633178711e-01
4.942666292190551758e-01
4.922933578491210938e-01
4.904021620750427246e-01
4.885903894901275635e-01
4.867738485336303711e-01
4.850156307220458984e-01
4.833028614521026611e-01
4.816599488258361816e-01
4.800689816474914551e-01
4.785006344318389893e-01
4.769755303859710693e-01
4.754331111907958984e-01
4.739066362380981445e-01
4.723694324493408203e-01
4.708590805530548096e-01
4.693563878536224365e-01
4.678996503353118896e-01
4.664732217788696289e-01
4.650461077690124512e-01
4.636382460594177246e-01
4.622342288494110107e-01
4.608609974384307861e-01
4.594989418983459473e-01
4.581186771392822266e-01
4.567411243915557861e-01
4.553568065166473389e-01
4.539949595928192139e-01
4.526407420635223389e-01
4.513057470321655273e-01
4.500124752521514893e-01
4.487293660640716553e-01
4.474291801452636719e-01
4.460940062999725342e-01
4.447470307350158691e-01
4.434052407741546631e-01
4.420819580554962158e-01
4.407762289047241211e-01
4.394836723804473877e-01
4.381857216358184814e-01
4.368710219860076904e-01
4.355776607990264893e-01
4.342998564243316650e-01
4.329870045185089111e-01
4.316745996475219727e-01
4.303435385227203369e-01
4.290509521961212158e-01
4.277648627758026123e-01
4.264986515045166016e-01
4.252330958843231201e-01
4.240069389343261719e-01
4.228060245513916016e-01
4.216003715991973877e-01
4.204089939594268799e-01
4.192342758178710938e-01
4.180614650249481201e-01
4.169197082519531250e-01
4.157912135124206543e-01
4.146726131439208984e-01
4.135588705539703369e-01
4.124412536621093750e-01
4.113273322582244873e-01
4.102163612842559814e-01
4.091233909130096436e-01
4.080495834350585938e-01
4.069871604442596436e-01
4.059487283229827881e-01
4.049178957939147949e-01
4.038648605346679688e-01
4.028158485889434814e-01
4.017638266086578369e-01
4.006955027580261230e-01
3.996276557445526123e-01
3.985440433025360107e-01
3.974762260913848877e-01
3.964078426361083984e-01
3.953742086887359619e-01
3.943521380424499512e-01
3.933248519897460938e-01
3.922691345214843750e-01
3.912189006805419922e-01
3.901709914207458496e-01
3.891461491584777832e-01
3.881263434886932373e-01
3.871106803417205811e-01
3.860664367675781250e-01
3.850695788860321045e-01
3.840589225292205811e-01
3.830401599407196045e-01
3.820658624172210693e-01
3.810931146144866943e-01
3.800860047340393066e-01
3.790903985500335693e-01
3.781241178512573242e-01
3.771057426929473877e-01
3.760794699192047119e-01
3.751016259193420410e-01
3.741289675235748291e-01
3.731881380081176758e-01
3.722384274005889893e-01
3.713530600070953369e-01
3.704486787319183350e-01
3.695118129253387451e-01
3.685708343982696533e-01
3.676617741584777832e-01
3.667755424976348877e-01
3.658711612224578857e-01
3.649553954601287842e-01
3.640238344669342041e-01
3.630689084529876709e-01
3.621076643466949463e-01
3.611339032649993896e-01
3.601834475994110107e-01
3.592671453952789307e-01
3.583580851554870605e-01
3.574673235416412354e-01
3.565815389156341553e-01
3.557132184505462646e-01
3.548180460929870605e-01
3.539134263992309570e-01
3.530273139476776123e-01
3.521410226821899414e-01
3.512559235095977783e-01
3.503733873367309570e-01
3.494969904422760010e-01
3.486275374889373779e-01
3.477729856967926025e-01
3.469291627407073975e-01
3.461040854454040527e-01
3.453060388565063477e-01
3.444977700710296631e-01
3.437304198741912842e-01
3.429827094078063965e-01
3.422592878341674805e-01
3.415165245532989502e-01
3.407603800296783447e-01
3.400009274482727051e-01
3.391984999179840088e-01
3.383988440036773682e-01
3.376148343086242676e-01
3.368073403835296631e-01
3.359973728656768799e-01
3.351579010486602783e-01
3.343091905117034912e-01
3.334405422210693359e-01
3.325802981853485107e-01
3.317272067070007324e-01
3.308864831924438477e-01
3.300311565399169922e-01
3.292069137096405029e-01
3.284241855144500732e-01
3.276564776897430420e-01
3.268738687038421631e-01
3.261011838912963867e-01
3.253538906574249268e-01
3.246200978755950928e-01
3.238925635814666748e-01
3.231975734233856201e-01
3.225038051605224609e-01
3.217974603176116943e-01
3.210918605327606201e-01
3.203567564487457275e-01
3.196412324905395508e-01
3.189134001731872559e-01
3.181597590446472168e-01
3.174118101596832275e-01
3.166553974151611328e-01
3.158968091011047363e-01
3.151699304580688477e-01
3.144668638706207275e-01
3.137664496898651123e-01
3.130936324596405029e-01
3.124236166477203369e-01
3.117526173591613770e-01
3.110824227333068848e-01
3.103958368301391602e-01
3.096830546855926514e-01
3.089661896228790283e-01
3.082580268383026123e-01
3.075662851333618164e-01
3.068707883358001709e-01
3.062072992324829102e-01
3.055435717105865479e-01
3.048871755599975586e-01
3.042466044425964355e-01
3.036101758480072021e-01
3.029786050319671631e-01
3.023363947868347168e-01
3.017171919345855713e-01
3.010848760604858398e-01
3.004303276538848877e-01
2.998059988021850586e-01
2.991791069507598877e-01
2.985395491123199463e-01
2.978976666927337646e-01
2.972563803195953369e-01
2.966004312038421631e-01
2.959578335285186768e-01
2.953339517116546631e-01
2.947098314762115479e-01
2.940876483917236328e-01
2.934709489345550537e-01
2.928622663021087646e-01
2.922531664371490479e-01
2.916730344295501709e-01
2.910829484462738037e-01
2.904967367649078369e-01
2.899308800697326660e-01
2.893435955047607422e-01
2.887484133243560791e-01
2.881180346012115479e-01
2.874921560287475586e-01
2.868588566780090332e-01
2.862308323383331299e-01
2.856123149394989014e-01
2.850137650966644287e-01
2.844326198101043701e-01
2.838809788227081299e-01
2.833307683467864990e-01
2.828060686588287354e-01
2.822776138782501221e-01
2.817383110523223877e-01
2.812094688415527344e-01
2.806802093982696533e-01
2.801530063152313232e-01
2.796239554882049561e-01
2.790596783161163330e-01
2.785117626190185547e-01
2.779698073863983154e-01
2.774213850498199463e-01
2.768721580505371094e-01
2.763214409351348877e-01
2.757860124111175537e-01
2.752684652805328369e-01
2.747493386268615723e-01
2.742223739624023438e-01
2.736969292163848877e-01
2.731685340404510498e-01
2.726386785507202148e-01
2.721256613731384277e-01
2.716010510921478271e-01
2.710791230201721191e-01
2.705522179603576660e-01
2.700177431106567383e-01
2.694908976554870605e-01
2.689683735370635986e-01
2.684572935104370117e-01
2.679667770862579346e-01
2.674695849418640137e-01
2.669815421104431152e-01
2.665020525455474854e-01
2.660161256790161133e-01
2.655733525753021240e-01
2.651283740997314453e-01
2.646651864051818848e-01
2.642054855823516846e-01
2.637564837932586670e-01
2.633264958858489990e-01
2.628996074199676514e-01
2.624266743659973145e-01
2.619993984699249268e-01
2.615657150745391846e-01
2.611384689807891846e-01
2.606663703918457031e-01
2.601790130138397217e-01
2.597064375877380371e-01
2.592681944370269775e-01
2.587676644325256348e-01
2.582763731479644775e-01
2.577358186244964600e-01
2.572117149829864502e-01
2.566677331924438477e-01
2.561116218566894531e-01
2.555995285511016846e-01
2.551269829273223877e-01
2.546383142471313477e-01
2.541427314281463623e-01
2.536392509937286377e-01
2.531361281871795654e-01
2.526226043701171875e-01
2.521346509456634521e-01
2.516556978225708008e-01
2.511992752552032471e-01
2.507534623146057129e-01
2.503112256526947021e-01
2.498703300952911377e-01
2.494353950023651123e-01
2.490023970603942871e-01
2.485794574022293091e-01
2.481614053249359131e-01
2.477565705776214600e-01
2.473464757204055786e-01
2.469558566808700562e-01
2.465590387582778931e-01
2.461467683315277100e-01
2.457734346389770508e-01
2.454014271497726440e-01
2.450465410947799683e-01
2.446748018264770508e-01
2.443104386329650879e-01
2.439057230949401855e-01
2.435012608766555786e-01
2.430629730224609375e-01
2.425918728113174438e-01
2.421131879091262817e-01
2.416473478078842163e-01
2.412032037973403931e-01
2.407608181238174438e-01
2.403101623058319092e-01
2.398700863122940063e-01
2.394637763500213623e-01
2.390610873699188232e-01
2.386707514524459839e-01
2.382719516754150391e-01
2.378712147474288940e-01
2.374802678823471069e-01
2.370909303426742554e-01
2.367004007101058960e-01
2.363132685422897339e-01
2.359445989131927490e-01
2.355728447437286377e-01
2.351917475461959839e-01
2.348322421312332153e-01
2.344514131546020508e-01
2.340775579214096069e-01
2.337096333503723145e-01
2.333847880363464355e-01
2.330720722675323486e-01
2.328016459941864014e-01
2.325114309787750244e-01
2.321721911430358887e-01
2.318556010723114014e-01
2.315592467784881592e-01
2.312387973070144653e-01
2.309494465589523315e-01
2.306751608848571777e-01
2.303449660539627075e-01
2.299973368644714355e-01
2.295892834663391113e-01
2.291276901960372925e-01
2.286449074745178223e-01
2.281626462936401367e-01
2.276616692543029785e-01
2.271744757890701294e-01
2.267170995473861694e-01
2.262780666351318359e-01
2.258305996656417847e-01
2.254109680652618408e-01
2.250005155801773071e-01
2.246301323175430298e-01
2.242562621831893921e-01
2.238825112581253052e-01
2.235182672739028931e-01
2.231767326593399048e-01
2.228490412235260010e-01
2.225260287523269653e-01
2.221904397010803223e-01
2.218454480171203613e-01
2.215047478675842285e-01
2.211683988571166992e-01
2.208345979452133179e-01
2.205204665660858154e-01
2.202246487140655518e-01
2.199270129203796387e-01
2.196175456047058105e-01
2.192922383546829224e-01
2.189784198999404907e-01
2.186453789472579956e-01
2.182994186878204346e-01
2.179281264543533325e-01
2.175984233617782593e-01
2.172981798648834229e-01
2.169898152351379395e-01
2.166900783777236938e-01
2.163926512002944946e-01
2.161103338003158569e-01
2.158372998237609863e-01
2.155591100454330444e-01
2.152346968650817871e-01
2.148873656988143921e-01
2.145305126905441284e-01
2.141418308019638062e-01
2.137469649314880371e-01
2.133488655090332031e-01
2.129692137241363525e-01
2.125700712203979492e-01
2.122057527303695679e-01
2.118607908487319946e-01
2.115095853805541992e-01
2.111686766147613525e-01
2.108441740274429321e-01
2.105325758457183838e-01
2.102355957031250000e-01
2.099451273679733276e-01
2.096764445304870605e-01
2.094110697507858276e-01
2.091526985168457031e-01
2.088986933231353760e-01
2.086335718631744385e-01
2.083815336227416992e-01
2.081222385168075562e-01
2.078423053026199341e-01
2.075253576040267944e-01
2.072067111730575562e-01
2.068616300821304321e-01
2.065201997756958008e-01
2.061768025159835815e-01
2.058540731668472290e-01
2.055301815271377563e-01
2.052021026611328125e-01
2.048878520727157593e-01
2.045687437057495117e-01
2.042622715234756470e-01
2.039660364389419556e-01
2.036796510219573975e-01
2.033972740173339844e-01
2.031044811010360718e-01
2.028216719627380371e-01
2.025374919176101685e-01
2.022610604763031006e-01
2.019829005002975464e-01
2.017141431570053101e-01
2.014407217502593994e-01
2.011488676071166992e-01
2.008566409349441528e-01
2.005438506603240967e-01
2.002334445714950562e-01
1.999334692955017090e-01
1.996154636144638062e-01
1.992974877357482910e-01
1.989974826574325562e-01
1.987057328224182129e-01
1.984171569347381592e-01
1.981282234191894531e-01
1.978353857994079590e-01
1.975477784872055054e-01
1.972556412220001221e-01
1.969776004552841187e-01
1.967106908559799194e-01
1.964411735534667969e-01
1.961845904588699341e-01
1.959380954504013062e-01
1.956941187381744385e-01
1.954478025436401367e-01
1.952000856399536133e-01
1.949540525674819946e-01
1.947097629308700562e-01
1.944680213928222656e-01
1.942216306924819946e-01
1.939564943313598633e-01
1.936874538660049438e-01
1.934185177087783813e-01
1.931616365909576416e-01
1.928792446851730347e-01
1.926122903823852539e-01
1.923600733280181885e-01
1.921086460351943970e-01
1.918587982654571533e-01
1.916174739599227905e-01
1.913701295852661133e-01
1.911233216524124146e-01
1.908778995275497437e-01
1.906286776065826416e-01
1.903833895921707153e-01
1.901224404573440552e-01
1.898497045040130615e-01
1.895852833986282349e-01
1.893305182456970215e-01
1.890767514705657959e-01
1.888300627470016479e-01
1.885979920625686646e-01
1.883621662855148315e-01
1.881333738565444946e-01
1.879037469625473022e-01
1.876680105924606323e-01
1.874105483293533325e-01
1.871542334556579590e-01
1.868946999311447144e-01
1.866435259580612183e-01
1.864069998264312744e-01
1.861718446016311646e-01
1.859505772590637207e-01
1.857325881719589233e-01
1.855244934558868408e-01
1.853282451629638672e-01
1.851222217082977295e-01
1.849162578582763672e-01
1.847386658191680908e-01
1.845773160457611084e-01
1.844155788421630859e-01
1.842340826988220215e-01
1.840536594390869141e-01
1.838552951812744141e-01
1.836262941360473633e-01
1.833872497081756592e-01
1.831386387348175049e-01
1.828515380620956421e-01
1.825720816850662231e-01
1.822993904352188110e-01
1.820215731859207153e-01
1.817648708820343018e-01
1.815388947725296021e-01
1.813195198774337769e-01
1.811289489269256592e-01
1.809331476688385010e-01
1.807486712932586670e-01
1.805571168661117554e-01
1.803687065839767456e-01
1.801752597093582153e-01
1.799626797437667847e-01
1.797478944063186646e-01
1.795169711112976074e-01
1.793033629655838013e-01
1.791229397058486938e-01
1.789759248495101929e-01
1.788870692253112793e-01
1.787974238395690918e-01
1.787236332893371582e-01
1.785914748907089233e-01
1.784209758043289185e-01
1.782379597425460815e-01
1.780216842889785767e-01
1.778037250041961670e-01
1.775665134191513062e-01
1.773376315832138062e-01
1.770962476730346680e-01
1.768564581871032715e-01
1.766198277473449707e-01
1.763714551925659180e-01
1.761599630117416382e-01
1.759560406208038330e-01
1.757508963346481323e-01
1.755669564008712769e-01
1.753817945718765259e-01
1.751958876848220825e-01
1.750160753726959229e-01
1.748428195714950562e-01
1.746875047683715820e-01
1.745305657386779785e-01
1.743649691343307495e-01
1.742220520973205566e-01
1.740500777959823608e-01
1.738738566637039185e-01
1.736833006143569946e-01
1.735027283430099487e-01
1.733246296644210815e-01
1.731726974248886108e-01
1.729959845542907715e-01
1.728008389472961426e-01
1.726052910089492798e-01
1.724215298891067505e-01
1.722511500120162964e-01
1.720802932977676392e-01
1.719201952219009399e-01
1.717374920845031738e-01
1.715539842844009399e-01
1.713769584894180298e-01
1.711889058351516724e-01
1.710128933191299438e-01
1.708297282457351685e-01
1.706667393445968628e-01
1.704870313405990601e-01
1.703186482191085815e-01
1.701204180717468262e-01
1.699190437793731689e-01
1.697089374065399170e-01
1.695180684328079224e-01
1.693627685308456421e-01
1.692100316286087036e-01
1.690722703933715820e-01
1.689348071813583374e-01
1.687774807214736938e-01
1.686170697212219238e-01
1.684395670890808105e-01
1.682639420032501221e-01
1.680826246738433838e-01
1.678820699453353882e-01
1.676994860172271729e-01
1.675332784652709961e-01
1.673889011144638062e-01
1.672492474317550659e-01
1.671196967363357544e-01
1.669922322034835815e-01
1.668699383735656738e-01
1.667411029338836670e-01
1.666077822446823120e-01
1.664664447307586670e-01
1.663202047348022461e-01
1.661475896835327148e-01
1.659956425428390503e-01
1.658278256654739380e-01
1.656822860240936279e-01
1.655426472425460815e-01
1.654005646705627441e-01
1.652396917343139648e-01
1.650743931531906128e-01
1.649293303489685059e-01
1.647802293300628662e-01
1.646141856908798218e-01
1.644487828016281128e-01
1.642943173646926880e-01
1.641157269477844238e-01
1.639404743909835815e-01
1.637800633907318115e-01
1.636117547750473022e-01
1.634439378976821899e-01
1.632765233516693115e-01
1.631217896938323975e-01
1.629721969366073608e-01
1.628259718418121338e-01
1.626838445663452148e-01
1.625466495752334595e-01
1.624039560556411743e-01
1.622543483972549438e-01
1.621171534061431885e-01
1.620026081800460815e-01
1.618950068950653076e-01
1.617729365825653076e-01
1.616218388080596924e-01
1.614845097064971924e-01
1.613494306802749634e-01
1.612084954977035522e-01
1.610494703054428101e-01
1.608862429857254028e-01
1.607124358415603638e-01
1.605302691459655762e-01
1.603551954030990601e-01
1.601892411708831787e-01
1.600266993045806885e-01
1.598733812570571899e-01
1.597297191619873047e-01
1.595842242240905762e-01
1.594467312097549438e-01
1.593168675899505615e-01
1.591865569353103638e-01
1.590501368045806885e-01
1.589052081108093262e-01
1.587678790092468262e-01
1.586350649595260620e-01
1.585052162408828735e-01
1.583831459283828735e-01
1.582693159580230713e-01
1.581503450870513916e-01
1.580580025911331177e-01
1.579660177230834961e-01
1.578727215528488159e-01
1.577827334403991699e-01
1.576841622591018677e-01
1.575958579778671265e-01
1.575135290622711182e-01
1.574333012104034424e-01
1.573492288589477539e-01
1.572539955377578735e-01
1.571222394704818726e-01
1.569778919219970703e-01
1.568100303411483765e-01
1.566466689109802246e-01
1.564704775810241699e-01
1.563232094049453735e-01
1.561729609966278076e-01
1.560028791427612305e-01
1.558305770158767700e-01
1.556748449802398682e-01
1.555068492889404297e-01
1.553191691637039185e-01
1.551360934972763062e-01
1.549555212259292603e-01
1.547806710004806519e-01
1.546219289302825928e-01
1.544800400733947754e-01
1.543502658605575562e-01
1.542203873395919800e-01
1.541061550378799438e-01
1.539886742830276489e-01
1.538771092891693115e-01
1.537552326917648315e-01
1.536433249711990356e-01
1.535264551639556885e-01
1.534164696931838989e-01
1.533051133155822754e-01
1.531875729560852051e-01
1.530839949846267700e-01
1.529723554849624634e-01
1.528700143098831177e-01
1.527854651212692261e-01
1.526692658662796021e-01
1.525342911481857300e-01
1.523895412683486938e-01
1.522367447614669800e-01
1.520775109529495239e-01
1.519439667463302612e-01
1.518219262361526489e-01
1.516926437616348267e-01
1.515451222658157349e-01
1.514079421758651733e-01
1.512731760740280151e-01
1.511611491441726685e-01
1.510467678308486938e-01
1.509322971105575562e-01
1.508261114358901978e-01
1.507064700126647949e-01
1.506010144948959351e-01
1.504873186349868774e-01
1.503854691982269287e-01
1.502693146467208862e-01
1.501687616109848022e-01
1.500924229621887207e-01
1.500116437673568726e-01
1.499435752630233765e-01
1.498611420392990112e-01
1.497809290885925293e-01
1.497117727994918823e-01
1.495973318815231323e-01
1.494600325822830200e-01
1.493256092071533203e-01
1.491853445768356323e-01
1.490433365106582642e-01
1.489035189151763916e-01
1.487909257411956787e-01
1.486866474151611328e-01
1.485569030046463013e-01
1.484375149011611938e-01
1.483045667409896851e-01
1.481812298297882080e-01
1.480382829904556274e-01
1.478654891252517700e-01
1.476753801107406616e-01
1.474882066249847412e-01
1.473236680030822754e-01
1.471743136644363403e-01
1.470419913530349731e-01
1.469117850065231323e-01
1.467940658330917358e-01
1.466757506132125854e-01
1.465606093406677246e-01
1.464429050683975220e-01
1.463239938020706177e-01
1.462090760469436646e-01
1.460925787687301636e-01
1.459706425666809082e-01
1.458479464054107666e-01
1.457265019416809082e-01
1.456114351749420166e-01
1.454925686120986938e-01
1.453774720430374146e-01
1.452630311250686646e-01
1.451493948698043823e-01
1.450416296720504761e-01
1.449277698993682861e-01
1.448220014572143555e-01
1.447212994098663330e-01
1.446119993925094604e-01
1.444931179285049438e-01
1.443794965744018555e-01
1.442761123180389404e-01
1.441650539636611938e-01
1.440499126911163330e-01
1.439363658428192139e-01
1.438244283199310303e-01
1.437157392501831055e-01
1.436082720756530762e-01
1.435045003890991211e-01
1.433951109647750854e-01
1.432807147502899170e-01
1.431683003902435303e-01
1.430733799934387207e-01
1.429699957370758057e-01
1.428636312484741211e-01
1.427580267190933228e-01
1.426459848880767822e-01
1.425296068191528320e-01
1.424172520637512207e-01
1.423041224479675293e-01
1.421922594308853149e-01
1.420789510011672974e-01
1.419594883918762207e-01
1.418304294347763062e-01
1.416929066181182861e-01
1.415632069110870361e-01
1.414335519075393677e-01
1.413090080022811890e-01
1.411867737770080566e-01
1.410600543022155762e-01
1.409452706575393677e-01
1.408235728740692139e-01
1.406964361667633057e-01
1.405717581510543823e-01
1.404604613780975342e-01
1.403547078371047974e-01
1.402518600225448608e-01
1.401624232530593872e-01
1.400647461414337158e-01
1.399721801280975342e-01
1.398537755012512207e-01
1.397398114204406738e-01
1.396222263574600220e-01
1.395061463117599487e-01
1.393924802541732788e-01
1.392815560102462769e-01
1.391782015562057495e-01
1.390720903873443604e-01
1.389625072479248047e-01
1.388515233993530273e-01
1.387479901313781738e-01
1.386420577764511108e-01
1.385541409254074097e-01
1.384534984827041626e-01
1.383479684591293335e-01
1.382300853729248047e-01
1.381073147058486938e-01
1.380052417516708374e-01
1.378756016492843628e-01
1.377639919519424438e-01
1.376504153013229370e-01
1.375309526920318604e-01
1.374018490314483643e-01
1.372728645801544189e-01
1.371537894010543823e-01
1.370315700769424438e-01
1.369211822748184204e-01
1.368152499198913574e-01
1.367138475179672241e-01
1.366044729948043823e-01
1.365015506744384766e-01
1.363990455865859985e-01
1.362962871789932251e-01
1.361923366785049438e-01
1.360922902822494507e-01
1.359905898571014404e-01
1.358871608972549438e-01
1.357810199260711670e-01
1.356810927391052246e-01
1.355898082256317139e-01
1.354978382587432861e-01
1.353878229856491089e-01
1.352574676275253296e-01
1.351359039545059204e-01
1.350207775831222534e-01
1.349190622568130493e-01
1.348121315240859985e-01
1.347043812274932861e-01
1.345980018377304077e-01
1.344937384128570557e-01
1.343839317560195923e-01
1.342737227678298950e-01
1.341636329889297485e-01
1.340711712837219238e-01
1.339687556028366089e-01
1.338778734207153320e-01
1.337996572256088257e-01
1.337194889783859253e-01
1.336519122123718262e-01
1.335898488759994507e-01
1.335075199604034424e-01
1.334154307842254639e-01
1.333306133747100830e-01
1.332360953092575073e-01
1.331244111061096191e-01
1.330155134201049805e-01
1.329156905412673950e-01
1.328277140855789185e-01
1.327244043350219727e-01
1.326141208410263062e-01
1.324966996908187866e-01
1.323854774236679077e-01
1.322756707668304443e-01
1.321707665920257568e-01
1.320467442274093628e-01
1.319341957569122314e-01
1.318357139825820923e-01
1.317402273416519165e-01
1.316563189029693604e-01
1.315726041793823242e-01
1.314924359321594238e-01
1.314134895801544189e-01
1.313275992870330811e-01
1.312447637319564819e-01
1.311720013618469238e-01
1.311076581478118896e-01
1.310625672340393066e-01
1.310050487518310547e-01
1.309359073638916016e-01
1.308628618717193604e-01
1.307726502418518066e-01
1.306753903627395630e-01
1.305512189865112305e-01
1.304246783256530762e-01
1.302765011787414551e-01
1.301375925540924072e-01
1.300171464681625366e-01
1.298982948064804077e-01
1.297873556613922119e-01
1.296844333410263062e-01
1.295806467533111572e-01
