2.417995071411132812e+01
1.881117820739746094e+01
1.397618389129638672e+01
9.871743202209472656e+00
6.476317882537841797e+00
3.886988878250122070e+00
2.239704132080078125e+00
1.491214990615844727e+00
1.295735001564025879e+00
1.283288478851318359e+00
1.303118944168090820e+00
1.327858567237854004e+00
1.352721810340881348e+00
1.387029528617858887e+00
1.437925934791564941e+00
1.498514652252197266e+00
1.570048689842224121e+00
1.642086029052734375e+00
1.705096244812011719e+00
1.753902077674865723e+00
1.785112380981445312e+00
1.796387553215026855e+00
1.788743138313293457e+00
1.764665842056274414e+00
1.724627256393432617e+00
1.675841093063354492e+00
1.622191190719604492e+00
1.565007448196411133e+00
1.508426904678344727e+00
1.454101562500000000e+00
1.402648806571960449e+00
1.353697657585144043e+00
1.311500787734985352e+00
1.273217916488647461e+00
1.238728761672973633e+00
1.206567525863647461e+00
1.176267981529235840e+00
1.148473024368286133e+00
1.122919440269470215e+00
1.099359512329101562e+00
1.077171683311462402e+00
1.055447697639465332e+00
1.034242510795593262e+00
1.013130307197570801e+00
9.920670986175537109e-01
9.709532856941223145e-01
9.498052597045898438e-01
9.286198616027832031e-01
9.074419736862182617e-01
8.863303065299987793e-01
8.654568195343017578e-01
8.449705839157104492e-01
8.250403404235839844e-01
8.056737184524536133e-01
7.871724367141723633e-01
7.691935896873474121e-01
7.517389655113220215e-01
7.347191572189331055e-01
7.182419300079345703e-01
7.023621201515197754e-01
6.878638863563537598e-01
6.740504503250122070e-01
6.617853045463562012e-01
6.507775783538818359e-01
6.411132216453552246e-01
6.330444812774658203e-01
6.262612938880920410e-01
6.209818720817565918e-01
6.170679926872253418e-01
6.146753430366516113e-01
6.133823990821838379e-01
6.134642958641052246e-01
6.152752041816711426e-01
6.178314685821533203e-01
6.205741763114929199e-01
6.238983869552612305e-01
6.268889904022216797e-01
6.302765607833862305e-01
6.332368254661560059e-01
6.356170773506164551e-01
6.372688412666320801e-01
6.374204754829406738e-01
6.362028121948242188e-01
6.333100795745849609e-01
6.299718618392944336e-01
6.254068613052368164e-01
6.203794479370117188e-01
6.156132221221923828e-01
6.109192371368408203e-01
6.063416600227355957e-01
6.017858982086181641e-01
5.974860191345214844e-01
5.937674045562744141e-01
5.901497602462768555e-01
5.867612361907958984e-01
5.834763646125793457e-01
5.803967118263244629e-01
5.775452256202697754e-01
5.750249624252319336e-01
5.727233886718750000e-01
5.706759691238403320e-01
5.688815712928771973e-01
5.670366287231445312e-01
5.652601718902587891e-01
5.636562108993530273e-01
5.623673200607299805e-01
5.610970258712768555e-01
5.599191188812255859e-01
5.587767958641052246e-01
5.576058626174926758e-01
5.564382076263427734e-01
5.554609894752502441e-01
5.544912219047546387e-01
5.536605119705200195e-01
5.528566837310791016e-01
5.519096851348876953e-01
5.509040355682373047e-01
5.499572157859802246e-01
5.489473342895507812e-01
5.479422211647033691e-01
5.469663739204406738e-01
5.456238389015197754e-01
5.444443821907043457e-01
5.432263612747192383e-01
5.418091416358947754e-01
5.405076742172241211e-01
5.391809940338134766e-01
5.378891825675964355e-01
5.365483760833740234e-01
5.352033972740173340e-01
5.339770913124084473e-01
5.328182578086853027e-01
5.317493081092834473e-01
5.306896567344665527e-01
5.295407772064208984e-01
5.284608602523803711e-01
5.271881818771362305e-01
5.258982777595520020e-01
5.246155858039855957e-01
5.232045650482177734e-01
5.218960046768188477e-01
5.206766128540039062e-01
5.194247364997863770e-01
5.183411240577697754e-01
5.170749425888061523e-01
5.158202648162841797e-01
5.144645571708679199e-01
5.132133960723876953e-01
5.118291378021240234e-01
5.105171203613281250e-01
5.093688368797302246e-01
5.081479549407958984e-01
5.068061947822570801e-01
5.052337050437927246e-01
5.036737322807312012e-01
5.021086335182189941e-01
5.006377696990966797e-01
4.993593394756317139e-01
4.981842637062072754e-01
4.970359206199645996e-01
4.956778287887573242e-01
4.943732619285583496e-01
4.931450486183166504e-01
4.919283390045166016e-01
4.907228648662567139e-01
4.895774722099304199e-01
4.884499311447143555e-01
4.873319566249847412e-01
4.861915707588195801e-01
4.850303232669830322e-01
4.837921559810638428e-01
4.826199710369110107e-01
4.815246760845184326e-01
4.804807007312774658e-01
4.794279038906097412e-01
4.783935248851776123e-01
4.774017930030822754e-01
4.764976203441619873e-01
4.756174385547637939e-01
4.747924506664276123e-01
4.739115238189697266e-01
4.729758203029632568e-01
4.719271957874298096e-01
4.708249270915985107e-01
4.696957767009735107e-01
4.686850607395172119e-01
4.676829278469085693e-01
4.666635394096374512e-01
4.658040106296539307e-01
4.648893177509307861e-01
4.641376733779907227e-01
4.632841944694519043e-01
4.624593555927276611e-01
4.615902304649353027e-01
4.604373574256896973e-01
4.592437148094177246e-01
4.579925239086151123e-01
4.568599760532379150e-01
4.556622207164764404e-01
4.545133411884307861e-01
4.532735645771026611e-01
4.519457817077636719e-01
4.506497383117675781e-01
4.494061768054962158e-01
4.482151567935943604e-01
4.471325874328613281e-01
4.460446536540985107e-01
4.450489580631256104e-01
4.440928995609283447e-01
4.431269764900207520e-01
4.421854913234710693e-01
4.412502646446228027e-01
4.403381645679473877e-01
4.394342601299285889e-01
4.385562241077423096e-01
4.376872777938842773e-01
4.368016719818115234e-01
4.359399676322937012e-01
4.350740611553192139e-01
4.341421723365783691e-01
4.332266151905059814e-01
4.323307275772094727e-01
4.314431250095367432e-01
4.305276274681091309e-01
4.296580553054809570e-01
4.287829101085662842e-01
4.279220402240753174e-01
4.271044135093688965e-01
4.262999892234802246e-01
4.254715442657470703e-01
4.246225357055664062e-01
4.237411320209503174e-01
4.228093326091766357e-01
4.219101369380950928e-01
4.210653305053710938e-01
4.202307760715484619e-01
4.194180667400360107e-01
4.185941219329833984e-01
4.177973866462707520e-01
4.170073568820953369e-01
4.161940515041351318e-01
4.154193699359893799e-01
4.146306812763214111e-01
4.138631820678710938e-01
4.131011664867401123e-01
4.123335182666778564e-01
4.116060733795166016e-01
4.109039604663848877e-01
4.101864695549011230e-01
4.094686210155487061e-01
4.088018238544464111e-01
4.080349802970886230e-01
4.072161018848419189e-01
4.063909351825714111e-01
4.055483341217041016e-01
4.047077298164367676e-01
4.039117097854614258e-01
4.031362831592559814e-01
4.023847281932830811e-01
4.016372859477996826e-01
4.009387493133544922e-01
4.001934230327606201e-01
3.993976414203643799e-01
3.985403776168823242e-01
3.977368175983428955e-01
3.969372510910034180e-01
3.960979878902435303e-01
3.952835798263549805e-01
3.944866359233856201e-01
3.936755955219268799e-01
3.929250538349151611e-01
3.921811580657958984e-01
3.914797902107238770e-01
3.907775580883026123e-01
3.900707364082336426e-01
3.893587589263916016e-01
3.886880874633789062e-01
3.880145549774169922e-01
3.873395621776580811e-01
3.866221606731414795e-01
3.858782649040222168e-01
3.851734995841979980e-01
3.844642639160156250e-01
3.837786614894866943e-01
3.830715715885162354e-01
3.823852837085723877e-01
3.817090392112731934e-01
3.809773623943328857e-01
3.802693188190460205e-01
3.796223700046539307e-01
3.789672255516052246e-01
3.782958686351776123e-01
3.776232302188873291e-01
3.768908679485321045e-01
3.761394917964935303e-01
3.753812015056610107e-01
3.746019601821899414e-01
3.738442957401275635e-01
3.730455935001373291e-01
3.723193705081939697e-01
3.716012537479400635e-01
3.708904385566711426e-01
3.702243268489837646e-01
3.696275949478149414e-01
3.690188229084014893e-01
3.683932125568389893e-01
3.677523434162139893e-01
3.670916557312011719e-01
3.664756417274475098e-01
3.658557236194610596e-01
3.652231991291046143e-01
3.645779192447662354e-01
3.639372885227203369e-01
3.633117973804473877e-01
3.626911938190460205e-01
3.620754778385162354e-01
3.614543378353118896e-01
3.607992231845855713e-01
3.601230084896087646e-01
3.594927489757537842e-01
3.588561713695526123e-01
3.582445383071899414e-01
3.576619327068328857e-01
3.570457994937896729e-01
3.564202487468719482e-01
3.558241724967956543e-01
3.552090227603912354e-01
3.545685112476348877e-01
3.539275825023651123e-01
3.532562553882598877e-01
3.525498211383819580e-01
3.518871068954467773e-01
3.512431979179382324e-01
3.506121933460235596e-01
3.500049710273742676e-01
3.493486046791076660e-01
3.486590385437011719e-01
3.480072915554046631e-01
3.473521769046783447e-01
3.467257618904113770e-01
3.461346030235290527e-01
3.455612063407897949e-01
3.449902832508087158e-01
3.443811833858489990e-01
3.437957465648651123e-01
3.431992530822753906e-01
3.425891697406768799e-01
3.419854044914245605e-01
3.413837850093841553e-01
3.407911658287048340e-01
3.401961326599121094e-01
3.395829200744628906e-01
3.389849364757537842e-01
3.383788764476776123e-01
3.378142416477203369e-01
3.372288048267364502e-01
3.366848230361938477e-01
3.361758589744567871e-01
3.357087075710296631e-01
3.352297842502593994e-01
3.347611427307128906e-01
3.342992663383483887e-01
3.338262438774108887e-01
3.333889842033386230e-01
3.329479098320007324e-01
3.324876427650451660e-01
3.319840133190155029e-01
3.315110504627227783e-01
3.310546576976776123e-01
3.305771946907043457e-01
3.301284313201904297e-01
3.296509087085723877e-01
3.291473686695098877e-01
3.286649882793426514e-01
3.282117247581481934e-01
3.277342319488525391e-01
3.272445499897003174e-01
3.267423510551452637e-01
3.261964917182922363e-01
3.255310356616973877e-01
3.248547315597534180e-01
3.242031335830688477e-01
3.235638439655303955e-01
3.229873478412628174e-01
3.224486410617828369e-01
3.218993842601776123e-01
3.213791549205780029e-01
3.208676278591156006e-01
3.203796148300170898e-01
3.198406994342803955e-01
3.192995786666870117e-01
3.187702000141143799e-01
3.182769715785980225e-01
3.177898228168487549e-01
3.172748386859893799e-01
3.167873322963714600e-01
3.162595629692077637e-01
3.157044649124145508e-01
3.151840567588806152e-01
3.146455883979797363e-01
3.141189515590667725e-01
3.136135637760162354e-01
3.131420612335205078e-01
3.126522004604339600e-01
3.121592104434967041e-01
3.116908967494964600e-01
3.112486898899078369e-01
3.108011782169342041e-01
3.103586733341217041e-01
3.099048137664794922e-01
3.094228506088256836e-01
3.089540004730224609e-01
3.084713518619537354e-01
3.079324662685394287e-01
3.073870837688446045e-01
3.068404793739318848e-01
3.063608705997467041e-01
3.058761060237884521e-01
3.053742647171020508e-01
3.048947453498840332e-01
3.043887317180633545e-01
3.038879930973052979e-01
3.034365773200988770e-01
3.030038177967071533e-01
3.025805354118347168e-01
3.021332025527954102e-01
3.016876876354217529e-01
3.012402653694152832e-01
3.007708787918090820e-01
3.003298938274383545e-01
2.998669743537902832e-01
2.994083464145660400e-01
2.989906668663024902e-01
2.985671758651733398e-01
2.981657683849334717e-01
2.977921664714813232e-01
2.974258661270141602e-01
2.970490753650665283e-01
2.966474592685699463e-01
2.962357401847839355e-01
2.958525419235229492e-01
2.954621613025665283e-01
2.949742376804351807e-01
2.944958806037902832e-01
2.940219342708587646e-01
2.935329377651214600e-01
2.930006086826324463e-01
2.924804389476776123e-01
2.919142544269561768e-01
2.913513183593750000e-01
2.908070683479309082e-01
2.903038859367370605e-01
2.897945940494537354e-01
2.893069982528686523e-01
2.888489663600921631e-01
2.884280085563659668e-01
2.880499362945556641e-01
2.876879274845123291e-01
2.873226106166839600e-01
2.869466543197631836e-01
2.865601778030395508e-01
2.861547768115997314e-01
2.857516705989837646e-01
2.853753268718719482e-01
2.849980890750885010e-01
2.846053242683410645e-01
2.842017114162445068e-01
2.837764918804168701e-01
2.833726108074188232e-01
2.829657793045043945e-01
2.825468778610229492e-01
2.821262478828430176e-01
2.817330062389373779e-01
2.813563942909240723e-01
2.809449434280395508e-01
2.805717587471008301e-01
2.801610529422760010e-01
2.797601819038391113e-01
2.793884575366973877e-01
2.790766060352325439e-01
2.787239253520965576e-01
2.783203423023223877e-01
2.778948247432708740e-01
2.774489223957061768e-01
2.770136594772338867e-01
2.765726149082183838e-01
2.761159837245941162e-01
2.756414115428924561e-01
2.751713395118713379e-01
2.747206091880798340e-01
2.742834091186523438e-01
2.738884985446929932e-01
2.735581099987030029e-01
2.732170820236206055e-01
2.729035615921020508e-01
2.726301252841949463e-01
2.723384499549865723e-01
2.720506489276885986e-01
2.717271447181701660e-01
2.713097035884857178e-01
2.708894014358520508e-01
2.704310715198516846e-01
2.699570357799530029e-01
2.695088386535644531e-01
2.690738439559936523e-01
2.686683833599090576e-01
2.682868838310241699e-01
2.679349184036254883e-01
2.675950825214385986e-01
2.672286331653594971e-01
2.668757736682891846e-01
2.665158808231353760e-01
2.661420106887817383e-01
2.657568156719207764e-01
2.653674185276031494e-01
2.649685144424438477e-01
2.645725309848785400e-01
2.641963064670562744e-01
2.638032734394073486e-01
2.634347975254058838e-01
2.630861103534698486e-01
2.627480626106262207e-01
2.624428868293762207e-01
2.621137201786041260e-01
2.617801427841186523e-01
2.614136636257171631e-01
2.610469758510589600e-01
2.607098221778869629e-01
2.603685557842254639e-01
2.600497901439666748e-01
2.597332596778869629e-01
2.593923211097717285e-01
2.590488195419311523e-01
2.586826384067535400e-01
2.582993507385253906e-01
2.579417824745178223e-01
2.576063573360443115e-01
2.572650313377380371e-01
2.569117546081542969e-01
2.565382421016693115e-01
2.561663389205932617e-01
2.557964324951171875e-01
2.554031312465667725e-01
2.550106942653656006e-01
2.546520233154296875e-01
2.542800605297088623e-01
2.539273500442504883e-01
2.535938322544097900e-01
2.532519996166229248e-01
2.529239654541015625e-01
2.525958120822906494e-01
2.522720694541931152e-01
2.519069910049438477e-01
2.515411674976348877e-01
2.511882483959197998e-01
2.508560419082641602e-01
2.505264580249786377e-01
2.501965165138244629e-01
2.498836070299148560e-01
2.495785206556320190e-01
2.492905855178833008e-01
2.490326464176177979e-01
2.487639188766479492e-01
2.485031634569168091e-01
2.483004927635192871e-01
2.480921596288681030e-01
2.478333711624145508e-01
2.475428581237792969e-01
2.471939921379089355e-01
2.468715459108352661e-01
2.465302348136901855e-01
2.461642920970916748e-01
2.457980960607528687e-01
2.454376518726348877e-01
2.450638115406036377e-01
2.447050958871841431e-01
2.443370223045349121e-01
2.439785003662109375e-01
2.436523586511611938e-01
2.433094978332519531e-01
2.429809421300888062e-01
2.426320016384124756e-01
2.422870993614196777e-01
2.419590204954147339e-01
2.416671812534332275e-01
2.413772344589233398e-01
2.410813719034194946e-01
2.407853305339813232e-01
2.404786199331283569e-01
2.401640564203262329e-01
2.398360967636108398e-01
2.395176142454147339e-01
2.391983270645141602e-01
2.388859987258911133e-01
2.386032342910766602e-01
2.383285760879516602e-01
2.380620390176773071e-01
2.377909421920776367e-01
2.375182807445526123e-01
2.372604757547378540e-01
2.370228171348571777e-01
2.367690801620483398e-01
2.364827692508697510e-01
2.361771911382675171e-01
2.358478754758834839e-01
2.355366051197052002e-01
2.352351397275924683e-01
2.349467724561691284e-01
2.346629649400711060e-01
2.343677729368209839e-01
2.341096699237823486e-01
2.338409721851348877e-01
2.335738986730575562e-01
2.333073168992996216e-01
2.330546230077743530e-01
2.328185886144638062e-01
2.325740307569503784e-01
2.323383837938308716e-01
2.320764809846878052e-01
2.317716926336288452e-01
2.314436286687850952e-01
2.311101257801055908e-01
2.307815402746200562e-01
2.304474860429763794e-01
2.301021069288253784e-01
2.297664135694503784e-01
2.294387966394424438e-01
2.291124314069747925e-01
2.288263291120529175e-01
2.285445034503936768e-01
2.282659858465194702e-01
2.279886603355407715e-01
2.277201265096664429e-01
2.274164855480194092e-01
2.271329909563064575e-01
2.268595993518829346e-01
2.265951335430145264e-01
2.263544797897338867e-01
2.261352390050888062e-01
2.259618341922760010e-01
2.257537543773651123e-01
2.255189120769500732e-01
2.252197116613388062e-01
2.249068766832351685e-01
2.245695888996124268e-01
2.242283523082733154e-01
2.238976806402206421e-01
2.235929816961288452e-01
2.232991605997085571e-01
2.230001240968704224e-01
2.226866334676742554e-01
2.223794311285018921e-01
2.220683693885803223e-01
2.217615246772766113e-01
2.214487344026565552e-01
2.211604565382003784e-01
2.208880335092544556e-01
2.206251472234725952e-01
2.203653305768966675e-01
2.201009243726730347e-01
2.198486477136611938e-01
2.196218520402908325e-01
2.193967849016189575e-01
2.191751301288604736e-01
2.189576774835586548e-01
2.187575846910476685e-01
2.185673564672470093e-01
2.183685451745986938e-01
2.181608229875564575e-01
2.180094867944717407e-01
2.178666889667510986e-01
2.177042067050933838e-01
2.175135016441345215e-01
2.173327505588531494e-01
2.172323167324066162e-01
2.171456217765808105e-01
2.169630080461502075e-01
2.167811542749404907e-01
2.165680974721908569e-01
2.162759602069854736e-01
2.160115838050842285e-01
2.157130390405654907e-01
2.153989523649215698e-01
2.150285691022872925e-01
2.146530449390411377e-01
2.143500000238418579e-01
2.140678316354751587e-01
2.137521952390670776e-01
2.134268432855606079e-01
2.130737602710723877e-01
2.127309441566467285e-01
2.124383151531219482e-01
2.121675610542297363e-01
2.119346857070922852e-01
2.117252051830291748e-01
2.115384787321090698e-01
2.113513350486755371e-01
2.111509740352630615e-01
2.109298855066299438e-01
2.107027620077133179e-01
2.104775458574295044e-01
2.102432101964950562e-01
2.099919021129608154e-01
2.097643315792083740e-01
2.095413058996200562e-01
2.093352079391479492e-01
2.091500312089920044e-01
2.089708745479583740e-01
2.087955325841903687e-01
2.086281031370162964e-01
2.084655612707138062e-01
2.082747220993041992e-01
2.080746740102767944e-01
2.078915834426879883e-01
2.077337205410003662e-01
2.075799852609634399e-01
2.073979377746582031e-01
2.071915864944458008e-01
2.069832235574722290e-01
2.067637443542480469e-01
2.065487951040267944e-01
2.063136100769042969e-01
2.060569226741790771e-01
2.057396471500396729e-01
2.054289430379867554e-01
2.051720321178436279e-01
2.049636691808700562e-01
2.047554105520248413e-01
2.045647203922271729e-01
2.043687105178833008e-01
2.041644304990768433e-01
2.039560377597808838e-01
2.037353962659835815e-01
2.035136371850967407e-01
2.032870501279830933e-01
2.030790746212005615e-01
2.028678953647613525e-01
2.027135789394378662e-01
2.026214897632598877e-01
2.025528103113174438e-01
2.024612575769424438e-01
2.023568451404571533e-01
2.022711187601089478e-01
2.022299468517303467e-01
2.021104395389556885e-01
2.019353061914443970e-01
2.017057836055755615e-01
2.014489471912384033e-01
2.011953443288803101e-01
2.009405940771102905e-01
2.006601244211196899e-01
2.003930658102035522e-01
2.001477032899856567e-01
1.999149769544601440e-01
1.996894776821136475e-01
1.994571238756179810e-01
1.992573887109756470e-01
1.990604102611541748e-01
1.988883763551712036e-01
1.987233459949493408e-01
1.985683739185333252e-01
1.984119862318038940e-01
1.982441842555999756e-01
1.980687081813812256e-01
1.979194283485412598e-01
1.977939456701278687e-01
1.976774632930755615e-01
1.975808590650558472e-01
1.974562406539916992e-01
1.973089575767517090e-01
1.971739530563354492e-01
1.970290690660476685e-01
1.968836486339569092e-01
1.967233270406723022e-01
1.965736895799636841e-01
1.963960230350494385e-01
1.962185204029083252e-01
1.960449665784835815e-01
1.958694607019424438e-01
1.956888288259506226e-01
1.955030858516693115e-01
1.953252702951431274e-01
1.951393783092498779e-01
1.949791908264160156e-01
1.948370039463043213e-01
1.946741044521331787e-01
1.945241689682006836e-01
1.943513303995132446e-01
1.941908299922943115e-01
1.940458565950393677e-01
1.939111799001693726e-01
1.937707364559173584e-01
1.936396509408950806e-01
1.934941858053207397e-01
1.933568865060806274e-01
1.932221651077270508e-01
1.930848658084869385e-01
1.929219961166381836e-01
1.927814781665802002e-01
1.926569491624832153e-01
1.925500631332397461e-01
1.924306154251098633e-01
1.922936439514160156e-01
1.921385526657104492e-01
1.919779628515243530e-01
1.918481588363647461e-01
1.917107850313186646e-01
1.915441006422042847e-01
1.913508921861648560e-01
1.911462396383285522e-01
1.909638643264770508e-01
1.908135861158370972e-01
1.906560212373733521e-01
1.904837340116500854e-01
1.903306245803833008e-01
1.901723742485046387e-01
1.900405436754226685e-01
1.899191290140151978e-01
1.898091435432434082e-01
1.896800398826599121e-01
1.895579695701599121e-01
1.894531100988388062e-01
1.893463432788848877e-01
1.892401427030563354e-01
1.891093105077743530e-01
1.889794915914535522e-01
1.888346374034881592e-01
1.887003928422927856e-01
1.885598450899124146e-01
1.884104758501052856e-01
1.882781833410263062e-01
1.881078779697418213e-01
1.879349201917648315e-01
1.877569556236267090e-01
1.875858753919601440e-01
1.874063611030578613e-01
1.872197985649108887e-01
1.870499849319458008e-01
1.869044005870819092e-01
1.867680847644805908e-01
1.866224855184555054e-01
1.864700019359588623e-01
1.863179802894592285e-01
1.861643195152282715e-01
1.860223561525344849e-01
1.859028488397598267e-01
1.857759207487106323e-01
1.856817454099655151e-01
1.855697482824325562e-01
1.854470372200012207e-01
1.852874904870986938e-01
1.851353943347930908e-01
1.849544048309326172e-01
1.847539246082305908e-01
1.845571994781494141e-01
1.843745857477188110e-01
1.841913312673568726e-01
1.840007454156875610e-01
1.838098615407943726e-01
1.836168020963668823e-01
1.834537833929061890e-01
1.833039671182632446e-01
1.831594109535217285e-01
1.830437928438186646e-01
1.829376369714736938e-01
1.828405708074569702e-01
1.827538609504699707e-01
1.826405972242355347e-01
1.825535148382186890e-01
1.824569553136825562e-01
1.823556572198867798e-01
1.822689026594161987e-01
1.821512430906295776e-01
1.819813996553421021e-01
1.818106174468994141e-01
1.816308200359344482e-01
1.814595460891723633e-01
1.812974661588668823e-01
1.811295896768569946e-01
1.809670627117156982e-01
1.808111965656280518e-01
1.806437075138092041e-01
1.804553717374801636e-01
1.802546530961990356e-01
1.800715476274490356e-01
1.799016743898391724e-01
1.797562092542648315e-01
1.796242743730545044e-01
1.794961094856262207e-01
1.793953925371170044e-01
1.792977452278137207e-01
1.792380213737487793e-01
1.791381984949111938e-01
1.790369153022766113e-01
1.789119839668273926e-01
1.787997782230377197e-01
1.786600947380065918e-01
1.785376667976379395e-01
1.783975958824157715e-01
1.782734543085098267e-01
1.781485974788665771e-01
1.780268698930740356e-01
1.778895705938339233e-01
1.777496188879013062e-01
1.776129901409149170e-01
1.774881631135940552e-01
1.773402243852615356e-01
1.771692782640457153e-01
1.770406216382980347e-01
1.769082993268966675e-01
1.767881512641906738e-01
1.766842603683471680e-01
1.765467822551727295e-01
1.764151453971862793e-01
1.762924045324325562e-01
1.761806160211563110e-01
1.760685592889785767e-01
1.759693771600723267e-01
1.758602708578109741e-01
1.757506877183914185e-01
1.756646037101745605e-01
1.755927205085754395e-01
1.755218654870986938e-01
1.754172891378402710e-01
1.753317713737487793e-01
1.752242594957351685e-01
1.750814616680145264e-01
1.749579608440399170e-01
1.748204827308654785e-01
1.746819317340850830e-01
1.744945049285888672e-01
1.743137836456298828e-01
1.741173863410949707e-01
1.739424318075180054e-01
1.737719327211380005e-01
1.736242473125457764e-01
1.734702438116073608e-01
1.733092814683914185e-01
1.731594204902648926e-01
1.730422824621200562e-01
1.729278117418289185e-01
1.728059351444244385e-01
1.726815551519393921e-01
1.725567877292633057e-01
1.724418550729751587e-01
1.723097115755081177e-01
1.721823066473007202e-01
1.720684021711349487e-01
1.719665974378585815e-01
1.718826740980148315e-01
1.718210130929946899e-01
1.717729866504669189e-01
1.717153191566467285e-01
1.716081053018569946e-01
1.714708060026168823e-01
1.713000982999801636e-01
1.710788309574127197e-01
1.708778291940689087e-01
1.707230955362319946e-01
1.705551296472549438e-01
1.704172343015670776e-01
1.702985316514968872e-01
1.702014654874801636e-01
1.701073199510574341e-01
1.700084954500198364e-01
1.699073314666748047e-01
1.698102802038192749e-01
1.697000414133071899e-01
1.696015894412994385e-01
1.695077270269393921e-01
1.694259196519851685e-01
1.693449169397354126e-01
1.692816913127899170e-01
1.692197918891906738e-01
1.691465228796005249e-01
1.690803319215774536e-01
1.689980030059814453e-01
1.689049601554870605e-01
1.688129007816314697e-01
1.687193214893341064e-01
1.686241924762725830e-01
1.685180813074111938e-01
1.684029400348663330e-01
1.682732403278350830e-01
1.681283861398696899e-01
1.679765582084655762e-01
1.678261160850524902e-01
1.676837354898452759e-01
1.675568073987960815e-01
1.674270778894424438e-01
1.672869622707366943e-01
1.671289652585983276e-01
1.669898182153701782e-01
1.668501496315002441e-01
1.667046248912811279e-01
1.665676832199096680e-01
1.664376258850097656e-01
1.663180291652679443e-01
1.662163436412811279e-01
1.661147922277450562e-01
