4.005464076995849609e+00
3.630221128463745117e+00
3.214963436126708984e+00
2.824140787124633789e+00
2.472781181335449219e+00
2.140212059020996094e+00
1.829898357391357422e+00
1.540934324264526367e+00
1.278283596038818359e+00
1.042390942573547363e+00
8.377308845520019531e-01
6.683071851730346680e-01
5.350197553634643555e-01
4.375467002391815186e-01
3.668262660503387451e-01
3.171295523643493652e-01
2.846732139587402344e-01
2.691801786422729492e-01
2.627772986888885498e-01
2.616254389286041260e-01
2.638489603996276855e-01
2.678066492080688477e-01
2.718119025230407715e-01
2.752362787723541260e-01
2.779475152492523193e-01
2.797999978065490723e-01
2.807782888412475586e-01
2.810380160808563232e-01
2.804565131664276123e-01
2.789001762866973877e-01
2.767334282398223877e-01
2.739966213703155518e-01
2.709943950176239014e-01
2.678814828395843506e-01
2.646848559379577637e-01
2.615186274051666260e-01
2.584015429019927979e-01
2.553881406784057617e-01
2.525180876255035400e-01
2.498398870229721069e-01
2.473312765359878540e-01
2.450180351734161377e-01
2.429214268922805786e-01
2.409382015466690063e-01
2.390687316656112671e-01
2.372834533452987671e-01
2.356110662221908569e-01
2.340011745691299438e-01
2.324122488498687744e-01
2.307969182729721069e-01
2.291814982891082764e-01
2.275543361902236938e-01
2.259446233510971069e-01
2.243516296148300171e-01
2.227612733840942383e-01
2.211837321519851685e-01
2.196677178144454956e-01
2.181848883628845215e-01
2.167051881551742554e-01
2.152410149574279785e-01
2.137886285781860352e-01
2.123282253742218018e-01
2.108763158321380615e-01
2.094732075929641724e-01
2.081241607666015625e-01
2.068481296300888062e-01
2.056045234203338623e-01
2.044162750244140625e-01
2.032718807458877563e-01
2.021613121032714844e-01
2.010783553123474121e-01
2.000145018100738525e-01
1.989827156066894531e-01
1.979745477437973022e-01
1.969838142395019531e-01
1.960120499134063721e-01
1.950759738683700562e-01
1.941471248865127563e-01
1.932352781295776367e-01
1.923440247774124146e-01
1.914743036031723022e-01
1.906279027462005615e-01
1.897907555103302002e-01
1.889521628618240356e-01
1.881585866212844849e-01
1.873780637979507446e-01
1.866247057914733887e-01
1.858577132225036621e-01
1.851063817739486694e-01
1.843617111444473267e-01
1.836235970258712769e-01
1.828938424587249756e-01
1.821747273206710815e-01
1.814653128385543823e-01
1.807715445756912231e-01
1.800821870565414429e-01
1.794231832027435303e-01
1.787768900394439697e-01
1.781385987997055054e-01
1.775080859661102295e-01
1.768930405378341675e-01
1.762797981500625610e-01
1.756612956523895264e-01
1.750405132770538330e-01
1.744183748960494995e-01
1.738079041242599487e-01
1.732046604156494141e-01
1.726123690605163574e-01
1.720275729894638062e-01
1.714423000812530518e-01
1.708755344152450562e-01
1.703285276889801025e-01
1.697894483804702759e-01
1.692497730255126953e-01
1.687268167734146118e-01
1.681894510984420776e-01
1.676642894744873047e-01
1.671365499496459961e-01
1.666052788496017456e-01
1.660684645175933838e-01
1.655396968126296997e-01
1.650063097476959229e-01
1.644743084907531738e-01
1.639562547206878662e-01
1.634451001882553101e-01
1.629409939050674438e-01
1.624445021152496338e-01
1.619493365287780762e-01
1.614585965871810913e-01
1.609642058610916138e-01
1.604736894369125366e-01
1.599967926740646362e-01
1.595237404108047485e-01
1.590578109025955200e-01
1.585992574691772461e-01
1.581414639949798584e-01
1.576989591121673584e-01
1.572572290897369385e-01
1.568192839622497559e-01
1.563995033502578735e-01
1.559831202030181885e-01
1.555711776018142700e-01
1.551521122455596924e-01
1.547316014766693115e-01
1.543021202087402344e-01
1.538702398538589478e-01
1.534525603055953979e-01
1.530379652976989746e-01
1.526191532611846924e-01
1.522166132926940918e-01
1.518097072839736938e-01
1.513969153165817261e-01
1.509857326745986938e-01
1.505814045667648315e-01
1.501930654048919678e-01
1.498077362775802612e-01
1.494088917970657349e-01
1.490052938461303711e-01
1.486045271158218384e-01
1.482094377279281616e-01
1.477972567081451416e-01
1.473848521709442139e-01
1.469804495573043823e-01
1.465868353843688965e-01
1.461870223283767700e-01
1.457907855510711670e-01
1.453935652971267700e-01
1.450112611055374146e-01
1.446048021316528320e-01
1.442040205001831055e-01
1.438096761703491211e-01
1.434165537357330322e-01
1.430392414331436157e-01
1.426622122526168823e-01
1.422984600067138672e-01
1.419296413660049438e-01
1.415632367134094238e-01
1.412098705768585205e-01
1.408717483282089233e-01
1.405417770147323608e-01
1.402103900909423828e-01
1.398897618055343628e-01
1.395652145147323608e-01
1.392473578453063965e-01
1.389245092868804932e-01
1.385914087295532227e-01
1.382515430450439453e-01
1.379097998142242432e-01
1.375734508037567139e-01
1.372265368700027466e-01
1.368816792964935303e-01
1.365459561347961426e-01
1.362033039331436157e-01
1.358566135168075562e-01
1.355216205120086670e-01
1.351937651634216309e-01
1.348648518323898315e-01
1.345369666814804077e-01
1.342134028673171997e-01
1.338998675346374512e-01
1.335908770561218262e-01
1.332820504903793335e-01
1.329803317785263062e-01
1.326749473810195923e-01
1.323776394128799438e-01
1.320803165435791016e-01
1.317941248416900635e-01
1.315087974071502686e-01
1.312258094549179077e-01
1.309463232755661011e-01
1.306611895561218262e-01
1.303710788488388062e-01
1.300735324621200562e-01
1.297760605812072754e-01
1.294782161712646484e-01
1.291816234588623047e-01
1.288870871067047119e-01
1.285936236381530762e-01
1.283109784126281738e-01
1.280335783958435059e-01
1.277647167444229126e-01
1.274986863136291504e-01
1.272287368774414062e-01
1.269681453704833984e-01
1.267158389091491699e-01
1.264657676219940186e-01
1.262206882238388062e-01
1.259870976209640503e-01
1.257467716932296753e-01
1.255073398351669312e-01
1.252558082342147827e-01
1.250068843364715576e-01
1.247513070702552795e-01
1.244956776499748230e-01
1.242515370249748230e-01
1.240044087171554565e-01
1.237564012408256531e-01
1.235082149505615234e-01
1.232566237449645996e-01
1.230077520012855530e-01
1.227597817778587341e-01
1.225092038512229919e-01
1.222536116838455200e-01
1.220014020800590515e-01
1.217528879642486572e-01
1.215098053216934204e-01
1.212701797485351562e-01
1.210291087627410889e-01
1.207895651459693909e-01
1.205521151423454285e-01
1.203076839447021484e-01
1.200647801160812378e-01
1.198263168334960938e-01
1.195833832025527954e-01
1.193430125713348389e-01
1.191072613000869751e-01
1.188812106847763062e-01
1.186559125781059265e-01
1.184270307421684265e-01
1.181992292404174805e-01
1.179774031043052673e-01
1.177569180727005005e-01
1.175452917814254761e-01
1.173258647322654724e-01
1.170951128005981445e-01
1.168640553951263428e-01
1.166267544031143188e-01
1.163863912224769592e-01
1.161509305238723755e-01
1.159250363707542419e-01
1.157110035419464111e-01
1.154965832829475403e-01
1.152837499976158142e-01
1.150663197040557861e-01
1.148557215929031372e-01
1.146400868892669678e-01
1.144258677959442139e-01
1.142052710056304932e-01
1.139983460307121277e-01
1.137926355004310608e-01
1.135790571570396423e-01
1.133602857589721680e-01
1.131476834416389465e-01
1.129379346966743469e-01
1.127194762229919434e-01
1.125069335103034973e-01
1.123036593198776245e-01
1.121022850275039673e-01
1.119005531072616577e-01
1.117096021771430969e-01
1.115159168839454651e-01
1.113245338201522827e-01
1.111382693052291870e-01
1.109580919146537781e-01
1.107645854353904724e-01
1.105736643075942993e-01
1.103820279240608215e-01
1.101801320910453796e-01
1.099786236882209778e-01
1.097796186804771423e-01
1.095763370394706726e-01
1.093608587980270386e-01
1.091338321566581726e-01
1.089123040437698364e-01
1.086957529187202454e-01
1.084858924150466919e-01
1.082727834582328796e-01
1.080665364861488342e-01
1.078635156154632568e-01
1.076621487736701965e-01
1.074665710330009460e-01
1.072692349553108215e-01
1.070750057697296143e-01
1.068850681185722351e-01
1.066967993974685669e-01
1.065112501382827759e-01
1.063279733061790466e-01
1.061412245035171509e-01
1.059579551219940186e-01
1.057850867509841919e-01
1.056061461567878723e-01
1.054277271032333374e-01
1.052410230040550232e-01
1.050570532679557800e-01
1.048733666539192200e-01
1.046878397464752197e-01
1.045103147625923157e-01
1.043355017900466919e-01
1.041555479168891907e-01
1.039698645472526550e-01
1.037761420011520386e-01
1.035954952239990234e-01
1.034214198589324951e-01
1.032512336969375610e-01
1.030769124627113342e-01
1.029129028320312500e-01
1.027553826570510864e-01
1.026030108332633972e-01
1.024653911590576172e-01
1.023294851183891296e-01
1.021878644824028015e-01
1.020364388823509216e-01
1.018817946314811707e-01
1.017153188586235046e-01
1.015475392341613770e-01
1.013796925544738770e-01
1.012048795819282532e-01
1.010246351361274719e-01
1.008479967713356018e-01
1.006660386919975281e-01
1.004688292741775513e-01
1.002628505229949951e-01
1.000671535730361938e-01
9.988050907850265503e-02
9.970062226057052612e-02
9.951807558536529541e-02
9.934113174676895142e-02
9.916688501834869385e-02
9.899041056632995605e-02
9.881615638732910156e-02
9.864309430122375488e-02
9.847283363342285156e-02
9.831240028142929077e-02
9.815604239702224731e-02
9.800080955028533936e-02
9.785486757755279541e-02
9.770870208740234375e-02
9.756438434123992920e-02
9.742711484432220459e-02
9.728647023439407349e-02
9.712975472211837769e-02
9.695941954851150513e-02
9.677989035844802856e-02
9.659070521593093872e-02
9.640122205018997192e-02
9.621310234069824219e-02
9.603119641542434692e-02
9.584452956914901733e-02
9.565740823745727539e-02
9.547320753335952759e-02
9.529240429401397705e-02
9.512455761432647705e-02
9.496305137872695923e-02
9.480636566877365112e-02
9.465377777814865112e-02
9.450561553239822388e-02
9.435369819402694702e-02
9.420392662286758423e-02
9.404340386390686035e-02
9.388991445302963257e-02
9.374488890171051025e-02
9.360502660274505615e-02
9.347566962242126465e-02
9.334572404623031616e-02
9.320475161075592041e-02
9.305945783853530884e-02
9.290818870067596436e-02
9.276094287633895874e-02
9.261421114206314087e-02
9.246852993965148926e-02
9.232228994369506836e-02
9.216716885566711426e-02
9.201706945896148682e-02
9.187731146812438965e-02
9.172953665256500244e-02
9.158581495285034180e-02
9.145481884479522705e-02
9.130892902612686157e-02
9.116356819868087769e-02
9.101460874080657959e-02
9.084668010473251343e-02
9.067916125059127808e-02
9.051106870174407959e-02
9.034456312656402588e-02
9.018077701330184937e-02
9.002657979726791382e-02
8.987841010093688965e-02
8.973700553178787231e-02
8.959062397480010986e-02
8.944693952798843384e-02
8.931731432676315308e-02
8.919491618871688843e-02
8.907350152730941772e-02
8.896359801292419434e-02
8.885704725980758667e-02
8.874642848968505859e-02
8.863313496112823486e-02
8.851110935211181641e-02
8.838026225566864014e-02
8.823123574256896973e-02
8.809668570756912231e-02
8.797705173492431641e-02
8.786115050315856934e-02
8.772650361061096191e-02
8.758300542831420898e-02
8.743153512477874756e-02
8.727514743804931641e-02
8.712499588727951050e-02
8.696608990430831909e-02
8.681382983922958374e-02
8.665876835584640503e-02
8.650562167167663574e-02
8.634576201438903809e-02
8.619449287652969360e-02
8.604430407285690308e-02
8.590316027402877808e-02
8.575447648763656616e-02
8.560065180063247681e-02
8.545274287462234497e-02
8.531197160482406616e-02
8.517590910196304321e-02
8.504112064838409424e-02
8.490405976772308350e-02
8.476666361093521118e-02
8.462768793106079102e-02
8.448519557714462280e-02
8.435066789388656616e-02
8.422741293907165527e-02
8.410019427537918091e-02
8.396939188241958618e-02
8.383669704198837280e-02
8.370937407016754150e-02
8.358029276132583618e-02
8.344759792089462280e-02
8.331333845853805542e-02
8.318059891462326050e-02
8.303840458393096924e-02
8.290065079927444458e-02
8.277243375778198242e-02
8.263535797595977783e-02
8.249898254871368408e-02
8.235966414213180542e-02
8.222813159227371216e-02
8.209376782178878784e-02
8.196287602186203003e-02
8.182793110609054565e-02
8.169321715831756592e-02
8.156056702136993408e-02
8.143375068902969360e-02
8.129883557558059692e-02
8.116178214550018311e-02
8.103215694427490234e-02
8.089679479598999023e-02
8.076133579015731812e-02
8.063744753599166870e-02
8.050005882978439331e-02
8.037195354700088501e-02
8.025238662958145142e-02
8.013188838958740234e-02
8.001701533794403076e-02
7.989913970232009888e-02
7.977440953254699707e-02
7.965097576379776001e-02
7.953301072120666504e-02
7.941701263189315796e-02
7.929620146751403809e-02
7.917556166648864746e-02
7.905226200819015503e-02
7.892762869596481323e-02
7.880144566297531128e-02
7.867586612701416016e-02
7.854227721691131592e-02
7.841521501541137695e-02
7.828912138938903809e-02
7.816439867019653320e-02
7.803687453269958496e-02
7.790903002023696899e-02
7.778175175189971924e-02
7.765451818704605103e-02
7.753118127584457397e-02
7.741044461727142334e-02
7.729191333055496216e-02
7.716877758502960205e-02
7.704922556877136230e-02
7.693221420049667358e-02
7.681807130575180054e-02
7.671364396810531616e-02
7.660415768623352051e-02
7.649071514606475830e-02
7.637749612331390381e-02
7.626083493232727051e-02
7.614768296480178833e-02
7.602849602699279785e-02
7.590483874082565308e-02
7.577483355998992920e-02
7.563814520835876465e-02
7.551351934671401978e-02
7.539588212966918945e-02
7.528181374073028564e-02
7.516252249479293823e-02
7.505264133214950562e-02
7.494321465492248535e-02
7.482682168483734131e-02
7.471619546413421631e-02
7.460631430149078369e-02
7.449854910373687744e-02
7.439074665307998657e-02
7.427976280450820923e-02
7.416193932294845581e-02
7.404933124780654907e-02
7.394440472126007080e-02
7.383759319782257080e-02
7.372912764549255371e-02
7.361594587564468384e-02
7.350879907608032227e-02
7.340250909328460693e-02
7.329980283975601196e-02
7.320370525121688843e-02
7.310444116592407227e-02
7.300917059183120728e-02
7.290021330118179321e-02
7.279743999242782593e-02
7.270591706037521362e-02
7.261308282613754272e-02
7.250760495662689209e-02
7.240717113018035889e-02
7.230766862630844116e-02
7.220873236656188965e-02
7.210706919431686401e-02
7.199099659919738770e-02
7.187692821025848389e-02
7.176370173692703247e-02
7.164894789457321167e-02
7.154043018817901611e-02
7.144376635551452637e-02
7.134500145912170410e-02
7.124954462051391602e-02
7.115767151117324829e-02
7.106944173574447632e-02
7.097870111465454102e-02
7.089102268218994141e-02
7.080679386854171753e-02
7.071930170059204102e-02
7.063292711973190308e-02
7.054300606250762939e-02
7.045916467905044556e-02
7.037875056266784668e-02
7.029343396425247192e-02
7.019007951021194458e-02
7.008329033851623535e-02
6.996958702802658081e-02
6.985256820917129517e-02
6.974195688962936401e-02
6.963000446557998657e-02
6.952283531427383423e-02
6.942325830459594727e-02
6.932833045721054077e-02
6.923531740903854370e-02
6.913972645998001099e-02
6.904818117618560791e-02
6.895784288644790649e-02
6.886849552392959595e-02
6.877561658620834351e-02
6.869082152843475342e-02
6.860972195863723755e-02
6.852588802576065063e-02
6.844294071197509766e-02
6.835802644491195679e-02
6.826793402433395386e-02
6.818533688783645630e-02
6.810583174228668213e-02
6.802333891391754150e-02
6.793604791164398193e-02
6.785967946052551270e-02
6.777750700712203979e-02
6.770706921815872192e-02
6.763076037168502808e-02
6.755212694406509399e-02
6.746470928192138672e-02
6.737380474805831909e-02
6.727600842714309692e-02
6.716875731945037842e-02
6.707001477479934692e-02
6.696085631847381592e-02
6.685256212949752808e-02
6.673986464738845825e-02
6.662991642951965332e-02
6.653248518705368042e-02
6.643260270357131958e-02
6.634137034416198730e-02
6.624834984540939331e-02
6.615023314952850342e-02
6.605575233697891235e-02
6.596989184617996216e-02
6.588362902402877808e-02
6.579580903053283691e-02
6.570861488580703735e-02
6.562563031911849976e-02
6.553453952074050903e-02
6.544151157140731812e-02
6.535340100526809692e-02
6.525846570730209351e-02
6.517017632722854614e-02
6.508290767669677734e-02
6.499100476503372192e-02
6.490290164947509766e-02
6.481971591711044312e-02
6.473682820796966553e-02
6.465767323970794678e-02
6.457673013210296631e-02
6.449357420206069946e-02
6.440164148807525635e-02
6.430399417877197266e-02
6.421268731355667114e-02
6.412169337272644043e-02
6.402814388275146484e-02
6.393769383430480957e-02
6.384804099798202515e-02
6.375514715909957886e-02
6.365621834993362427e-02
6.355488300323486328e-02
6.345603615045547485e-02
6.336393207311630249e-02
6.327781081199645996e-02
6.319046765565872192e-02
6.310070306062698364e-02
6.301262229681015015e-02
6.292533129453659058e-02
6.283951550722122192e-02
6.275358051061630249e-02
6.266926974058151245e-02
6.258238106966018677e-02
6.249855458736419678e-02
6.241654232144355774e-02
6.233261525630950928e-02
6.224810704588890076e-02
6.216659024357795715e-02
6.209370493888854980e-02
6.202315539121627808e-02
6.195868179202079773e-02
6.188925728201866150e-02
6.181728839874267578e-02
6.174899637699127197e-02
6.168949604034423828e-02
6.163214892148971558e-02
6.156530231237411499e-02
6.147433444857597351e-02
6.138035655021667480e-02
6.126973032951354980e-02
6.115732714533805847e-02
6.104800850152969360e-02
6.094169244170188904e-02
6.084773689508438110e-02
6.076049059629440308e-02
6.066934764385223389e-02
6.058270484209060669e-02
6.049766764044761658e-02
6.041667982935905457e-02
6.033465638756752014e-02
6.025515496730804443e-02
6.018066778779029846e-02
6.010436639189720154e-02
6.002626568078994751e-02
5.994997173547744751e-02
5.987357720732688904e-02
5.979576334357261658e-02
5.971908196806907654e-02
5.964327231049537659e-02
5.956497415900230408e-02
5.948829278349876404e-02
5.941351875662803650e-02
5.934191122651100159e-02
5.927416309714317322e-02
5.920067429542541504e-02
5.912539362907409668e-02
5.904782935976982117e-02
5.897331610321998596e-02
5.889741331338882446e-02
5.882250890135765076e-02
5.874827131628990173e-02
5.867819115519523621e-02
5.861433595418930054e-02
5.855357274413108826e-02
5.849686637520790100e-02
5.843494832515716553e-02
5.836053192615509033e-02
5.828515067696571350e-02
5.821421742439270020e-02
5.814604088664054871e-02
5.807877704501152039e-02
5.801530182361602783e-02
5.795084312558174133e-02
5.788845568895339966e-02
5.782656744122505188e-02
5.776599049568176270e-02
5.770314484834671021e-02
5.763613060116767883e-02
5.756374821066856384e-02
5.748897045850753784e-02
5.740885436534881592e-02
5.732345208525657654e-02
5.723380669951438904e-02
5.715180560946464539e-02
5.707181990146636963e-02
5.699689313769340515e-02
5.692479386925697327e-02
5.685564503073692322e-02
5.678736418485641479e-02
5.671923980116844177e-02
5.664812028408050537e-02
5.657576397061347961e-02
5.650278180837631226e-02
5.643654614686965942e-02
5.636981502175331116e-02
5.629931390285491943e-02
5.622632056474685669e-02
5.615466088056564331e-02
5.608738213777542114e-02
5.601884052157402039e-02
5.594637617468833923e-02
5.587237700819969177e-02
5.580002814531326294e-02
5.573409050703048706e-02
5.567114800214767456e-02
5.560479685664176941e-02
5.553956702351570129e-02
5.547659471631050110e-02
5.541664734482765198e-02
5.535889044404029846e-02
5.530304834246635437e-02
5.524020642042160034e-02
5.517723783850669861e-02
5.511610209941864014e-02
5.505135655403137207e-02
5.498261749744415283e-02
5.491829290986061096e-02
5.485155805945396423e-02
5.478432402014732361e-02
5.471846833825111389e-02
5.465271323919296265e-02
5.457881465554237366e-02
5.450809746980667114e-02
5.443711206316947937e-02
5.436751991510391235e-02
5.429826676845550537e-02
5.423782020807266235e-02
5.418261513113975525e-02
5.412875488400459290e-02
5.407525226473808289e-02
5.402171984314918518e-02
5.396698042750358582e-02
5.391323193907737732e-02
5.385222285985946655e-02
5.378709733486175537e-02
5.372044071555137634e-02
5.365424975752830505e-02
5.358684808015823364e-02
5.352254584431648254e-02
5.345588922500610352e-02
5.339569225907325745e-02
5.333856865763664246e-02
5.327943712472915649e-02
5.322322994470596313e-02
5.316364765167236328e-02
5.310818552970886230e-02
5.305304005742073059e-02
5.299185588955879211e-02
5.293094739317893982e-02
5.286027118563652039e-02
5.278352648019790649e-02
5.270051211118698120e-02
5.262241885066032410e-02
5.254881829023361206e-02
5.248070880770683289e-02
5.241720378398895264e-02
5.235804617404937744e-02
5.229623615741729736e-02
5.223801732063293457e-02
5.217932537198066711e-02
5.212347581982612610e-02
5.206500738859176636e-02
5.201005935668945312e-02
5.195573344826698303e-02
5.189500004053115845e-02
5.183365568518638611e-02
5.176924914121627808e-02
5.170763656497001648e-02
5.164348706603050232e-02
5.158219113945960999e-02
5.151692777872085571e-02
5.145320296287536621e-02
5.139684677124023438e-02
5.134201422333717346e-02
5.128478631377220154e-02
5.122421309351921082e-02
5.116458982229232788e-02
5.110550299286842346e-02
5.104876309633255005e-02
5.098930001258850098e-02
5.093191936612129211e-02
5.087326094508171082e-02
5.081733688712120056e-02
5.075778812170028687e-02
5.069544911384582520e-02
5.063201487064361572e-02
5.056954175233840942e-02
5.050801113247871399e-02
5.044604837894439697e-02
5.038501322269439697e-02
5.032408982515335083e-02
5.026421323418617249e-02
5.020328611135482788e-02
5.014419183135032654e-02
5.008902773261070251e-02
5.003353208303451538e-02
4.998004436492919922e-02
4.992854222655296326e-02
4.987860471010208130e-02
4.982743039727210999e-02
4.977416619658470154e-02
4.972061887383460999e-02
4.966544732451438904e-02
4.961013421416282654e-02
4.955162107944488525e-02
4.949329793453216553e-02
4.943463206291198730e-02
4.937614500522613525e-02
4.932353645563125610e-02
4.927494004368782043e-02
4.922851175069808960e-02
4.917966201901435852e-02
4.912804439663887024e-02
4.907846078276634216e-02
4.902851954102516174e-02
4.897942766547203064e-02
4.892731085419654846e-02
4.887137934565544128e-02
4.881608858704566956e-02
4.876721650362014771e-02
4.871892929077148438e-02
4.867557436227798462e-02
4.863689094781875610e-02
4.859494790434837341e-02
4.854980856180191040e-02
4.850340262055397034e-02
4.845174774527549744e-02
4.840087518095970154e-02
4.834159463644027710e-02
4.828631505370140076e-02
4.823252558708190918e-02
4.817978665232658386e-02
4.812809452414512634e-02
4.807853326201438904e-02
4.802893474698066711e-02
4.797681421041488647e-02
4.792407900094985962e-02
4.787012189626693726e-02
4.781582951545715332e-02
4.776322469115257263e-02
4.771362990140914917e-02
4.766641929745674133e-02
4.762090370059013367e-02
4.757248610258102417e-02
4.752174392342567444e-02
4.746945947408676147e-02
4.741335660219192505e-02
4.735375568270683289e-02
4.730083048343658447e-02
4.725281521677970886e-02
4.720322415232658386e-02
4.715220257639884949e-02
4.710248857736587524e-02
4.705748707056045532e-02
4.701219499111175537e-02
4.696096479892730713e-02
4.690917581319808960e-02
4.685645177960395813e-02
4.680264368653297424e-02
4.674963280558586121e-02
4.669811576604843140e-02
4.664598777890205383e-02
4.659283906221389771e-02
4.653934761881828308e-02
4.648967459797859192e-02
4.643946886062622070e-02
4.638812690973281860e-02
4.633716866374015808e-02
4.628815501928329468e-02
4.623617231845855713e-02
4.618391767144203186e-02
4.613117501139640808e-02
4.607759416103363037e-02
4.602447897195816040e-02
4.597523808479309082e-02
4.592767357826232910e-02
4.588123038411140442e-02
4.583357647061347961e-02
4.578727856278419495e-02
4.573871940374374390e-02
4.569298401474952698e-02
4.564857110381126404e-02
4.560520872473716736e-02
4.556531831622123718e-02
4.553285613656044006e-02
4.549535736441612244e-02
4.545594379305839539e-02
4.541537538170814514e-02
4.536680132150650024e-02
4.531794041395187378e-02
4.526884481310844421e-02
4.521684348583221436e-02
4.515842720866203308e-02
4.510129615664482117e-02
4.504599049687385559e-02
4.499558731913566589e-02
4.495243355631828308e-02
4.491217434406280518e-02
4.486722871661186218e-02
4.481955617666244507e-02
4.476165398955345154e-02
4.470498859882354736e-02
4.465740546584129333e-02
4.460771381855010986e-02
4.455197975039482117e-02
4.449601098895072937e-02
4.443875700235366821e-02
4.438455030322074890e-02
4.433457553386688232e-02
4.428737238049507141e-02
4.424532875418663025e-02
4.420657828450202942e-02
4.416721314191818237e-02
4.412716999650001526e-02
4.408770799636840820e-02
4.404817521572113037e-02
4.400458186864852905e-02
4.396109282970428467e-02
4.391982406377792358e-02
4.387802630662918091e-02
4.383525252342224121e-02
4.379016160964965820e-02
4.374938085675239563e-02
4.371053352952003479e-02
4.367321729660034180e-02
4.363818466663360596e-02
4.359627887606620789e-02
4.355170205235481262e-02
4.349882155656814575e-02
4.345325008034706116e-02
4.341329634189605713e-02
4.337134212255477905e-02
4.332799464464187622e-02
4.327653348445892334e-02
4.322225227952003479e-02
4.317075386643409729e-02
4.312080517411231995e-02
4.306669905781745911e-02
4.300898313522338867e-02
4.295021668076515198e-02
4.289125651121139526e-02
4.283834993839263916e-02
4.278618842363357544e-02
4.273813962936401367e-02
4.268832504749298096e-02
4.263997450470924377e-02
4.258660599589347839e-02
4.253196343779563904e-02
4.247682169079780579e-02
4.242383316159248352e-02
4.237614944577217102e-02
4.233111813664436340e-02
4.228346794843673706e-02
4.223768785595893860e-02
4.219495505094528198e-02
4.215168207883834839e-02
4.211026430130004883e-02
4.207052662968635559e-02
4.203623533248901367e-02
4.200690239667892456e-02
4.197824373841285706e-02
4.194449260830879211e-02
4.190758243203163147e-02
4.186625778675079346e-02
4.182451963424682617e-02
4.178119078278541565e-02
4.173716157674789429e-02
4.169154912233352661e-02
4.164245352149009705e-02
4.159222915768623352e-02
4.154336079955101013e-02
4.149632155895233154e-02
4.145168140530586243e-02
4.140454158186912537e-02
4.135949909687042236e-02
4.131642729043960571e-02
4.127488285303115845e-02
4.123310744762420654e-02
4.119299724698066711e-02
4.115365818142890930e-02
4.111233726143836975e-02
4.106977209448814392e-02
4.102647304534912109e-02
4.098393768072128296e-02
4.094434529542922974e-02
4.090498760342597961e-02
4.086685553193092346e-02
4.083000868558883667e-02
4.079366475343704224e-02
4.075697064399719238e-02
4.072187840938568115e-02
4.068871960043907166e-02
4.065383598208427429e-02
4.061512649059295654e-02
4.057693853974342346e-02
4.053305462002754211e-02
4.048918560147285461e-02
4.044593125581741333e-02
4.040527716279029846e-02
4.036693647503852844e-02
4.032894223928451538e-02
4.029522091150283813e-02
4.026528075337409973e-02
4.023858532309532166e-02
4.020880535244941711e-02
4.017653688788414001e-02
4.014605656266212463e-02
4.010776430368423462e-02
4.006367549300193787e-02
4.002174362540245056e-02
3.997878730297088623e-02
3.994311764836311340e-02
3.991389647126197815e-02
3.988837078213691711e-02
3.986095264554023743e-02
3.983435407280921936e-02
3.980046138167381287e-02
3.976176679134368896e-02
3.972057998180389404e-02
3.967974707484245300e-02
3.964038938283920288e-02
3.959922865033149719e-02
3.956094384193420410e-02
3.952392190694808960e-02
3.948418051004409790e-02
3.944836929440498352e-02
3.941269218921661377e-02
3.937659412622451782e-02
3.933734074234962463e-02
3.929647430777549744e-02
3.925818204879760742e-02
3.921827301383018494e-02
3.917948156595230103e-02
3.914276883006095886e-02
3.910431265830993652e-02
3.906381130218505859e-02
3.902549296617507935e-02
3.898829966783523560e-02
3.895000740885734558e-02
3.891372308135032654e-02
3.887689486145973206e-02
3.884140029549598694e-02
3.880693018436431885e-02
3.877332061529159546e-02
3.874322399497032166e-02
3.871214017271995544e-02
3.867912665009498596e-02
3.864650428295135498e-02
3.861119970679283142e-02
3.857250511646270752e-02
3.853304684162139893e-02
3.849621117115020752e-02
3.845862671732902527e-02
3.841856122016906738e-02
3.837851807475090027e-02
3.833835199475288391e-02
3.829960897564888000e-02
3.826506435871124268e-02
3.823200613260269165e-02
3.820424154400825500e-02
3.817860037088394165e-02
3.814508020877838135e-02
3.810124471783638000e-02
3.805461898446083069e-02
3.801136091351509094e-02
3.797404840588569641e-02
3.794399276375770569e-02
3.791728988289833069e-02
3.789027780294418335e-02
3.786279261112213135e-02
3.783246129751205444e-02
3.780303150415420532e-02
3.777483850717544556e-02
3.774720057845115662e-02
3.772038221359252930e-02
3.769049793481826782e-02
3.765171021223068237e-02
3.760911151766777039e-02
3.755970299243927002e-02
3.750995546579360962e-02
3.746539726853370667e-02
3.742217645049095154e-02
3.737850487232208252e-02
3.733887150883674622e-02
3.730139508843421936e-02
3.726787492632865906e-02
3.723827004432678223e-02
3.721171990036964417e-02
3.718057647347450256e-02
3.715149685740470886e-02
3.712292015552520752e-02
3.709138929843902588e-02
3.705581277608871460e-02
3.701859712600708008e-02
3.697967901825904846e-02
3.694153204560279846e-02
3.690508380532264709e-02
3.686884790658950806e-02
3.683264181017875671e-02
3.679843619465827942e-02
3.676609322428703308e-02
3.673532977700233459e-02
3.670392557978630066e-02
3.667577356100082397e-02
3.664608672261238098e-02
3.661620244383811951e-02
3.658739849925041199e-02
3.656259179115295410e-02
3.653974458575248718e-02
3.650789335370063782e-02
3.647339716553688049e-02
3.643588349223136902e-02
3.639520332217216492e-02
3.635385632514953613e-02
3.631321340799331665e-02
3.627586737275123596e-02
3.624153509736061096e-02
3.621308133006095886e-02
3.618796542286872864e-02
3.615693375468254089e-02
3.612135350704193115e-02
3.608302399516105652e-02
3.604888543486595154e-02
3.601269796490669250e-02
3.597657009959220886e-02
3.594227880239486694e-02
3.590842336416244507e-02
3.587425127625465393e-02
3.584103658795356750e-02
3.580857813358306885e-02
3.577613458037376404e-02
3.574351221323013306e-02
3.571043536067008972e-02
3.568056598305702209e-02
3.564838692545890808e-02
3.561714664101600647e-02
3.558986261487007141e-02
3.557099774479866028e-02
3.555363416671752930e-02
3.553074598312377930e-02
3.549645096063613892e-02
3.545765578746795654e-02
3.542396426200866699e-02
3.539386019110679626e-02
3.536796197295188904e-02
3.534588590264320374e-02
3.532239049673080444e-02
3.529739752411842346e-02
3.527281060814857483e-02
3.524779900908470154e-02
3.522283211350440979e-02
3.519318997859954834e-02
3.516005352139472961e-02
3.512261062860488892e-02
3.508551046252250671e-02
3.504354134202003479e-02
3.500051423907279968e-02
3.496187925338745117e-02
3.492718935012817383e-02
3.489305078983306885e-02
3.486144170165061951e-02
3.483220934867858887e-02
3.480737283825874329e-02
3.477838635444641113e-02
3.474618121981620789e-02
3.471560776233673096e-02
3.469086065888404846e-02
3.466883301734924316e-02
3.464697301387786865e-02
3.462201729416847229e-02
3.459079563617706299e-02
3.455919772386550903e-02
3.452182188630104065e-02
3.448671847581863403e-02
3.445538133382797241e-02
3.442697599530220032e-02
3.440010920166969299e-02
3.437423333525657654e-02
3.434774652123451233e-02
3.432295098900794983e-02
3.429674357175827026e-02
3.427040576934814453e-02
3.424555435776710510e-02
3.422058746218681335e-02
3.419881314039230347e-02
3.417227789759635925e-02
3.414259850978851318e-02
3.411175310611724854e-02
3.408538550138473511e-02
3.406053781509399414e-02
3.403471782803535461e-02
3.401183709502220154e-02
3.398632630705833435e-02
3.395822644233703613e-02
3.393066674470901489e-02
3.390053659677505493e-02
3.386951237916946411e-02
3.384122997522354126e-02
3.380793333053588867e-02
3.377723321318626404e-02
3.374985605478286743e-02
3.372400626540184021e-02
3.369897976517677307e-02
3.367210924625396729e-02
3.364823013544082642e-02
3.362586349248886108e-02
3.359863907098770142e-02
3.356096893548965454e-02
3.352564945816993713e-02
3.348923102021217346e-02
3.345871344208717346e-02
3.343223407864570618e-02
3.340648114681243896e-02
3.338045254349708557e-02
3.334976732730865479e-02
3.331583365797996521e-02
3.328599780797958374e-02
3.325770050287246704e-02
3.323100134730339050e-02
3.320387005805969238e-02
3.317734226584434509e-02
3.315040841698646545e-02
3.312302008271217346e-02
3.310203179717063904e-02
3.307608142495155334e-02
3.305032104253768921e-02
3.302649036049842834e-02
3.300545737147331238e-02
3.298760578036308289e-02
3.296683356165885925e-02
3.293870761990547180e-02
3.290730714797973633e-02
3.287718445062637329e-02
3.285044431686401367e-02
3.282360732555389404e-02
3.279587253928184509e-02
3.276992589235305786e-02
3.273965418338775635e-02
3.271031752228736877e-02
3.268333896994590759e-02
3.266143426299095154e-02
3.264259546995162964e-02
3.262780606746673584e-02
3.261180222034454346e-02
3.259487077593803406e-02
3.257471323013305664e-02
3.255826234817504883e-02
3.253076598048210144e-02
3.249067068099975586e-02
3.245257586240768433e-02
3.241632878780364990e-02
3.238392993807792664e-02
3.235607966780662537e-02
3.233318403363227844e-02
3.231163695454597473e-02
3.229141607880592346e-02
3.227140381932258606e-02
3.225154802203178406e-02
3.223131224513053894e-02
3.220080211758613586e-02
3.216861188411712646e-02
3.214287385344505310e-02
3.212088719010353088e-02
3.210048750042915344e-02
3.208084404468536377e-02
3.206347301602363586e-02
3.204058483242988586e-02
3.201478719711303711e-02
3.199297189712524414e-02
3.197099268436431885e-02
3.194640949368476868e-02
3.192120790481567383e-02
3.189085423946380615e-02
3.185944259166717529e-02
3.183001652359962463e-02
3.180198371410369873e-02
3.177641704678535461e-02
3.175335749983787537e-02
3.173161670565605164e-02
3.171043097972869873e-02
3.169065713882446289e-02
3.167252242565155029e-02
3.165239468216896057e-02
3.163242712616920471e-02
3.160591423511505127e-02
3.158086538314819336e-02
3.155493736267089844e-02
3.152655065059661865e-02
3.150444477796554565e-02
3.148168697953224182e-02
3.146456554532051086e-02
3.143902122974395752e-02
3.140645846724510193e-02
3.137487173080444336e-02
3.134078159928321838e-02
3.130821883678436279e-02
3.127975761890411377e-02
3.125405684113502502e-02
3.122920542955398560e-02
3.120823577046394348e-02
3.118781559169292450e-02
3.117103129625320435e-02
3.115105070173740387e-02
3.112340345978736877e-02
3.109907545149326324e-02
3.107047826051712036e-02
3.104711137712001801e-02
3.102774545550346375e-02
3.101061470806598663e-02
3.099517337977886200e-02
3.097323328256607056e-02
3.094696626067161560e-02
3.091996721923351288e-02
3.089217655360698700e-02
3.086686879396438599e-02
3.084468469023704529e-02
3.082681261003017426e-02
3.080824762582778931e-02
3.078843466937541962e-02
3.076744265854358673e-02
3.074093535542488098e-02
3.071494027972221375e-02
3.068928793072700500e-02
3.066424652934074402e-02
3.063984587788581848e-02
3.061680868268013000e-02
3.059291467070579529e-02
3.056788630783557892e-02
3.054451756179332733e-02
3.052324801683425903e-02
3.050142899155616760e-02
3.048154152929782867e-02
3.046055883169174194e-02
3.044014051556587219e-02
3.042010217905044556e-02
3.040048107504844666e-02
3.038025088608264923e-02
3.035927191376686096e-02
3.034210391342639923e-02
3.032304160296916962e-02
3.030491061508655548e-02
3.028767928481101990e-02
3.027348592877388000e-02
3.026199154555797577e-02
3.024767525494098663e-02
3.022408299148082733e-02
3.019548766314983368e-02
3.016753122210502625e-02
3.014207072556018829e-02
3.011703304946422577e-02
3.009394183754920959e-02
3.007411770522594452e-02
3.005509451031684875e-02
3.004079125821590424e-02
3.003024682402610779e-02
3.001332469284534454e-02
2.999590523540973663e-02
2.997880056500434875e-02
2.996274456381797791e-02
2.994995005428791046e-02
2.994066849350929260e-02
2.993318066000938416e-02
2.992701157927513123e-02
2.991296164691448212e-02
2.989698946475982666e-02
2.987455949187278748e-02
2.985215559601783752e-02
2.982826530933380127e-02
2.979850582778453827e-02
2.977156266570091248e-02
2.973747067153453827e-02
2.970795892179012299e-02
2.967955172061920166e-02
2.965334057807922363e-02
2.963156253099441528e-02
2.960853092372417450e-02
2.958588860929012299e-02
2.956466376781463623e-02
2.954311855137348175e-02
2.952390164136886597e-02
2.950594015419483185e-02
2.948946505784988403e-02
2.946955524384975433e-02
2.944947779178619385e-02
2.943128906190395355e-02
2.941412664949893951e-02
2.939625456929206848e-02
2.938053943216800690e-02
2.936273254454135895e-02
2.934460900723934174e-02
2.932459674775600433e-02
2.930265851318836212e-02
2.928427979350090027e-02
2.926724962890148163e-02
2.924914099276065826e-02
2.922987379133701324e-02
2.921078540384769440e-02
2.918890863656997681e-02
2.917028404772281647e-02
2.915572933852672577e-02
2.914121747016906738e-02
2.912516333162784576e-02
2.910899557173252106e-02
2.908967807888984680e-02
2.906710468232631683e-02
2.904980815947055817e-02
2.902960032224655151e-02
2.901356853544712067e-02
2.899741940200328827e-02
2.898142300546169281e-02
2.896404638886451721e-02
2.894777618348598480e-02
2.892882190644741058e-02
2.891354821622371674e-02
2.889539487659931183e-02
2.887608855962753296e-02
2.885266579687595367e-02
2.883236855268478394e-02
2.881050482392311096e-02
2.878767624497413635e-02
2.876397408545017242e-02
2.874203771352767944e-02
2.872063964605331421e-02
2.870171517133712769e-02
2.868249639868736267e-02
2.866247668862342834e-02
2.864164486527442932e-02
2.862070314586162567e-02
2.860333956778049469e-02
2.858708053827285767e-02
2.857277356088161469e-02
2.855894900858402252e-02
2.854442782700061798e-02
2.853395231068134308e-02
2.851874381303787231e-02
2.849870175123214722e-02
2.847556024789810181e-02
2.845197170972824097e-02
2.842427976429462433e-02
2.840138785541057587e-02
2.838590182363986969e-02
2.837637625634670258e-02
2.836774289608001709e-02
2.835941500961780548e-02
2.834505215287208557e-02
2.833749167621135712e-02
2.832882665097713470e-02
2.831273898482322693e-02
2.829858474433422089e-02
2.827935665845870972e-02
2.825568243861198425e-02
2.822874672710895538e-02
2.820852771401405334e-02
2.819612622261047363e-02
2.818208560347557068e-02
2.816106565296649933e-02
2.814367786049842834e-02
2.812283486127853394e-02
2.809812314808368683e-02
2.807499840855598450e-02
2.804968692362308502e-02
2.802774310111999512e-02
2.800723910331726074e-02
2.798264473676681519e-02
2.796076424419879913e-02
2.794271335005760193e-02
2.792547643184661865e-02
2.790832147002220154e-02
2.788993343710899353e-02
2.787230908870697021e-02
2.785684354603290558e-02
2.783869393169879913e-02
2.782154269516468048e-02
2.780818752944469452e-02
2.779885940253734589e-02
2.778604440391063690e-02
2.776909433305263519e-02
2.774517983198165894e-02
2.772161550819873810e-02
2.769845165312290192e-02
2.767564170062541962e-02
2.765940316021442413e-02
2.764865569770336151e-02
2.764055132865905762e-02
2.763085812330245972e-02
2.761077508330345154e-02
2.758672647178173065e-02
2.756954729557037354e-02
2.755805477499961853e-02
2.755047380924224854e-02
2.753952518105506897e-02
2.752754651010036469e-02
2.751731686294078827e-02
2.750300802290439606e-02
2.748673409223556519e-02
2.746588923037052155e-02
2.744366228580474854e-02
2.741976827383041382e-02
2.739880234003067017e-02
2.737405337393283844e-02
2.735015191137790680e-02
2.732686325907707214e-02
2.730681933462619781e-02
2.728741243481636047e-02
2.726867608726024628e-02
2.725096978247165680e-02
2.723379805684089661e-02
2.721950970590114594e-02
2.720839902758598328e-02
2.719299867749214172e-02
2.717966027557849884e-02
2.716833166778087616e-02
2.715471014380455017e-02
2.713584341108798981e-02
2.711778692901134491e-02
2.710077539086341858e-02
2.708599343895912170e-02
2.707290835678577423e-02
2.705676108598709106e-02
2.703926339745521545e-02
2.702230401337146759e-02
2.700496651232242584e-02
2.698892541229724884e-02
2.697489038109779358e-02
2.695943601429462433e-02
2.694414556026458740e-02
2.692677825689315796e-02
2.690909244120121002e-02
2.689545229077339172e-02
2.688406594097614288e-02
2.686955966055393219e-02
2.685138396918773651e-02
2.683256752789020538e-02
2.680990658700466156e-02
2.678707428276538849e-02
2.676794491708278656e-02
2.675151452422142029e-02
2.673647552728652954e-02
2.672262489795684814e-02
2.670932561159133911e-02
2.669643610715866089e-02
2.668498829007148743e-02
2.667786553502082825e-02
2.667337656021118164e-02
2.666849456727504730e-02
2.666692249476909637e-02
2.666570618748664856e-02
2.665828727185726166e-02
2.665042318403720856e-02
2.663633972406387329e-02
2.661771699786186218e-02
2.660078182816505432e-02
2.658938802778720856e-02
2.658243477344512939e-02
2.657508663833141327e-02
2.656547911465167999e-02
2.655006386339664459e-02
2.652864530682563782e-02
2.650232240557670593e-02
2.647466585040092468e-02
2.645420283079147339e-02
2.643995173275470734e-02
2.642890438437461853e-02
2.641987241804599762e-02
2.641589380800724030e-02
2.640887536108493805e-02
2.640085294842720032e-02
2.638817019760608673e-02
2.637649327516555786e-02
2.636331692337989807e-02
2.634591795504093170e-02
2.632516622543334961e-02
2.630899660289287567e-02
2.629537135362625122e-02
2.628326602280139923e-02
2.627847902476787567e-02
2.626897767186164856e-02
2.625391818583011627e-02
2.623844332993030548e-02
2.621679566800594330e-02
2.619677037000656128e-02
2.617740817368030548e-02
2.616119571030139923e-02
2.614426054060459137e-02
2.612568438053131104e-02
2.610880136489868164e-02
2.609275281429290771e-02
2.607800066471099854e-02
2.606296353042125702e-02
2.604743279516696930e-02
2.602869272232055664e-02
2.601049654185771942e-02
2.599453553557395935e-02
2.598100900650024414e-02
2.596949972212314606e-02
2.596187032759189606e-02
2.595161087810993195e-02
2.594022266566753387e-02
2.592541091144084930e-02
2.590848505496978760e-02
2.589102834463119507e-02
2.587441913783550262e-02
2.586054801940917969e-02
2.584648318588733673e-02
2.583224698901176453e-02
2.581971697509288788e-02
2.580921538174152374e-02
2.579909004271030426e-02
2.579219639301300049e-02
2.578933164477348328e-02
2.578920125961303711e-02
2.578617259860038757e-02
2.578282169997692108e-02
2.577562630176544189e-02
2.576321735978126526e-02
2.574848942458629608e-02
2.573132328689098358e-02
2.571017853915691376e-02
2.568841166794300079e-02
2.566786482930183411e-02
2.564613893628120422e-02
2.561973407864570618e-02
2.559823170304298401e-02
2.557939477264881134e-02
2.556236088275909424e-02
2.554607763886451721e-02
2.553087286651134491e-02
2.551651187241077423e-02
2.550403773784637451e-02
2.549294941127300262e-02
2.548123896121978760e-02
2.546590380370616913e-02
2.544952742755413055e-02
2.543572895228862762e-02
2.542679384350776672e-02
2.541513554751873016e-02
2.540309540927410126e-02
2.539247088134288788e-02
2.538013830780982971e-02
2.536706998944282532e-02
2.535342983901500702e-02
2.534192614257335663e-02
2.533346228301525116e-02
2.532671019434928894e-02
2.532106451690196991e-02
2.531122975051403046e-02
2.529819123446941376e-02
2.528482489287853241e-02
2.527141757309436798e-02
2.525782398879528046e-02
2.524566836655139923e-02
2.523511834442615509e-02
2.522062510251998901e-02
2.520267479121685028e-02
2.518438920378684998e-02
2.516643889248371124e-02
2.514957450330257416e-02
2.513438835740089417e-02
2.511889114975929260e-02
2.510422095656394958e-02
2.508925832808017731e-02
2.507503516972064972e-02
2.506351284682750702e-02
2.505230344831943512e-02
2.504055015742778778e-02
2.502733655273914337e-02
2.501458674669265747e-02
2.500181272625923157e-02
2.498942986130714417e-02
2.497739158570766449e-02
2.496153302490711212e-02
2.494432404637336731e-02
2.492801658809185028e-02
2.491163462400436401e-02
2.489734441041946411e-02
2.488541230559349060e-02
2.487827092409133911e-02
2.487188950181007385e-02
2.486032061278820038e-02
2.485155127942562103e-02
2.483272738754749298e-02
2.481554076075553894e-02
2.480340749025344849e-02
2.479551732540130615e-02
2.479077875614166260e-02
2.478694543242454529e-02
2.478319406509399414e-02
2.477455697953701019e-02
2.476906031370162964e-02
2.475576847791671753e-02
2.473830617964267731e-02
2.472566626965999603e-02
2.471476420760154724e-02
2.470781281590461731e-02
2.470398135483264923e-02
2.469547279179096222e-02
2.467910759150981903e-02
2.465909346938133240e-02
2.463620528578758240e-02
2.461140044033527374e-02
2.458959817886352539e-02
2.457451447844505310e-02
2.456285431981086731e-02
2.455037459731101990e-02
2.453803643584251404e-02
2.452533319592475891e-02
2.451230958104133606e-02
2.450014464557170868e-02
2.448742091655731201e-02
2.447478659451007843e-02
2.446268126368522644e-02
2.445219084620475769e-02
2.444237470626831055e-02
2.443379536271095276e-02
2.442739531397819519e-02
2.442366071045398712e-02
2.442453801631927490e-02
2.442240715026855469e-02
2.442044392228126526e-02
2.441285550594329834e-02
2.440077438950538635e-02
2.437973394989967346e-02
2.435868605971336365e-02
2.433965913951396942e-02
2.432377450168132782e-02
2.430818602442741394e-02
2.429222874343395233e-02
2.427965402603149414e-02
2.426267974078655243e-02
2.424938604235649109e-02
2.423603646457195282e-02
2.422521635890007019e-02
2.421466633677482605e-02
2.420425228774547577e-02
2.419446595013141632e-02
2.418525889515876770e-02
2.417819388210773468e-02
2.416962198913097382e-02
2.416237071156501770e-02
2.415593154728412628e-02
2.415210194885730743e-02
2.414607815444469452e-02
2.413946576416492462e-02
2.413178049027919769e-02
2.412122488021850586e-02
2.411049231886863708e-02
2.410314604640007019e-02
2.409619092941284180e-02
2.408601343631744385e-02
2.407575026154518127e-02
2.406055107712745667e-02
2.404213510453701019e-02
2.402335591614246368e-02
2.400777861475944519e-02
2.399285137653350830e-02
2.398274652659893036e-02
2.397697977721691132e-02
2.397440187633037567e-02
2.396131120622158051e-02
2.394938282668590546e-02
2.393842302262783051e-02
2.392935566604137421e-02
2.391751296818256378e-02
2.390386350452899933e-02
2.389151044189929962e-02
2.388071827590465546e-02
2.387016452848911285e-02
2.386092767119407654e-02
2.385425195097923279e-02
2.385210804641246796e-02
2.385999821126461029e-02
2.387166209518909454e-02
2.389043383300304413e-02
2.390376850962638855e-02
2.390549518167972565e-02
2.389075420796871185e-02
2.386257983744144440e-02
2.382176928222179413e-02
2.377955429255962372e-02
2.374555356800556183e-02
2.372067607939243317e-02
2.370268292725086212e-02
2.369117178022861481e-02
2.367774955928325653e-02
2.366612479090690613e-02
2.365591004490852356e-02
2.364475466310977936e-02
2.363515831530094147e-02
2.362625114619731903e-02
2.361648343503475189e-02
2.360717393457889557e-02
2.359555289149284363e-02
2.357990667223930359e-02
2.356370352208614349e-02
2.355105057358741760e-02
2.354017831385135651e-02
2.352834306657314301e-02
2.351921051740646362e-02
2.350807003676891327e-02
2.349757961928844452e-02
2.348678559064865112e-02
2.347540296614170074e-02
2.346489764750003815e-02
2.345689386129379272e-02
2.345436066389083862e-02
2.344798855483531952e-02
2.343368716537952423e-02
2.342254854738712311e-02
2.340889163315296173e-02
2.339433692395687103e-02
2.338472567498683929e-02
2.337082475423812866e-02
2.335739322006702423e-02
2.334525436162948608e-02
2.333425357937812805e-02
2.332298085093498230e-02
2.331446111202239990e-02
2.330711111426353455e-02
2.330240048468112946e-02
2.329604513943195343e-02
2.328674122691154480e-02
2.327701821923255920e-02
2.326233312487602234e-02
2.324937842786312103e-02
2.323984168469905853e-02
2.322959713637828827e-02
2.322134003043174744e-02
2.321243099868297577e-02
2.320416271686553955e-02
2.319558896124362946e-02
2.318483963608741760e-02
2.317238412797451019e-02
2.316085621714591980e-02
2.314917743206024170e-02
2.313707210123538971e-02
2.312467806041240692e-02
2.311445213854312897e-02
2.310976572334766388e-02
2.310249209403991699e-02
2.310187369585037231e-02
2.309324406087398529e-02
2.308870665729045868e-02
2.308080904185771942e-02
2.307102642953395844e-02
2.305920049548149109e-02
2.304908633232116699e-02
2.303853444755077362e-02
2.302959561347961426e-02
2.301946096122264862e-02
2.300993911921977997e-02
2.299621328711509705e-02
2.298226952552795410e-02
2.297218516469001770e-02
2.296255342662334442e-02
2.295009046792984009e-02
2.293230593204498291e-02
2.291878312826156616e-02
2.291012369096279144e-02
2.290470898151397705e-02
2.290352433919906616e-02
2.290280535817146301e-02
2.288525737822055817e-02
2.286624722182750702e-02
2.284654974937438965e-02
2.283452637493610382e-02
2.282747812569141388e-02
2.282903529703617096e-02
2.283732593059539795e-02
2.284209057688713074e-02
2.282740361988544464e-02
2.280680835247039795e-02
2.278708852827548981e-02
2.277381159365177155e-02
2.276994846761226654e-02
2.277749404311180115e-02
2.277539670467376709e-02
2.276482991874217987e-02
2.274348028004169464e-02
2.271906845271587372e-02
2.269842289388179779e-02
2.268409915268421173e-02
2.267934568226337433e-02
2.267394214868545532e-02
2.266661077737808228e-02
2.265198901295661926e-02
2.263674885034561157e-02
2.262465283274650574e-02
2.261951565742492676e-02
2.262113802134990692e-02
2.261861041188240051e-02
2.260597608983516693e-02
2.259032055735588074e-02
2.257537655532360077e-02
2.256522513926029205e-02
2.255369722843170166e-02
2.254365198314189911e-02
2.253373526036739349e-02
2.252665720880031586e-02
2.251783944666385651e-02
2.251086570322513580e-02
2.250035665929317474e-02
2.248885296285152435e-02
2.248278819024562836e-02
2.248384617269039154e-02
2.249425090849399567e-02
2.250669337809085846e-02
2.250991202890872955e-02
2.250638045370578766e-02
2.248980291187763214e-02
2.245625108480453491e-02
2.242366410791873932e-02
2.240569330751895905e-02
2.239610813558101654e-02
2.238908782601356506e-02
2.238152362406253815e-02
2.237417362630367279e-02
2.236454747617244720e-02
2.235100977122783661e-02
2.233626320958137512e-02
2.232614904642105103e-02
2.231911197304725647e-02
2.231312356889247894e-02
2.230826392769813538e-02
2.229594998061656952e-02
2.228382602334022522e-02
2.227141335606575012e-02
2.225806564092636108e-02
2.224547415971755981e-02
2.223389409482479095e-02
2.222251333296298981e-02
2.221134863793849945e-02
2.220091037452220917e-02
2.219191566109657288e-02
2.218660153448581696e-02
2.218532748520374298e-02
2.218428999185562134e-02
2.217865549027919769e-02
2.217205427587032318e-02
2.216807380318641663e-02
2.215680107474327087e-02
2.213580347597599030e-02
2.211449109017848969e-02
2.209820225834846497e-02
2.208581939339637756e-02
2.207955345511436462e-02
2.206994779407978058e-02
2.205684222280979156e-02
2.204514108598232269e-02
2.203341573476791382e-02
2.202729135751724243e-02
2.202919870615005493e-02
