2.418034934997558594e+01
1.881703758239746094e+01
1.398824501037597656e+01
9.608565330505371094e+00
6.249328613281250000e+00
3.656648159027099609e+00
2.110836982727050781e+00
1.445978760719299316e+00
1.285664200782775879e+00
1.282775759696960449e+00
1.305396318435668945e+00
1.328730583190917969e+00
1.356039762496948242e+00
1.394370436668395996e+00
1.450178861618041992e+00
1.513957381248474121e+00
1.585190057754516602e+00
1.654131770133972168e+00
1.709852695465087891e+00
1.745713829994201660e+00
1.757752418518066406e+00
1.749141097068786621e+00
1.718976020812988281e+00
1.678696870803833008e+00
1.627803683280944824e+00
1.570392489433288574e+00
1.513856172561645508e+00
1.457331180572509766e+00
1.404218912124633789e+00
1.353154182434082031e+00
1.308148264884948730e+00
1.267213106155395508e+00
1.230677008628845215e+00
1.196508646011352539e+00
1.165288329124450684e+00
1.136957645416259766e+00
1.111334681510925293e+00
1.087429285049438477e+00
1.064208865165710449e+00
1.041345119476318359e+00
1.018683910369873047e+00
9.959430098533630371e-01
9.732422232627868652e-01
9.504699110984802246e-01
9.279544949531555176e-01
9.053734540939331055e-01
8.827497363090515137e-01
8.600699305534362793e-01
8.379303216934204102e-01
8.162860274314880371e-01
7.949529886245727539e-01
7.743224501609802246e-01
7.543940544128417969e-01
7.352315187454223633e-01
7.166770100593566895e-01
6.990265250205993652e-01
6.828612685203552246e-01
6.671442389488220215e-01
6.528833508491516113e-01
6.399261355400085449e-01
6.285915374755859375e-01
6.187773942947387695e-01
6.103641390800476074e-01
6.032531261444091797e-01
5.977347493171691895e-01
5.933557748794555664e-01
5.909322500228881836e-01
5.908477306365966797e-01
5.922820568084716797e-01
5.940864682197570801e-01
5.960396528244018555e-01
5.976744890213012695e-01
5.987541079521179199e-01
5.991820693016052246e-01
5.990568399429321289e-01
5.983549356460571289e-01
5.965883135795593262e-01
5.941641926765441895e-01
5.911586880683898926e-01
5.876286029815673828e-01
5.839200615882873535e-01
5.799863338470458984e-01
5.761852264404296875e-01
5.725070238113403320e-01
5.688302516937255859e-01
5.653074383735656738e-01
5.619193315505981445e-01
5.588047504425048828e-01
5.557390451431274414e-01
5.531005859375000000e-01
5.506151914596557617e-01
5.483737587928771973e-01
5.463392138481140137e-01
5.444777011871337891e-01
5.427354574203491211e-01
5.410605669021606445e-01
5.394709706306457520e-01
5.378722548484802246e-01
5.362432599067687988e-01
5.346032977104187012e-01
5.329479575157165527e-01
5.314062237739562988e-01
5.299108624458312988e-01
5.284430980682373047e-01
5.270387530326843262e-01
5.256226658821105957e-01
5.242189168930053711e-01
5.228122472763061523e-01
5.214242339134216309e-01
5.200615525245666504e-01
5.187539458274841309e-01
5.175163745880126953e-01
5.162621736526489258e-01
5.150003433227539062e-01
5.137021541595458984e-01
5.124809741973876953e-01
5.113515853881835938e-01
5.102269649505615234e-01
5.091216564178466797e-01
5.080451369285583496e-01
5.068366527557373047e-01
5.055115818977355957e-01
5.040922760963439941e-01
5.027458071708679199e-01
5.013121962547302246e-01
4.998026192188262939e-01
4.982024133205413818e-01
4.965667128562927246e-01
4.949808418750762939e-01
4.933931827545166016e-01
4.918975532054901123e-01
4.904290139675140381e-01
4.889679551124572754e-01
4.875671267509460449e-01
4.861603081226348877e-01
4.848055243492126465e-01
4.834715127944946289e-01
4.821746349334716797e-01
4.808840453624725342e-01
4.795646667480468750e-01
4.782592952251434326e-01
4.769631326198577881e-01
4.757041633129119873e-01
4.744254648685455322e-01
4.731559157371520996e-01
4.718933403491973877e-01
4.706299304962158203e-01
4.694211781024932861e-01
4.682345986366271973e-01
4.670681655406951904e-01
4.659007191658020020e-01
4.647482335567474365e-01
4.635772407054901123e-01
4.623415172100067139e-01
4.611661732196807861e-01
4.599764049053192139e-01
4.588205218315124512e-01
4.576266109943389893e-01
4.564474225044250488e-01
4.552499949932098389e-01
4.541005492210388184e-01
4.529307186603546143e-01
4.517363607883453369e-01
4.505909383296966553e-01
4.494748115539550781e-01
4.483380615711212158e-01
4.472384154796600342e-01
4.461201131343841553e-01
4.449732303619384766e-01
4.438434839248657227e-01
4.427327215671539307e-01
4.416384696960449219e-01
4.405516982078552246e-01
4.394228756427764893e-01
4.382934868335723877e-01
4.371914565563201904e-01
4.361105859279632568e-01
4.350325763225555420e-01
4.339599311351776123e-01
4.328952431678771973e-01
4.318279623985290527e-01
4.307743012905120850e-01
4.297369122505187988e-01
4.287000000476837158e-01
4.276850819587707520e-01
4.266812205314636230e-01
4.257003664970397949e-01
4.247166514396667480e-01
4.237104058265686035e-01
4.226874411106109619e-01
4.216648638248443604e-01
4.206545352935791016e-01
4.196742177009582520e-01
4.187023341655731201e-01
4.177084267139434814e-01
4.167058467864990234e-01
4.157365858554840088e-01
4.147682189941406250e-01
4.138031899929046631e-01
4.128312170505523682e-01
4.118663668632507324e-01
4.109179973602294922e-01
4.099579155445098877e-01
4.089777171611785889e-01
4.080058932304382324e-01
4.070550501346588135e-01
4.061172604560852051e-01
4.051867127418518066e-01
4.042508602142333984e-01
4.033164381980895996e-01
4.023894369602203369e-01
4.014702737331390381e-01
4.005739688873291016e-01
3.996621072292327881e-01
3.987625837326049805e-01
3.978566825389862061e-01
3.969419002532958984e-01
3.960153460502624512e-01
3.950909078121185303e-01
3.941765129566192627e-01
3.932541906833648682e-01
3.923386633396148682e-01
3.914327323436737061e-01
3.905296921730041504e-01
3.896321952342987061e-01
3.887434005737304688e-01
3.878619670867919922e-01
3.869779109954833984e-01
3.861132264137268066e-01
3.852730393409729004e-01
3.844401836395263672e-01
3.836019039154052734e-01
3.827668130397796631e-01
3.819386065006256104e-01
3.811025321483612061e-01
3.802784979343414307e-01
3.794552385807037354e-01
3.786365091800689697e-01
3.778267502784729004e-01
3.770090341567993164e-01
3.761862218379974365e-01
3.753659129142761230e-01
3.745564222335815430e-01
3.737598657608032227e-01
3.729501068592071533e-01
3.721325993537902832e-01
3.713177144527435303e-01
3.705191612243652344e-01
3.697344064712524414e-01
3.689574897289276123e-01
3.681782484054565430e-01
3.673971295356750488e-01
3.666424751281738281e-01
3.658739030361175537e-01
3.651163280010223389e-01
3.643493354320526123e-01
3.635860979557037354e-01
3.628181815147399902e-01
3.620297610759735107e-01
3.612409532070159912e-01
3.604779541492462158e-01
3.597150743007659912e-01
3.589488565921783447e-01
3.581989705562591553e-01
3.574368059635162354e-01
3.566744625568389893e-01
3.559112250804901123e-01
3.551649451255798340e-01
3.544312417507171631e-01
3.536974191665649414e-01
3.529663980007171631e-01
3.522488772869110107e-01
3.515306413173675537e-01
3.508136868476867676e-01
3.500973880290985107e-01
3.493902683258056641e-01
3.486678302288055420e-01
3.479419648647308350e-01
3.472192883491516113e-01
3.464968800544738770e-01
3.457737863063812256e-01
3.450483381748199463e-01
3.443354070186614990e-01
3.436377942562103271e-01
3.429521918296813965e-01
3.422642350196838379e-01
3.415726125240325928e-01
3.408562839031219482e-01
3.401688337326049805e-01
3.394626379013061523e-01
3.387607336044311523e-01
3.380723595619201660e-01
3.373882770538330078e-01
3.367157876491546631e-01
3.360396623611450195e-01
3.353623747825622559e-01
3.346920311450958252e-01
3.340301215648651123e-01
3.333632349967956543e-01
3.326888382434844971e-01
3.320309519767761230e-01
3.313798308372497559e-01
3.307328522205352783e-01
3.300878405570983887e-01
3.294465839862823486e-01
3.287963569164276123e-01
3.281707465648651123e-01
3.275511264801025391e-01
3.269198536872863770e-01
3.262936472892761230e-01
3.257126212120056152e-01
3.251285851001739502e-01
3.245451152324676514e-01
3.239604830741882324e-01
3.233657479286193848e-01
3.227832019329071045e-01
3.222033679485321045e-01
3.216247260570526123e-01
3.210450112819671631e-01
3.204697072505950928e-01
3.198912739753723145e-01
3.193264305591583252e-01
3.187816441059112549e-01
3.182278275489807129e-01
3.176513612270355225e-01
3.170474767684936523e-01
3.164415061473846436e-01
3.158158361911773682e-01
3.151902258396148682e-01
3.145739436149597168e-01
3.139739036560058594e-01
3.133697211742401123e-01
3.127544224262237549e-01
3.121478557586669922e-01
3.115707039833068848e-01
3.110195696353912354e-01
3.104706704616546631e-01
3.099164366722106934e-01
3.093704581260681152e-01
3.088167011737823486e-01
3.082529902458190918e-01
3.076692521572113037e-01
3.070768117904663086e-01
3.064942955970764160e-01
3.059221506118774414e-01
3.053437471389770508e-01
3.047699034214019775e-01
3.041900098323822021e-01
3.036028742790222168e-01
3.030239641666412354e-01
3.024445474147796631e-01
3.018814921379089355e-01
3.013149201869964600e-01
3.007504343986511230e-01
3.001874089241027832e-01
2.996352314949035645e-01
2.990978658199310303e-01
2.985583841800689697e-01
2.980090677738189697e-01
2.974498867988586426e-01
2.969068586826324463e-01
2.963698804378509521e-01
2.958369851112365723e-01
2.953046560287475586e-01
2.947782278060913086e-01
2.942453920841217041e-01
2.937074899673461914e-01
2.931657731533050537e-01
2.926267683506011963e-01
2.920900285243988037e-01
2.915509641170501709e-01
2.910069525241851807e-01
2.904664278030395508e-01
2.899306118488311768e-01
2.893968224525451660e-01
2.888641357421875000e-01
2.883470058441162109e-01
2.878502905368804932e-01
2.873700857162475586e-01
2.869165241718292236e-01
2.864599525928497314e-01
2.859937846660614014e-01
2.855377197265625000e-01
2.850559651851654053e-01
2.845862209796905518e-01
2.840868234634399414e-01
2.835456728935241699e-01
2.830051779747009277e-01
2.824654877185821533e-01
2.819297313690185547e-01
2.813719809055328369e-01
2.808175086975097656e-01
2.803055942058563232e-01
2.798003852367401123e-01
2.793025076389312744e-01
2.788386642932891846e-01
2.784048914909362793e-01
2.779693305492401123e-01
2.775435149669647217e-01
2.771135270595550537e-01
2.766720354557037354e-01
2.762467861175537109e-01
2.758236229419708252e-01
2.753849923610687256e-01
2.749620079994201660e-01
2.745428979396820068e-01
2.741142213344573975e-01
2.736883461475372314e-01
2.732445895671844482e-01
2.727813422679901123e-01
2.723290026187896729e-01
2.718654870986938477e-01
2.713996469974517822e-01
2.709142863750457764e-01
2.704387307167053223e-01
2.699487805366516113e-01
2.694316804409027100e-01
2.689306139945983887e-01
2.684309184551239014e-01
2.679221630096435547e-01
2.674545645713806152e-01
2.669982016086578369e-01
2.665408849716186523e-01
2.660674750804901123e-01
2.655962705612182617e-01
2.651384770870208740e-01
2.647303640842437744e-01
2.643279731273651123e-01
2.639257311820983887e-01
2.635349929332733154e-01
2.631457746028900146e-01
2.627559006214141846e-01
2.623734474182128906e-01
2.619859576225280762e-01
2.616105377674102783e-01
2.612170577049255371e-01
2.608412206172943115e-01
2.604679763317108154e-01
2.600938081741333008e-01
2.596949934959411621e-01
2.592702507972717285e-01
2.588363587856292725e-01
2.584210932254791260e-01
2.579937279224395752e-01
2.575683593750000000e-01
2.571506202220916748e-01
2.567539513111114502e-01
2.563548982143402100e-01
2.559586763381958008e-01
2.555909156799316406e-01
2.552323341369628906e-01
2.548674345016479492e-01
2.545071840286254883e-01
2.541141510009765625e-01
2.537540197372436523e-01
2.533799111843109131e-01
2.530041635036468506e-01
2.526096999645233154e-01
2.522044181823730469e-01
2.517913281917572021e-01
2.513732612133026123e-01
2.509465217590332031e-01
2.505264580249786377e-01
2.501225471496582031e-01
2.497177273035049438e-01
2.493229359388351440e-01
2.489247471094131470e-01
2.485423982143402100e-01
2.481750696897506714e-01
2.478023469448089600e-01
2.474207729101181030e-01
2.470703274011611938e-01
2.467342168092727661e-01
2.463841587305068970e-01
2.460116893053054810e-01
2.456363737583160400e-01
2.452758252620697021e-01
2.449171990156173706e-01
2.445526272058486938e-01
2.442015409469604492e-01
2.438487112522125244e-01
2.434916198253631592e-01
2.431736886501312256e-01
2.429051697254180908e-01
2.426284849643707275e-01
2.423319816589355469e-01
2.420180141925811768e-01
2.417068183422088623e-01
2.413711249828338623e-01
2.410029321908950806e-01
2.406391352415084839e-01
2.402415126562118530e-01
2.398127615451812744e-01
2.393717616796493530e-01
2.389454245567321777e-01
2.384877502918243408e-01
2.380543798208236694e-01
2.376387268304824829e-01
2.372588813304901123e-01
2.368830442428588867e-01
2.365193814039230347e-01
2.361679226160049438e-01
2.358190119266510010e-01
2.354981005191802979e-01
2.351917475461959839e-01
2.349014133214950562e-01
2.346496731042861938e-01
2.343751043081283569e-01
2.340561300516128540e-01
2.336867451667785645e-01
2.333201617002487183e-01
2.329314798116683960e-01
2.325422465801239014e-01
2.322002053260803223e-01
2.318725287914276123e-01
2.315445393323898315e-01
2.312107980251312256e-01
2.309057116508483887e-01
2.306197136640548706e-01
2.303298115730285645e-01
2.300432026386260986e-01
2.297689318656921387e-01
2.294921725988388062e-01
2.292006611824035645e-01
2.288972288370132446e-01
2.285843938589096069e-01
2.282720208168029785e-01
2.279526889324188232e-01
2.276529669761657715e-01
2.273564785718917847e-01
2.270507514476776123e-01
2.267307639122009277e-01
2.263814359903335571e-01
2.260305732488632202e-01
2.256906181573867798e-01
2.253264039754867554e-01
2.249699831008911133e-01
2.246393412351608276e-01
2.243063300848007202e-01
2.239762693643569946e-01
2.236398905515670776e-01
2.233051806688308716e-01
2.229838669300079346e-01
2.226716428995132446e-01
2.223608493804931641e-01
2.220530956983566284e-01
2.217555195093154907e-01
2.214660197496414185e-01
2.211833149194717407e-01
2.208939939737319946e-01
2.206095010042190552e-01
2.203391492366790771e-01
2.200475335121154785e-01
2.197342067956924438e-01
2.194234728813171387e-01
2.191141098737716675e-01
2.188050895929336548e-01
2.184910327196121216e-01
2.181760966777801514e-01
2.178578972816467285e-01
2.175500839948654175e-01
2.172475457191467285e-01
2.169364094734191895e-01
2.166383564472198486e-01
2.163449227809906006e-01
2.160550057888031006e-01
2.157650738954544067e-01
2.154693454504013062e-01
2.151951342821121216e-01
2.149276882410049438e-01
2.146530002355575562e-01
2.143712937831878662e-01
2.141135782003402710e-01
2.138464599847793579e-01
2.135843634605407715e-01
2.133161127567291260e-01
2.130563110113143921e-01
2.127990871667861938e-01
2.125343382358551025e-01
2.122574001550674438e-01
2.119576930999755859e-01
2.116542160511016846e-01
2.113741338253021240e-01
2.110823243856430054e-01
2.107906639575958252e-01
2.104950100183486938e-01
2.102127224206924438e-01
2.099455595016479492e-01
2.096809446811676025e-01
2.094196975231170654e-01
2.091617137193679810e-01
2.088846117258071899e-01
2.086180299520492554e-01
2.083510011434555054e-01
2.080782800912857056e-01
2.078094333410263062e-01
2.075348347425460815e-01
2.072824537754058838e-01
2.070384174585342407e-01
2.067869603633880615e-01
2.065435349941253662e-01
2.063082456588745117e-01
2.060771137475967407e-01
2.058869600296020508e-01
2.057107686996459961e-01
2.055153697729110718e-01
2.052693217992782593e-01
2.050113826990127563e-01
2.047042995691299438e-01
2.043608427047729492e-01
2.040463238954544067e-01
2.037716954946517944e-01
2.034888118505477905e-01
2.032014131546020508e-01
2.029184401035308838e-01
2.026419490575790405e-01
2.023907601833343506e-01
2.021502852439880371e-01
2.019267231225967407e-01
2.017057836055755615e-01
2.014776468276977539e-01
2.012500017881393433e-01
2.010197937488555908e-01
2.007880061864852905e-01
2.005621194839477539e-01
2.003478556871414185e-01
2.001576572656631470e-01
1.999639868736267090e-01
1.997661143541336060e-01
1.995640546083450317e-01
1.993542313575744629e-01
1.991582959890365601e-01
1.989598572254180908e-01
1.987513899803161621e-01
1.985268145799636841e-01
1.982980221509933472e-01
1.980767697095870972e-01
1.978531330823898315e-01
1.976324319839477539e-01
1.974104344844818115e-01
1.971970796585083008e-01
1.969980895519256592e-01
1.967792361974716187e-01
1.965540796518325806e-01
1.963347047567367554e-01
1.961140781641006470e-01
1.959176808595657349e-01
1.957372725009918213e-01
1.955236345529556274e-01
1.952952146530151367e-01
1.950632333755493164e-01
1.948323547840118408e-01
1.945958286523818970e-01
1.943594515323638916e-01
1.941274702548980713e-01
1.939010769128799438e-01
1.936727762222290039e-01
1.934587210416793823e-01
1.932430267333984375e-01
1.930261999368667603e-01
1.928049474954605103e-01
1.925970762968063354e-01
1.923974305391311646e-01
1.922017633914947510e-01
1.920064687728881836e-01
1.918206661939620972e-01
1.916249692440032959e-01
1.914297789335250854e-01
1.912409514188766479e-01
1.910610049962997437e-01
1.908874511718750000e-01
1.907248198986053467e-01
1.905517727136611938e-01
1.903686970472335815e-01
1.901650726795196533e-01
1.899738609790802002e-01
1.897943913936614990e-01
1.896208226680755615e-01
1.894378513097763062e-01
1.892312318086624146e-01
1.890234500169754028e-01
1.888174563646316528e-01
1.885980218648910522e-01
1.883874535560607910e-01
1.881845742464065552e-01
1.879876405000686646e-01
1.877975612878799438e-01
1.876196265220642090e-01
1.874459385871887207e-01
1.872793585062026978e-01
1.871038079261779785e-01
1.869354695081710815e-01
1.867675334215164185e-01
1.866002678871154785e-01
1.864343434572219849e-01
1.862614303827285767e-01
1.860890984535217285e-01
1.859186291694641113e-01
1.857523620128631592e-01
1.855855584144592285e-01
1.854166686534881592e-01
1.852360516786575317e-01
1.850438714027404785e-01
1.848760247230529785e-01
1.846993863582611084e-01
1.845300346612930298e-01
1.843588352203369141e-01
1.842019855976104736e-01
1.840364187955856323e-01
1.838556677103042603e-01
1.836783438920974731e-01
1.834793239831924438e-01
1.832879036664962769e-01
1.831029653549194336e-01
1.829320043325424194e-01
1.827704012393951416e-01
1.826044768095016479e-01
1.824423819780349731e-01
1.822884827852249146e-01
1.821187287569046021e-01
1.819388419389724731e-01
1.817648261785507202e-01
1.815822720527648926e-01
1.814117282629013062e-01
1.812417507171630859e-01
1.810682862997055054e-01
1.808955967426300049e-01
1.807305514812469482e-01
1.805674135684967041e-01
1.804072260856628418e-01
1.802469938993453979e-01
1.800918728113174438e-01
1.799372285604476929e-01
1.797796040773391724e-01
1.796346157789230347e-01
1.794892996549606323e-01
1.793567687273025513e-01
1.792400777339935303e-01
1.791027486324310303e-01
1.789549440145492554e-01
1.787774264812469482e-01
1.785964518785476685e-01
1.784002184867858887e-01
1.782144755125045776e-01
1.780084669589996338e-01
1.778184622526168823e-01
1.776406317949295044e-01
1.774699538946151733e-01
1.773022413253784180e-01
1.771316677331924438e-01
1.769817769527435303e-01
1.768417805433273315e-01
1.767142415046691895e-01
1.765823811292648315e-01
1.764449626207351685e-01
1.763050854206085205e-01
1.761620342731475830e-01
1.760002970695495605e-01
1.758292764425277710e-01
1.756488233804702759e-01
1.754691302776336670e-01
1.753027141094207764e-01
1.751349866390228271e-01
1.749800145626068115e-01
1.748199611902236938e-01
1.746571063995361328e-01
1.744972765445709229e-01
1.743339449167251587e-01
1.741783767938613892e-01
1.740318685770034790e-01
1.738945096731185913e-01
1.737741380929946899e-01
1.736303269863128662e-01
1.734717935323715210e-01
1.732967346906661987e-01
1.731164753437042236e-01
1.729376018047332764e-01
1.727681905031204224e-01
1.726096868515014648e-01
1.724498569965362549e-01
1.722924858331680298e-01
1.721365600824356079e-01
1.719888895750045776e-01
1.718416959047317505e-01
1.716967225074768066e-01
1.715725064277648926e-01
1.714483052492141724e-01
1.713207662105560303e-01
1.711785644292831421e-01
1.710226535797119141e-01
1.708519458770751953e-01
1.706766337156295776e-01
1.705011576414108276e-01
1.703491359949111938e-01
1.702124923467636108e-01
1.700919121503829956e-01
1.699759960174560547e-01
1.698615550994873047e-01
1.697513163089752197e-01
1.696495264768600464e-01
1.695890128612518311e-01
1.695682108402252197e-01
1.695431023836135864e-01
1.694724261760711670e-01
1.693801730871200562e-01
1.692510545253753662e-01
1.691082715988159180e-01
1.689302325248718262e-01
1.687324047088623047e-01
1.685767471790313721e-01
1.684292256832122803e-01
1.682657003402709961e-01
1.681008040904998779e-01
1.679764240980148315e-01
1.678617596626281738e-01
1.677376329898834229e-01
1.676123738288879395e-01
1.674775481224060059e-01
1.673097163438796997e-01
1.671378612518310547e-01
1.669974327087402344e-01
1.668194830417633057e-01
1.666236221790313721e-01
1.664048731327056885e-01
1.662069559097290039e-01
1.660690158605575562e-01
1.659447550773620605e-01
1.658248454332351685e-01
1.657380461692810059e-01
1.656639724969863892e-01
1.655801534652709961e-01
1.654739379882812500e-01
1.653435379266738892e-01
1.651985794305801392e-01
1.650520563125610352e-01
1.649168133735656738e-01
1.647645533084869385e-01
1.646298766136169434e-01
1.645057052373886108e-01
1.643646806478500366e-01
1.642149388790130615e-01
1.640700846910476685e-01
1.639320999383926392e-01
1.638113409280776978e-01
1.636933386325836182e-01
1.635818630456924438e-01
1.634798347949981689e-01
1.633598953485488892e-01
1.632560491561889648e-01
1.631857305765151978e-01
1.631347090005874634e-01
1.630807071924209595e-01
1.630395948886871338e-01
1.629821211099624634e-01
1.628569066524505615e-01
1.626864075660705566e-01
1.624910235404968262e-01
1.622802168130874634e-01
1.620795726776123047e-01
1.618888676166534424e-01
1.617150604724884033e-01
1.615379154682159424e-01
1.613622754812240601e-01
1.612169295549392700e-01
1.610894948244094849e-01
1.609701663255691528e-01
1.608497649431228638e-01
1.607292145490646362e-01
1.606147736310958862e-01
1.604918986558914185e-01
1.603699177503585815e-01
1.602548509836196899e-01
1.601410359144210815e-01
1.600290238857269287e-01
1.599243134260177612e-01
1.598136425018310547e-01
1.596984416246414185e-01
1.595771312713623047e-01
1.594590842723846436e-01
1.593550145626068115e-01
1.592401415109634399e-01
1.591186374425888062e-01
1.589913070201873779e-01
1.588645577430725098e-01
1.587555110454559326e-01
1.586302071809768677e-01
1.585012972354888916e-01
1.583756655454635620e-01
1.582437306642532349e-01
1.581190377473831177e-01
1.580017060041427612e-01
1.578826904296875000e-01
1.577657461166381836e-01
1.576530784368515015e-01
1.575475931167602539e-01
1.574402004480361938e-01
1.573385298252105713e-01
1.572312414646148682e-01
1.571221202611923218e-01
1.570154577493667603e-01
1.569031625986099243e-01
1.567922830581665039e-01
1.566773951053619385e-01
1.565582603216171265e-01
1.564432680606842041e-01
1.563331484794616699e-01
1.562087386846542358e-01
1.560976058244705200e-01
1.560033559799194336e-01
1.559142619371414185e-01
1.558143794536590576e-01
1.557004898786544800e-01
1.555733531713485718e-01
1.554362028837203979e-01
1.553033590316772461e-01
1.551621258258819580e-01
1.550263464450836182e-01
1.549019664525985718e-01
1.547877192497253418e-01
1.546775996685028076e-01
1.545644998550415039e-01
1.544470489025115967e-01
1.543299406766891479e-01
1.542181670665740967e-01
1.541037112474441528e-01
1.539864987134933472e-01
1.538803726434707642e-01
1.537756472826004028e-01
1.536763161420822144e-01
1.535771340131759644e-01
1.534736901521682739e-01
1.533844769001007080e-01
1.533024758100509644e-01
1.532028317451477051e-01
1.530914902687072754e-01
1.529769301414489746e-01
1.528623551130294800e-01
1.527131497859954834e-01
1.525810509920120239e-01
1.524537056684494019e-01
1.523413360118865967e-01
1.522370874881744385e-01
1.521293669939041138e-01
1.520150750875473022e-01
1.519056707620620728e-01
1.518142968416213989e-01
1.517257541418075562e-01
1.516349911689758301e-01
1.515496373176574707e-01
1.514579355716705322e-01
1.513473689556121826e-01
1.512268185615539551e-01
1.510894894599914551e-01
1.509477347135543823e-01
1.507949680089950562e-01
1.506582647562026978e-01
1.505347788333892822e-01
1.504137068986892700e-01
1.502959877252578735e-01
1.501821875572204590e-01
1.500770151615142822e-01
1.499635726213455200e-01
1.498539596796035767e-01
1.497389227151870728e-01
1.496150791645050049e-01
1.494947671890258789e-01
1.493827402591705322e-01
1.492742449045181274e-01
1.491654068231582642e-01
1.490562856197357178e-01
1.489460170269012451e-01
1.488416939973831177e-01
1.487393975257873535e-01
1.486384868621826172e-01
1.485412269830703735e-01
1.484329998493194580e-01
1.483230441808700562e-01
1.482079625129699707e-01
1.480942219495773315e-01
1.479906439781188965e-01
1.478850394487380981e-01
1.477814316749572754e-01
1.476747691631317139e-01
1.475609391927719116e-01
1.474382579326629639e-01
1.473234146833419800e-01
1.472213119268417358e-01
1.471244245767593384e-01
1.470268368721008301e-01
1.469472646713256836e-01
1.468855738639831543e-01
1.468202620744705200e-01
1.467234343290328979e-01
1.466218680143356323e-01
1.465225368738174438e-01
1.464201658964157104e-01
1.463114470243453979e-01
1.461987644433975220e-01
1.460749506950378418e-01
1.459420472383499146e-01
