2.418131637573242188e+01
1.880020523071289062e+01
1.394580936431884766e+01
9.790575027465820312e+00
6.358414649963378906e+00
3.752799510955810547e+00
2.118837594985961914e+00
1.433122873306274414e+00
1.288574576377868652e+00
1.305177211761474609e+00
1.343000173568725586e+00
1.376280665397644043e+00
1.417032241821289062e+00
1.473079442977905273e+00
1.537800908088684082e+00
1.600157737731933594e+00
1.651629328727722168e+00
1.684282422065734863e+00
1.694964766502380371e+00
1.687743186950683594e+00
1.666869044303894043e+00
1.635418057441711426e+00
1.596415996551513672e+00
1.553340792655944824e+00
1.509542107582092285e+00
1.467712521553039551e+00
1.428812265396118164e+00
1.393366336822509766e+00
1.362205386161804199e+00
1.335366010665893555e+00
1.310752630233764648e+00
1.286561250686645508e+00
1.262140989303588867e+00
1.237024664878845215e+00
1.211767435073852539e+00
1.186401844024658203e+00
1.160624027252197266e+00
1.134521007537841797e+00
1.107809662818908691e+00
1.080925464630126953e+00
1.053465008735656738e+00
1.025659084320068359e+00
9.978026747703552246e-01
9.700561761856079102e-01
9.421770572662353516e-01
9.144308567047119141e-01
8.868426084518432617e-01
8.595512509346008301e-01
8.331697583198547363e-01
8.076763153076171875e-01
7.827969789505004883e-01
7.585550546646118164e-01
7.355046868324279785e-01
7.135422229766845703e-01
6.921188831329345703e-01
6.719143390655517578e-01
6.535027027130126953e-01
6.364651918411254883e-01
6.207251548767089844e-01
6.066582798957824707e-01
5.936707854270935059e-01
5.821399688720703125e-01
5.719097256660461426e-01
5.630155205726623535e-01
5.553476810455322266e-01
5.484810471534729004e-01
5.426948070526123047e-01
5.378859639167785645e-01
5.339826941490173340e-01
5.309920907020568848e-01
5.286447405815124512e-01
5.266844034194946289e-01
5.251271128654479980e-01
5.240315198898315430e-01
5.231935977935791016e-01
5.226021409034729004e-01
5.219724774360656738e-01
5.211941599845886230e-01
5.201599597930908203e-01
5.187839269638061523e-01
5.174093842506408691e-01
5.159159302711486816e-01
5.142372250556945801e-01
5.125570893287658691e-01
5.105712413787841797e-01
5.083920955657958984e-01
5.060431957244873047e-01
5.037420988082885742e-01
5.014197826385498047e-01
4.988098442554473877e-01
4.961515665054321289e-01
4.935423135757446289e-01
4.909810423851013184e-01
4.884828627109527588e-01
4.856905043125152588e-01
4.830199778079986572e-01
4.800722301006317139e-01
4.768821001052856445e-01
4.735108017921447754e-01
4.700764715671539307e-01
4.666248559951782227e-01
4.631845057010650635e-01
4.595523476600646973e-01
4.558573365211486816e-01
4.522237181663513184e-01
4.487874209880828857e-01
4.455404877662658691e-01
4.422762691974639893e-01
4.390987753868103027e-01
4.360961019992828369e-01
4.333538413047790527e-01
4.307864308357238770e-01
4.283483624458312988e-01
4.257823228836059570e-01
4.232445657253265381e-01
4.211463332176208496e-01
4.191591739654541016e-01
4.174661636352539062e-01
4.159087836742401123e-01
4.143514633178710938e-01
4.128567874431610107e-01
4.112737774848937988e-01
4.098357856273651123e-01
4.084730148315429688e-01
4.071047902107238770e-01
4.054259955883026123e-01
4.037943184375762939e-01
4.019879996776580811e-01
4.002535939216613770e-01
3.984820544719696045e-01
3.966366648674011230e-01
3.944969475269317627e-01
3.921309411525726318e-01
3.897082209587097168e-01
3.870999515056610107e-01
3.844605088233947754e-01
3.818930685520172119e-01
3.796347379684448242e-01
3.775472044944763184e-01
3.756102621555328369e-01
3.735546171665191650e-01
3.713849186897277832e-01
3.693042695522308350e-01
3.671111762523651123e-01
3.648518025875091553e-01
3.627733886241912842e-01
3.607787787914276123e-01
3.591255247592926025e-01
3.575022816658020020e-01
3.557437360286712646e-01
3.540093302726745605e-01
3.523548841476440430e-01
3.507842719554901123e-01
3.492386341094970703e-01
3.476659059524536133e-01
3.464049994945526123e-01
3.450014889240264893e-01
3.435810208320617676e-01
3.422862589359283447e-01
3.408006727695465088e-01
3.392595946788787842e-01
3.376868367195129395e-01
3.361205756664276123e-01
3.345641791820526123e-01
3.329422771930694580e-01
3.311215341091156006e-01
3.295946419239044189e-01
3.280122280120849609e-01
3.262729942798614502e-01
3.244170844554901123e-01
3.226623833179473877e-01
3.211223781108856201e-01
3.197384178638458252e-01
3.184200823307037354e-01
3.168957829475402832e-01
3.155655562877655029e-01
3.143156766891479492e-01
3.129334747791290283e-01
3.116454780101776123e-01
3.103622198104858398e-01
3.092498481273651123e-01
3.078903555870056152e-01
3.066698312759399414e-01
3.056487739086151123e-01
3.047316968441009521e-01
3.037201464176177979e-01
3.025203645229339600e-01
3.012377023696899414e-01
3.000334501266479492e-01
2.987124919891357422e-01
2.975463569164276123e-01
2.964720726013183594e-01
2.953494489192962646e-01
2.942900359630584717e-01
2.931977212429046631e-01
2.919987738132476807e-01
2.908951342105865479e-01
2.897631227970123291e-01
2.886501848697662354e-01
2.875582575798034668e-01
2.864281833171844482e-01
2.852697968482971191e-01
2.841862142086029053e-01
2.832095921039581299e-01
2.820905745029449463e-01
2.810886800289154053e-01
2.801683545112609863e-01
2.793272733688354492e-01
2.785134017467498779e-01
2.777318656444549561e-01
2.769399583339691162e-01
2.761368751525878906e-01
2.753601372241973877e-01
2.745428979396820068e-01
2.737731039524078369e-01
2.727494239807128906e-01
2.717131674289703369e-01
2.707599997520446777e-01
2.698960006237030029e-01
2.690564393997192383e-01
2.680900096893310547e-01
2.670066654682159424e-01
2.659440338611602783e-01
2.648791372776031494e-01
2.636639177799224854e-01
2.623513340950012207e-01
2.611084282398223877e-01
2.598344385623931885e-01
2.587982118129730225e-01
2.577438950538635254e-01
2.565765678882598877e-01
2.554472684860229492e-01
2.542575597763061523e-01
2.531222403049468994e-01
2.520594596862792969e-01
2.510131299495697021e-01
2.499998956918716431e-01
2.491012960672378540e-01
2.482680231332778931e-01
2.474613785743713379e-01
2.467188686132431030e-01
2.459106594324111938e-01
2.450697869062423706e-01
2.442530989646911621e-01
2.433715760707855225e-01
2.424565106630325317e-01
2.416691929101943970e-01
2.409610748291015625e-01
2.402058988809585571e-01
2.395111173391342163e-01
2.388595342636108398e-01
2.382334619760513306e-01
2.376312166452407837e-01
2.370299845933914185e-01
2.363892793655395508e-01
2.358549982309341431e-01
2.352391630411148071e-01
2.347657829523086548e-01
2.342167347669601440e-01
2.335280179977416992e-01
2.328739762306213379e-01
2.322010397911071777e-01
2.316152602434158325e-01
2.310353368520736694e-01
2.304688543081283569e-01
2.298655211925506592e-01
2.292022854089736938e-01
2.285173386335372925e-01
2.279068827629089355e-01
2.271119505167007446e-01
2.263127714395523071e-01
2.254255861043930054e-01
2.244432717561721802e-01
2.235179245471954346e-01
2.226332575082778931e-01
2.218246012926101685e-01
2.211145609617233276e-01
2.204230129718780518e-01
2.196485549211502075e-01
2.189237922430038452e-01
2.182446420192718506e-01
2.176209837198257446e-01
2.169494777917861938e-01
2.161940485239028931e-01
2.155401706695556641e-01
2.149604558944702148e-01
2.143865376710891724e-01
2.139201611280441284e-01
2.134875357151031494e-01
2.130431979894638062e-01
2.125683426856994629e-01
2.120660692453384399e-01
2.115931510925292969e-01
2.111304253339767456e-01
2.105542868375778198e-01
2.099403440952301025e-01
2.093506008386611938e-01
2.087612301111221313e-01
2.081127464771270752e-01
2.075023949146270752e-01
2.067894488573074341e-01
2.060847431421279907e-01
2.055049091577529907e-01
2.049408107995986938e-01
2.044577598571777344e-01
2.040334641933441162e-01
2.036209255456924438e-01
2.031956017017364502e-01
2.028202861547470093e-01
2.024559974670410156e-01
2.021254301071166992e-01
2.017693817615509033e-01
2.014160007238388062e-01
2.010216861963272095e-01
2.006049752235412598e-01
2.001629620790481567e-01
1.996911615133285522e-01
1.991124451160430908e-01
1.985492110252380371e-01
1.980355978012084961e-01
1.974163502454757690e-01
1.967748701572418213e-01
1.961950212717056274e-01
1.956462860107421875e-01
1.950740665197372437e-01
1.944402456283569336e-01
1.938088834285736084e-01
1.932373344898223877e-01
1.927013397216796875e-01
1.922073215246200562e-01
1.916656345129013062e-01
1.910730898380279541e-01
1.904423981904983521e-01
1.898496896028518677e-01
1.892756968736648560e-01
1.887741535902023315e-01
1.882451176643371582e-01
1.877294182777404785e-01
1.871565133333206177e-01
1.865234673023223877e-01
1.860681325197219849e-01
1.856084167957305908e-01
1.851888000965118408e-01
1.847437918186187744e-01
1.843084245920181274e-01
1.839425861835479736e-01
1.836415231227874756e-01
1.832983642816543579e-01
1.830494403839111328e-01
1.829534173011779785e-01
1.829096078872680664e-01
1.829375773668289185e-01
1.829374879598617554e-01
1.829050630331039429e-01
1.828688234090805054e-01
1.828913092613220215e-01
1.828536838293075562e-01
1.827672421932220459e-01
1.826096028089523315e-01
1.822865754365921021e-01
1.819432526826858521e-01
1.815943419933319092e-01
1.810608059167861938e-01
1.804330050945281982e-01
1.796742826700210571e-01
1.789425313472747803e-01
1.782297194004058838e-01
1.774598807096481323e-01
1.767202317714691162e-01
1.760553866624832153e-01
1.754199266433715820e-01
1.748353391885757446e-01
1.742227524518966675e-01
1.736652702093124390e-01
1.731268018484115601e-01
1.726302653551101685e-01
1.721796095371246338e-01
1.717202514410018921e-01
1.712881028652191162e-01
1.708526462316513062e-01
1.704946607351303101e-01
1.702270656824111938e-01
1.699067652225494385e-01
1.695549488067626953e-01
1.691160351037979126e-01
1.686809957027435303e-01
1.682609915733337402e-01
1.678764671087265015e-01
1.675540059804916382e-01
1.672390848398208618e-01
1.669000834226608276e-01
1.665948629379272461e-01
1.663353294134140015e-01
1.660210490226745605e-01
1.657534241676330566e-01
1.655952781438827515e-01
1.654410213232040405e-01
1.653388738632202148e-01
1.652299463748931885e-01
1.651053577661514282e-01
1.650032848119735718e-01
1.649934649467468262e-01
1.649324297904968262e-01
1.648205965757369995e-01
1.647234410047531128e-01
1.645865291357040405e-01
1.644363850355148315e-01
1.643226444721221924e-01
1.642003953456878662e-01
1.640853732824325562e-01
1.639452725648880005e-01
1.637703329324722290e-01
1.635408997535705566e-01
1.632431745529174805e-01
1.628952473402023315e-01
1.624763309955596924e-01
1.620018482208251953e-01
1.615495532751083374e-01
1.611478775739669800e-01
1.607818156480789185e-01
1.603445410728454590e-01
1.599885672330856323e-01
1.595968455076217651e-01
1.591957062482833862e-01
1.587173342704772949e-01
1.583633869886398315e-01
1.580200046300888062e-01
1.576761007308959961e-01
1.573227941989898682e-01
1.569671630859375000e-01
1.565774232149124146e-01
1.562094539403915405e-01
1.559143513441085815e-01
1.555760651826858521e-01
1.552507430315017700e-01
1.549560129642486572e-01
1.546912193298339844e-01
1.544464528560638428e-01
1.542060822248458862e-01
1.538950502872467041e-01
1.536713242530822754e-01
1.534982174634933472e-01
1.532714068889617920e-01
1.530890166759490967e-01
1.529236286878585815e-01
1.526954919099807739e-01
1.524384617805480957e-01
1.521708667278289795e-01
1.519342213869094849e-01
1.516723483800888062e-01
1.513925343751907349e-01
1.510927230119705200e-01
1.507745683193206787e-01
1.504388898611068726e-01
1.502355933189392090e-01
1.500700265169143677e-01
1.499635428190231323e-01
1.499201953411102295e-01
1.499097794294357300e-01
1.498953402042388916e-01
1.498216390609741211e-01
1.497007757425308228e-01
1.495062410831451416e-01
1.493428945541381836e-01
1.490738540887832642e-01
1.488082557916641235e-01
1.485088169574737549e-01
1.482314467430114746e-01
1.479409486055374146e-01
1.475651115179061890e-01
1.471506655216217041e-01
1.466591656208038330e-01
1.462095230817794800e-01
1.458280533552169800e-01
1.454391628503799438e-01
1.450951844453811646e-01
1.447949558496475220e-01
1.445286720991134644e-01
1.443073004484176636e-01
1.441268473863601685e-01
1.439166367053985596e-01
1.436735242605209351e-01
1.435014605522155762e-01
1.433535665273666382e-01
1.431852430105209351e-01
1.430994868278503418e-01
1.429979354143142700e-01
1.429029405117034912e-01
1.427966207265853882e-01
1.427147984504699707e-01
1.427203118801116943e-01
1.427809149026870728e-01
1.428230851888656616e-01
1.428138166666030884e-01
1.427585035562515259e-01
1.426349282264709473e-01
1.424645334482192993e-01
1.422875225543975830e-01
1.421094685792922974e-01
1.418457627296447754e-01
1.416161358356475830e-01
1.413600146770477295e-01
1.410189270973205566e-01
1.407422423362731934e-01
1.404656022787094116e-01
1.401646137237548828e-01
1.398705542087554932e-01
1.396553963422775269e-01
1.393933445215225220e-01
1.392255425453186035e-01
1.391074508428573608e-01
1.389321535825729370e-01
1.387549787759780884e-01
1.385118812322616577e-01
1.382682323455810547e-01
1.380435675382614136e-01
1.378144919872283936e-01
1.376231610774993896e-01
1.374289542436599731e-01
1.372292041778564453e-01
1.369857639074325562e-01
1.367387473583221436e-01
1.365085244178771973e-01
1.362991780042648315e-01
1.361771225929260254e-01
1.360776573419570923e-01
1.359223723411560059e-01
1.357581615447998047e-01
1.355640143156051636e-01
1.353330761194229126e-01
1.350896209478378296e-01
1.348268836736679077e-01
1.346011757850646973e-01
1.344036459922790527e-01
1.341976523399353027e-01
1.339647620916366577e-01
1.337710618972778320e-01
1.336524635553359985e-01
1.335190534591674805e-01
1.333550810813903809e-01
1.332140564918518066e-01
1.331130117177963257e-01
1.330109238624572754e-01
1.328803002834320068e-01
1.327868551015853882e-01
1.326492875814437866e-01
1.325179040431976318e-01
1.324002891778945923e-01
1.322830766439437866e-01
1.321223378181457520e-01
1.319427043199539185e-01
1.317473500967025757e-01
1.315071135759353638e-01
1.312753111124038696e-01
1.310806125402450562e-01
1.308717578649520874e-01
1.306922882795333862e-01
1.304977983236312866e-01
1.303412914276123047e-01
1.301984339952468872e-01
1.300240159034729004e-01
1.298301219940185547e-01
1.296280175447463989e-01
1.294335722923278809e-01
1.293114870786666870e-01
1.292269229888916016e-01
1.291342526674270630e-01
1.290512681007385254e-01
1.289636790752410889e-01
1.288568675518035889e-01
1.287125945091247559e-01
1.285400986671447754e-01
1.283217072486877441e-01
1.281118541955947876e-01
1.279173344373703003e-01
1.277502179145812988e-01
1.275949329137802124e-01
1.274099498987197876e-01
1.271887421607971191e-01
1.269616633653640747e-01
1.267126202583312988e-01
1.264455318450927734e-01
1.262207627296447754e-01
1.260004192590713501e-01
1.257705837488174438e-01
1.255719661712646484e-01
1.253469437360763550e-01
1.251256465911865234e-01
1.249534934759140015e-01
1.248171329498291016e-01
1.246988698840141296e-01
1.246118322014808655e-01
1.245756372809410095e-01
1.245422959327697754e-01
1.245424672961235046e-01
1.245270371437072754e-01
1.245393827557563782e-01
1.245915964245796204e-01
1.246185228228569031e-01
1.246719881892204285e-01
1.247138455510139465e-01
1.246833205223083496e-01
1.246032565832138062e-01
1.244804635643959045e-01
1.243288144469261169e-01
1.241188123822212219e-01
1.239204332232475281e-01
1.237459406256675720e-01
1.234922632575035095e-01
1.232604458928108215e-01
1.230010464787483215e-01
1.227111741900444031e-01
1.224520206451416016e-01
1.222143247723579407e-01
1.219751909375190735e-01
1.217231228947639465e-01
1.214637160301208496e-01
1.212119907140731812e-01
1.209917142987251282e-01
1.207848191261291504e-01
1.206056624650955200e-01
1.204526722431182861e-01
1.203079894185066223e-01
1.201621890068054199e-01
1.200218349695205688e-01
1.199037581682205200e-01
1.198351010680198669e-01
1.197548061609268188e-01
1.197245270013809204e-01
1.196937039494514465e-01
1.196701005101203918e-01
1.196355298161506653e-01
1.195975616574287415e-01
1.195708587765693665e-01
1.195648238062858582e-01
1.195373013615608215e-01
1.194343045353889465e-01
1.193000078201293945e-01
1.191256120800971985e-01
1.189196184277534485e-01
1.187362819910049438e-01
1.185559555888175964e-01
1.183327361941337585e-01
1.181343719363212585e-01
1.179275587201118469e-01
1.176844313740730286e-01
1.174690127372741699e-01
1.172867342829704285e-01
1.170995533466339111e-01
1.169548556208610535e-01
1.168182641267776489e-01
1.166689619421958923e-01
1.165188848972320557e-01
1.163681745529174805e-01
1.162156015634536743e-01
1.160662248730659485e-01
1.159466952085494995e-01
1.158398613333702087e-01
1.157541722059249878e-01
1.156578138470649719e-01
1.155957281589508057e-01
1.155425757169723511e-01
1.155014261603355408e-01
1.154602915048599243e-01
1.154261007905006409e-01
1.153910309076309204e-01
1.153032407164573669e-01
1.151611059904098511e-01
1.150085031986236572e-01
1.148575320839881897e-01
1.147461012005805969e-01
1.146355271339416504e-01
1.145163550972938538e-01
1.143951341509819031e-01
1.142281517386436462e-01
1.140174642205238342e-01
1.138218715786933899e-01
1.136090904474258423e-01
1.133728101849555969e-01
1.131314188241958618e-01
1.129082366824150085e-01
1.127100586891174316e-01
1.125210598111152649e-01
1.123570278286933899e-01
1.121817976236343384e-01
1.120221912860870361e-01
1.118823438882827759e-01
1.117708534002304077e-01
1.116591766476631165e-01
1.115352064371109009e-01
1.114185974001884460e-01
1.112899258732795715e-01
1.111717075109481812e-01
1.110420301556587219e-01
1.109349504113197327e-01
1.108472123742103577e-01
1.107559129595756531e-01
1.106720194220542908e-01
1.105908378958702087e-01
1.104897409677505493e-01
1.103945598006248474e-01
1.102869734168052673e-01
1.101417616009712219e-01
1.099545732140541077e-01
1.097602918744087219e-01
1.095913350582122803e-01
1.094122976064682007e-01
1.092148497700691223e-01
1.090573295950889587e-01
1.089183315634727478e-01
1.087674051523208618e-01
1.086196824908256531e-01
1.084897220134735107e-01
1.083631962537765503e-01
1.082507669925689697e-01
1.081513464450836182e-01
1.080510765314102173e-01
1.079594790935516357e-01
1.078987196087837219e-01
1.078425645828247070e-01
1.078099161386489868e-01
1.077793315052986145e-01
1.077564954757690430e-01
1.076888963580131531e-01
1.076135262846946716e-01
1.075019836425781250e-01
1.074115484952926636e-01
1.073314025998115540e-01
1.072340980172157288e-01
1.071240603923797607e-01
1.070011183619499207e-01
1.068877950310707092e-01
1.067769080400466919e-01
1.066272854804992676e-01
1.064908131957054138e-01
1.063488051295280457e-01
1.062050089240074158e-01
1.060458570718765259e-01
1.058809757232666016e-01
1.057317405939102173e-01
1.055870726704597473e-01
1.054640114307403564e-01
1.053542494773864746e-01
1.052779406309127808e-01
1.052142530679702759e-01
1.051547974348068237e-01
1.050872206687927246e-01
1.050136387348175049e-01
1.049382835626602173e-01
1.048307642340660095e-01
1.047047078609466553e-01
1.045655608177185059e-01
1.043894737958908081e-01
1.042337268590927124e-01
1.040878370404243469e-01
1.039417013525962830e-01
1.038143336772918701e-01
1.036711409687995911e-01
1.035306081175804138e-01
1.033935472369194031e-01
1.032627299427986145e-01
1.031224131584167480e-01
1.029815077781677246e-01
1.028366684913635254e-01
1.027174443006515503e-01
1.026010066270828247e-01
1.025038138031959534e-01
1.024217084050178528e-01
1.023366376757621765e-01
1.022341847419738770e-01
1.021463796496391296e-01
1.020657420158386230e-01
1.019641682505607605e-01
1.018524244427680969e-01
1.017377451062202454e-01
1.016390398144721985e-01
1.015157625079154968e-01
1.013758108019828796e-01
1.012354120612144470e-01
1.011086106300354004e-01
1.009700819849967957e-01
1.008570641279220581e-01
1.007473096251487732e-01
1.006404832005500793e-01
1.005182415246963501e-01
1.003952249884605408e-01
1.002733707427978516e-01
1.001598984003067017e-01
1.000490337610244751e-01
9.992310404777526855e-02
9.980394691228866577e-02
9.970086812973022461e-02
9.960272163152694702e-02
9.949905425310134888e-02
9.940222650766372681e-02
9.930794686079025269e-02
9.919855743646621704e-02
9.910300374031066895e-02
9.900671988725662231e-02
9.891889244318008423e-02
9.884526580572128296e-02
9.875604510307312012e-02
9.867002815008163452e-02
9.858062863349914551e-02
9.847764670848846436e-02
9.837053716182708740e-02
9.825633466243743896e-02
9.816358238458633423e-02
9.806565195322036743e-02
9.797637164592742920e-02
9.788542985916137695e-02
9.778875112533569336e-02
9.770558774471282959e-02
9.761022776365280151e-02
9.750489890575408936e-02
9.738041460514068604e-02
9.725468605756759644e-02
9.713736921548843384e-02
9.701420366764068604e-02
9.689807891845703125e-02
9.680075198411941528e-02
9.672133624553680420e-02
9.664886444807052612e-02
9.657295048236846924e-02
9.648794680833816528e-02
9.640128165483474731e-02
9.631067514419555664e-02
9.620665758848190308e-02
9.610873460769653320e-02
9.603143483400344849e-02
9.595515578985214233e-02
9.587740153074264526e-02
9.579460322856903076e-02
9.569900482892990112e-02
9.559632092714309692e-02
9.547903388738632202e-02
9.536718577146530151e-02
9.525421261787414551e-02
9.513951838016510010e-02
9.502028673887252808e-02
9.490966051816940308e-02
9.480310976505279541e-02
9.470722824335098267e-02
9.462609142065048218e-02
9.455458074808120728e-02
9.448114782571792603e-02
9.440710395574569702e-02
9.432705491781234741e-02
9.426504373550415039e-02
9.420267492532730103e-02
9.412124007940292358e-02
9.404472261667251587e-02
9.393186867237091064e-02
9.381478279829025269e-02
9.369252622127532959e-02
9.357932209968566895e-02
9.346138685941696167e-02
9.335833042860031128e-02
9.325765073299407959e-02
9.314856678247451782e-02
9.304703772068023682e-02
9.293877333402633667e-02
9.282936155796051025e-02
9.272278100252151489e-02
9.261330217123031616e-02
9.249909222126007080e-02
9.238840639591217041e-02
9.227396547794342041e-02
9.216791391372680664e-02
9.207502007484436035e-02
9.198734164237976074e-02
9.190087020397186279e-02
9.181700646877288818e-02
9.173227846622467041e-02
9.166819602251052856e-02
9.160231798887252808e-02
9.155023097991943359e-02
9.148507565259933472e-02
9.141913801431655884e-02
9.134928137063980103e-02
9.128191322088241577e-02
9.119796007871627808e-02
9.111437946557998657e-02
9.102623909711837769e-02
9.093100577592849731e-02
9.083905071020126343e-02
9.073888510465621948e-02
9.062220156192779541e-02
9.049224108457565308e-02
9.036628156900405884e-02
9.024804085493087769e-02
9.013644605875015259e-02
9.002787619829177856e-02
8.991133421659469604e-02
8.979924768209457397e-02
8.969495445489883423e-02
8.959230035543441772e-02
8.949282020330429077e-02
8.939359337091445923e-02
8.929035812616348267e-02
8.919553458690643311e-02
8.911124616861343384e-02
8.903156220912933350e-02
8.895214647054672241e-02
8.887617290019989014e-02
8.879115432500839233e-02
8.869908004999160767e-02
8.861929923295974731e-02
8.853635936975479126e-02
8.845034986734390259e-02
8.836337924003601074e-02
8.828108012676239014e-02
8.820855617523193359e-02
8.813207596540451050e-02
8.806236833333969116e-02
8.799466490745544434e-02
8.791870623826980591e-02
8.785214275121688843e-02
8.777488023042678833e-02
8.769223839044570923e-02
8.759696781635284424e-02
8.749666810035705566e-02
8.741371333599090576e-02
8.732473850250244141e-02
8.723456412553787231e-02
8.715429902076721191e-02
8.708162605762481689e-02
8.700559288263320923e-02
8.693590015172958374e-02
8.687350153923034668e-02
8.680725842714309692e-02
8.674240857362747192e-02
8.668135851621627808e-02
8.662167191505432129e-02
8.655555546283721924e-02
8.648794144392013550e-02
8.641406893730163574e-02
8.633832633495330811e-02
8.624781668186187744e-02
8.615633100271224976e-02
8.606372028589248657e-02
8.596829324960708618e-02
8.588762581348419189e-02
8.581159263849258423e-02
8.572113513946533203e-02
8.562441915273666382e-02
8.552311360836029053e-02
8.542749285697937012e-02
8.533512800931930542e-02
8.525113016366958618e-02
8.515512943267822266e-02
8.506018668413162231e-02
8.496847748756408691e-02
8.488738536834716797e-02
8.479956537485122681e-02
8.470400422811508179e-02
8.461005985736846924e-02
8.452260494232177734e-02
8.443561196327209473e-02
8.435031026601791382e-02
8.427668362855911255e-02
8.420707285404205322e-02
8.413178473711013794e-02
8.404929935932159424e-02
8.398474007844924927e-02
8.392342925071716309e-02
8.387131243944168091e-02
8.380270749330520630e-02
8.374051004648208618e-02
8.368310332298278809e-02
8.361437171697616577e-02
8.354077488183975220e-02
8.345907181501388550e-02
8.337159454822540283e-02
8.328003436326980591e-02
8.317828178405761719e-02
8.306512236595153809e-02
8.295095711946487427e-02
8.284343034029006958e-02
8.273287117481231689e-02
8.262017369270324707e-02
8.250425010919570923e-02
8.238454163074493408e-02
8.227393031120300293e-02
8.217881619930267334e-02
8.209367841482162476e-02
8.200801163911819458e-02
8.191150426864624023e-02
8.181034773588180542e-02
8.171470463275909424e-02
8.161303400993347168e-02
8.151895552873611450e-02
8.142739534378051758e-02
8.133957535028457642e-02
8.126486837863922119e-02
8.118850737810134888e-02
8.111340552568435669e-02
8.104438334703445435e-02
8.097868412733078003e-02
8.090620487928390503e-02
