2.418236351013183594e+01
1.880328750610351562e+01
1.393408298492431641e+01
9.768388748168945312e+00
6.314946174621582031e+00
3.706208467483520508e+00
2.079269647598266602e+00
1.413773894309997559e+00
1.289363026618957520e+00
1.321815967559814453e+00
1.373452544212341309e+00
1.419920682907104492e+00
1.472517967224121094e+00
1.533614873886108398e+00
1.595745563507080078e+00
1.651188611984252930e+00
1.693538904190063477e+00
1.718013763427734375e+00
1.726426601409912109e+00
1.720950841903686523e+00
1.705763339996337891e+00
1.683597564697265625e+00
1.657390832901000977e+00
1.632817268371582031e+00
1.612182855606079102e+00
1.593815088272094727e+00
1.575973868370056152e+00
1.558943986892700195e+00
1.541197776794433594e+00
1.522262454032897949e+00
1.502076387405395508e+00
1.481135129928588867e+00
1.458333134651184082e+00
1.433793187141418457e+00
1.407975673675537109e+00
1.380864977836608887e+00
1.352699041366577148e+00
1.323810338973999023e+00
1.294880390167236328e+00
1.265375018119812012e+00
1.235351443290710449e+00
1.205389380455017090e+00
1.175415515899658203e+00
1.145485758781433105e+00
1.115578293800354004e+00
1.086020231246948242e+00
1.056818008422851562e+00
1.028038382530212402e+00
9.996928572654724121e-01
9.718567728996276855e-01
9.447553753852844238e-01
9.185553789138793945e-01
8.931357264518737793e-01
8.688359856605529785e-01
8.453680276870727539e-01
8.228526115417480469e-01
8.013078570365905762e-01
7.804285287857055664e-01
7.603734135627746582e-01
7.415154576301574707e-01
7.238137125968933105e-01
7.072038650512695312e-01
6.913061141967773438e-01
6.764134168624877930e-01
6.630159616470336914e-01
6.510428786277770996e-01
6.397491693496704102e-01
6.299650073051452637e-01
6.211032271385192871e-01
6.134063601493835449e-01
6.065772771835327148e-01
6.012140512466430664e-01
5.967003107070922852e-01
5.929078459739685059e-01
5.897210240364074707e-01
5.867035388946533203e-01
5.837981104850769043e-01
5.813599228858947754e-01
5.793754458427429199e-01
5.773322582244873047e-01
5.750121474266052246e-01
5.725227594375610352e-01
5.697520375251770020e-01
5.668343305587768555e-01
5.635958313941955566e-01
5.606356263160705566e-01
5.574839115142822266e-01
5.540770888328552246e-01
5.503101944923400879e-01
5.463067293167114258e-01
5.422945022583007812e-01
5.381579995155334473e-01
5.342372655868530273e-01
5.301784276962280273e-01
5.258213877677917480e-01
5.214232802391052246e-01
5.171650648117065430e-01
5.126373171806335449e-01
5.082847476005554199e-01
5.036325454711914062e-01
4.988851845264434814e-01
4.941214621067047119e-01
4.894218742847442627e-01
4.848622679710388184e-01
4.805025756359100342e-01
4.761810004711151123e-01
4.722145795822143555e-01
4.682737588882446289e-01
4.643248915672302246e-01
4.607051610946655273e-01
4.569852650165557861e-01
4.534148573875427246e-01
4.500121176242828369e-01
4.465830624103546143e-01
4.432176649570465088e-01
4.398650825023651123e-01
4.365192353725433350e-01
4.332286715507507324e-01
4.301110804080963135e-01
4.270771443843841553e-01
4.241828024387359619e-01
4.212459027767181396e-01
4.183924794197082520e-01
4.155237376689910889e-01
4.125023186206817627e-01
4.093930125236511230e-01
4.062996208667755127e-01
4.032629132270812988e-01
4.004870355129241943e-01
3.980215489864349365e-01
3.956869840621948242e-01
3.931578695774078369e-01
3.907788097858428955e-01
3.882303833961486816e-01
3.859262764453887939e-01
3.835030496120452881e-01
3.811190724372863770e-01
3.788861334323883057e-01
3.767659068107604980e-01
3.746286630630493164e-01
3.725932836532592773e-01
3.702587783336639404e-01
3.680115044116973877e-01
3.657826185226440430e-01
3.637034595012664795e-01
3.617665171623229980e-01
3.599589765071868896e-01
3.579417169094085693e-01
3.556466996669769287e-01
3.533883690834045410e-01
3.510949313640594482e-01
3.488259315490722656e-01
3.462872803211212158e-01
3.436126708984375000e-01
3.409672081470489502e-01
3.384083211421966553e-01
3.357793986797332764e-01
3.331393003463745117e-01
3.305508494377136230e-01
3.282013237476348877e-01
3.257245719432830811e-01
3.231601417064666748e-01
3.205570280551910400e-01
3.178661167621612549e-01
3.154602944850921631e-01
3.131548464298248291e-01
3.109189867973327637e-01
3.088929057121276855e-01
3.069518804550170898e-01
3.050524294376373291e-01
3.031209707260131836e-01
3.011628389358520508e-01
2.990264594554901123e-01
2.968584895133972168e-01
2.948851287364959717e-01
2.930958271026611328e-01
2.914749681949615479e-01
2.899389564990997314e-01
2.882321476936340332e-01
2.866876423358917236e-01
2.851782441139221191e-01
2.837131321430206299e-01
2.823128104209899902e-01
2.809230387210845947e-01
2.795872092247009277e-01
2.782980799674987793e-01
2.767639458179473877e-01
2.753086984157562256e-01
2.737798690795898438e-01
2.721960842609405518e-01
2.707806825637817383e-01
2.693401277065277100e-01
2.679515480995178223e-01
2.666490674018859863e-01
2.653270661830902100e-01
2.641071081161499023e-01
2.629159092903137207e-01
2.617183029651641846e-01
2.605360448360443115e-01
2.593937814235687256e-01
2.583752274513244629e-01
2.575226128101348877e-01
2.565760612487792969e-01
2.554760873317718506e-01
2.544402778148651123e-01
2.534427940845489502e-01
2.523804008960723877e-01
2.512821257114410400e-01
2.502913773059844971e-01
2.489852607250213623e-01
2.475734651088714600e-01
2.462076991796493530e-01
2.449798882007598877e-01
2.437455207109451294e-01
2.425404340028762817e-01
2.413177788257598877e-01
2.400300353765487671e-01
2.389064431190490723e-01
2.378938049077987671e-01
2.369596958160400391e-01
2.361445277929306030e-01
2.353270053863525391e-01
2.344211935997009277e-01
2.334956526756286621e-01
2.325435280799865723e-01
2.315348684787750244e-01
2.305074334144592285e-01
2.294403910636901855e-01
2.284163087606430054e-01
2.275242358446121216e-01
2.266688942909240723e-01
2.259729802608489990e-01
2.253092527389526367e-01
2.246323674917221069e-01
2.240606099367141724e-01
2.233964353799819946e-01
2.227876335382461548e-01
2.222818583250045776e-01
2.215669304132461548e-01
2.208322733640670776e-01
2.202148586511611938e-01
2.194345593452453613e-01
2.185041457414627075e-01
2.175271958112716675e-01
2.165527492761611938e-01
2.156748920679092407e-01
2.148872613906860352e-01
2.139913886785507202e-01
2.131023854017257690e-01
2.122121602296829224e-01
2.113722264766693115e-01
2.104257494211196899e-01
2.095050662755966187e-01
2.085364311933517456e-01
2.074297815561294556e-01
2.062706947326660156e-01
2.051566839218139648e-01
2.040938138961791992e-01
2.029576450586318970e-01
2.018586695194244385e-01
2.006965577602386475e-01
1.995373219251632690e-01
1.983617991209030151e-01
1.971379220485687256e-01
1.959311068058013916e-01
1.948704868555068970e-01
1.937765926122665405e-01
1.928349733352661133e-01
1.919193714857101440e-01
1.909861117601394653e-01
1.902236491441726685e-01
1.896440237760543823e-01
1.891790777444839478e-01
1.888255774974822998e-01
1.885401755571365356e-01
1.881637722253799438e-01
1.879934370517730713e-01
1.879598349332809448e-01
1.879100352525711060e-01
1.879577487707138062e-01
1.879571229219436646e-01
1.878198087215423584e-01
1.875082850456237793e-01
1.870962977409362793e-01
1.866659373044967651e-01
1.861649900674819946e-01
1.855493485927581787e-01
1.848602443933486938e-01
1.842396408319473267e-01
1.836247742176055908e-01
1.829756349325180054e-01
1.823877543210983276e-01
1.817625313997268677e-01
1.811273992061614990e-01
1.806183010339736938e-01
1.802341192960739136e-01
1.798483580350875854e-01
1.793817728757858276e-01
1.788052022457122803e-01
1.784007102251052856e-01
1.779578030109405518e-01
1.775138080120086670e-01
1.769936829805374146e-01
1.764755398035049438e-01
1.759569048881530762e-01
1.754381060600280762e-01
1.749954074621200562e-01
1.744004935026168823e-01
1.737392395734786987e-01
1.730907559394836426e-01
1.725463420152664185e-01
1.719812452793121338e-01
1.713943034410476685e-01
1.708473116159439087e-01
1.703338176012039185e-01
1.698219776153564453e-01
1.693754345178604126e-01
1.689064800739288330e-01
1.685874164104461670e-01
1.683432757854461670e-01
1.681218892335891724e-01
1.679300367832183838e-01
1.677298992872238159e-01
1.673654764890670776e-01
1.669164896011352539e-01
1.664269119501113892e-01
1.658602803945541382e-01
1.653014123439788818e-01
1.647820770740509033e-01
1.640624552965164185e-01
1.632997095584869385e-01
1.625054031610488892e-01
1.618071794509887695e-01
1.611936986446380615e-01
1.606286913156509399e-01
1.599685549736022949e-01
1.592943221330642700e-01
1.586889028549194336e-01
1.581216752529144287e-01
1.576384902000427246e-01
1.571097671985626221e-01
1.566338539123535156e-01
1.561151742935180664e-01
1.556465476751327515e-01
1.552169024944305420e-01
1.548233181238174438e-01
1.544959843158721924e-01
1.541219949722290039e-01
1.537756919860839844e-01
1.533887833356857300e-01
1.530068665742874146e-01
1.526330560445785522e-01
1.522955149412155151e-01
1.519265472888946533e-01
1.515046656131744385e-01
1.510893106460571289e-01
1.507002413272857666e-01
1.503321826457977295e-01
1.500085294246673584e-01
1.496538221836090088e-01
1.493147164583206177e-01
1.488334536552429199e-01
1.482850760221481323e-01
1.478578299283981323e-01
1.474915146827697754e-01
1.472046524286270142e-01
1.469880789518356323e-01
1.467482298612594604e-01
1.466064006090164185e-01
1.464926451444625854e-01
1.463777273893356323e-01
1.462098807096481323e-01
1.460715532302856445e-01
1.457901149988174438e-01
1.455451399087905884e-01
1.452789157629013062e-01
1.450780034065246582e-01
1.448178142309188843e-01
1.445438265800476074e-01
1.442456245422363281e-01
1.439083367586135864e-01
1.434866636991500854e-01
1.430537551641464233e-01
1.426976174116134644e-01
1.422472745180130005e-01
1.418152004480361938e-01
1.414369940757751465e-01
1.411355137825012207e-01
1.408301740884780884e-01
1.405384242534637451e-01
1.402731984853744507e-01
1.400478184223175049e-01
1.397933512926101685e-01
1.395229250192642212e-01
1.391756236553192139e-01
1.388127207756042480e-01
1.384497433900833130e-01
1.380946934223175049e-01
1.378173977136611938e-01
1.375386416912078857e-01
1.373187601566314697e-01
1.371010541915893555e-01
1.368740499019622803e-01
1.367109566926956177e-01
1.364983320236206055e-01
1.362491250038146973e-01
1.360132545232772827e-01
1.356540620326995850e-01
1.353335678577423096e-01
1.349985152482986450e-01
1.346630007028579712e-01
1.343309730291366577e-01
1.339837908744812012e-01
1.336357444524765015e-01
1.333151757717132568e-01
1.330601125955581665e-01
1.328133642673492432e-01
1.324796229600906372e-01
1.322089135646820068e-01
1.319358199834823608e-01
1.316339075565338135e-01
1.313753426074981689e-01
1.311418861150741577e-01
1.308905929327011108e-01
1.305397003889083862e-01
1.302758008241653442e-01
1.300325244665145874e-01
1.297576874494552612e-01
1.294555068016052246e-01
1.291169673204421997e-01
1.288024783134460449e-01
1.284592002630233765e-01
1.281233429908752441e-01
1.278867721557617188e-01
1.277512907981872559e-01
1.276960372924804688e-01
1.276939064264297485e-01
1.276471614837646484e-01
1.276176124811172485e-01
1.275985687971115112e-01
1.276741623878479004e-01
1.276970058679580688e-01
1.276161521673202515e-01
1.275033503770828247e-01
1.273794323205947876e-01
1.272001266479492188e-01
1.269294619560241699e-01
1.265831440687179565e-01
1.261520236730575562e-01
1.256487369537353516e-01
1.251906752586364746e-01
1.247520893812179565e-01
1.243600621819496155e-01
1.239502206444740295e-01
1.235742866992950439e-01
1.232750043272972107e-01
1.229441240429878235e-01
1.226308792829513550e-01
1.222886964678764343e-01
1.219255924224853516e-01
1.215447038412094116e-01
1.211890578269958496e-01
1.208496019244194031e-01
1.205025240778923035e-01
1.202765777707099915e-01
1.201179996132850647e-01
1.199408918619155884e-01
1.197556108236312866e-01
1.195373684167861938e-01
1.193997636437416077e-01
1.192848160862922668e-01
1.192017123103141785e-01
1.191594973206520081e-01
1.190529018640518188e-01
1.190139725804328918e-01
1.189575046300888062e-01
1.189155057072639465e-01
1.188649460673332214e-01
1.186675876379013062e-01
1.184346601366996765e-01
1.181449368596076965e-01
1.177434772253036499e-01
1.173782572150230408e-01
1.170186176896095276e-01
1.166798844933509827e-01
1.163414493203163147e-01
1.160611212253570557e-01
1.157877221703529358e-01
1.155214831233024597e-01
1.152487769722938538e-01
1.149817407131195068e-01
1.147575452923774719e-01
1.146009117364883423e-01
1.144610419869422913e-01
1.143414825201034546e-01
1.142196729779243469e-01
1.140755787491798401e-01
1.138727441430091858e-01
1.137722879648208618e-01
1.136924102902412415e-01
1.135779246687889099e-01
1.134414598345756531e-01
1.133395284414291382e-01
1.132776960730552673e-01
1.132270321249961853e-01
1.131134554743766785e-01
1.129377186298370361e-01
1.127082183957099915e-01
1.125058457255363464e-01
1.123038083314895630e-01
1.120728105306625366e-01
1.118393614888191223e-01
1.115294694900512695e-01
1.112515553832054138e-01
1.109237894415855408e-01
1.105687841773033142e-01
1.102038323879241943e-01
1.098392903804779053e-01
1.095009446144104004e-01
1.092006266117095947e-01
1.089594736695289612e-01
1.087415292859077454e-01
1.084859073162078857e-01
1.082460805773735046e-01
1.079913377761840820e-01
1.078137308359146118e-01
1.077306494116783142e-01
1.076774448156356812e-01
1.076022908091545105e-01
1.075933054089546204e-01
1.075334176421165466e-01
1.074867099523544312e-01
1.074208095669746399e-01
1.073466464877128601e-01
1.073236018419265747e-01
1.074360013008117676e-01
1.074914112687110901e-01
1.075314357876777649e-01
1.075022518634796143e-01
1.074600741267204285e-01
1.073567494750022888e-01
1.071862205862998962e-01
1.069612205028533936e-01
1.066970154643058777e-01
1.063957139849662781e-01
1.060685887932777405e-01
1.057622581720352173e-01
1.053913757205009460e-01
1.050870567560195923e-01
1.048516631126403809e-01
1.046107187867164612e-01
1.043625473976135254e-01
1.040983349084854126e-01
1.038313433527946472e-01
1.035397052764892578e-01
1.032916828989982605e-01
1.030728295445442200e-01
1.028748229146003723e-01
1.027326583862304688e-01
1.025228947401046753e-01
1.022717356681823730e-01
1.021108478307723999e-01
1.019095629453659058e-01
1.016960293054580688e-01
1.014900133013725281e-01
1.012455895543098450e-01
1.009900644421577454e-01
1.007960364222526550e-01
1.005961671471595764e-01
1.004145294427871704e-01
1.002881005406379700e-01
1.001903712749481201e-01
1.000737845897674561e-01
9.999200701713562012e-02
9.995177388191223145e-02
9.991048276424407959e-02
9.982650727033615112e-02
9.974189847707748413e-02
9.960558265447616577e-02
9.944823384284973145e-02
9.924603998661041260e-02
9.906122088432312012e-02
9.889228641986846924e-02
9.869477897882461548e-02
9.851953387260437012e-02
9.835333377122879028e-02
9.823321551084518433e-02
9.806917607784271240e-02
9.787650406360626221e-02
9.768293052911758423e-02
9.754187613725662231e-02
9.742381423711776733e-02
9.733861684799194336e-02
9.723407030105590820e-02
9.718585759401321411e-02
9.712193906307220459e-02
9.708052873611450195e-02
9.703852236270904541e-02
9.696196764707565308e-02
9.685895591974258423e-02
9.677474945783615112e-02
9.665776044130325317e-02
9.654521197080612183e-02
9.644673764705657959e-02
9.634302556514739990e-02
9.619641304016113281e-02
9.603404253721237183e-02
9.583027660846710205e-02
9.559217840433120728e-02
9.539382904767990112e-02
9.522888064384460449e-02
9.506104886531829834e-02
9.489926695823669434e-02
9.476593136787414551e-02
9.460933506488800049e-02
9.449384361505508423e-02
9.435654431581497192e-02
9.422042965888977051e-02
9.404501318931579590e-02
9.388758242130279541e-02
9.374366700649261475e-02
9.357071667909622192e-02
9.345652163028717041e-02
9.330750256776809692e-02
9.315621107816696167e-02
9.304460138082504272e-02
9.292958676815032959e-02
9.275428205728530884e-02
9.260308742523193359e-02
9.243424236774444580e-02
9.220511466264724731e-02
9.198629111051559448e-02
9.175391495227813721e-02
9.151433408260345459e-02
9.127832949161529541e-02
9.101874381303787231e-02
9.074757248163223267e-02
9.050641953945159912e-02
9.027483314275741577e-02
9.006010740995407104e-02
8.987835794687271118e-02
8.966819196939468384e-02
8.946363627910614014e-02
8.927427232265472412e-02
8.913698792457580566e-02
8.898154646158218384e-02
8.881752938032150269e-02
8.870070427656173706e-02
8.857837319374084473e-02
8.845908194780349731e-02
8.839791268110275269e-02
8.834083378314971924e-02
8.832800388336181641e-02
8.830780535936355591e-02
8.831021934747695923e-02
8.830773830413818359e-02
8.827207237482070923e-02
8.822984993457794189e-02
8.812746405601501465e-02
8.800540864467620850e-02
8.791726082563400269e-02
8.783313632011413574e-02
8.772630989551544189e-02
8.758959174156188965e-02
8.743937313556671143e-02
8.727638423442840576e-02
8.709228038787841797e-02
8.686446398496627808e-02
8.664321154356002808e-02
8.643995970487594604e-02
8.623125404119491577e-02
8.607617020606994629e-02
8.597537130117416382e-02
8.583866804838180542e-02
8.569219708442687988e-02
8.550022542476654053e-02
8.531679958105087280e-02
8.512913435697555542e-02
8.492905646562576294e-02
8.471944183111190796e-02
8.457066863775253296e-02
8.443033695220947266e-02
8.428989350795745850e-02
8.415213227272033691e-02
8.402495831251144409e-02
8.390805870294570923e-02
8.376339823007583618e-02
8.361471444368362427e-02
8.350136876106262207e-02
8.340828120708465576e-02
8.332686871290206909e-02
8.325993269681930542e-02
8.318597823381423950e-02
8.312337845563888550e-02
8.303589373826980591e-02
8.295300602912902832e-02
8.288566768169403076e-02
8.283886313438415527e-02
8.280563354492187500e-02
8.276757597923278809e-02
8.268392831087112427e-02
8.262011408805847168e-02
8.252752572298049927e-02
8.241391927003860474e-02
8.231354504823684692e-02
8.219026029109954834e-02
8.203654736280441284e-02
8.190394937992095947e-02
8.176033198833465576e-02
8.160774409770965576e-02
8.143763244152069092e-02
8.128470182418823242e-02
8.114213496446609497e-02
8.100472390651702881e-02
8.087883889675140381e-02
8.074943721294403076e-02
8.062364906072616577e-02
8.048980683088302612e-02
8.035039156675338745e-02
8.021781593561172485e-02
8.008842170238494873e-02
7.995598018169403076e-02
7.982256263494491577e-02
7.966650277376174927e-02
7.951700687408447266e-02
7.939031720161437988e-02
7.926683872938156128e-02
7.914770394563674927e-02
7.902763038873672485e-02
7.891207933425903320e-02
7.881399989128112793e-02
7.875452190637588501e-02
7.868956774473190308e-02
7.864758372306823730e-02
7.860713452100753784e-02
7.854226976633071899e-02
7.850413024425506592e-02
7.849091291427612305e-02
7.843773066997528076e-02
7.836564630270004272e-02
7.830429822206497192e-02
7.819755375385284424e-02
7.807158678770065308e-02
7.792243361473083496e-02
7.773744314908981323e-02
7.756414264440536499e-02
7.738908380270004272e-02
7.721486687660217285e-02
7.702030241489410400e-02
7.680481672286987305e-02
7.661178708076477051e-02
7.640227675437927246e-02
7.623300701379776001e-02
7.610701769590377808e-02
7.599479705095291138e-02
7.590996474027633667e-02
7.584150880575180054e-02
7.577256858348846436e-02
7.574211806058883667e-02
7.571190595626831055e-02
7.566672563552856445e-02
7.565276324748992920e-02
7.563028484582901001e-02
7.558951526880264282e-02
7.553521543741226196e-02
7.544098049402236938e-02
7.533683627843856812e-02
7.522997260093688965e-02
7.511176913976669312e-02
7.498964667320251465e-02
7.487105578184127808e-02
7.474891096353530884e-02
7.464600354433059692e-02
7.453887164592742920e-02
7.442515343427658081e-02
7.430133968591690063e-02
7.416192442178726196e-02
7.401278614997863770e-02
7.388313859701156616e-02
7.374152541160583496e-02
7.361220568418502808e-02
7.348591834306716919e-02
7.336933165788650513e-02
7.324384152889251709e-02
7.311853021383285522e-02
7.297740131616592407e-02
7.285340875387191772e-02
7.274372130632400513e-02
7.264711707830429077e-02
7.256445288658142090e-02
7.246614992618560791e-02
7.239016890525817871e-02
7.232155650854110718e-02
7.226985692977905273e-02
7.220498472452163696e-02
7.212065905332565308e-02
7.202275842428207397e-02
7.193764299154281616e-02
7.185734808444976807e-02
7.176377624273300171e-02
7.166420668363571167e-02
7.158058136701583862e-02
7.149260491132736206e-02
7.139926403760910034e-02
7.129253447055816650e-02
7.119587808847427368e-02
7.110205292701721191e-02
7.100124657154083252e-02
7.086399197578430176e-02
7.072827965021133423e-02
7.061213999986648560e-02
7.049985229969024658e-02
7.041306793689727783e-02
7.031380385160446167e-02
7.022484391927719116e-02
7.014432549476623535e-02
7.003924995660781860e-02
6.995435059070587158e-02
6.989666819572448730e-02
6.983218342065811157e-02
6.976696848869323730e-02
6.969834119081497192e-02
6.962062418460845947e-02
6.953637301921844482e-02
6.941769272089004517e-02
6.928873807191848755e-02
6.913515925407409668e-02
6.897561252117156982e-02
6.882303208112716675e-02
6.866880506277084351e-02
6.852927803993225098e-02
6.842973083257675171e-02
6.831112504005432129e-02
6.818247586488723755e-02
6.807700544595718384e-02
6.797578930854797363e-02
6.788980960845947266e-02
6.781769543886184692e-02
6.772857159376144409e-02
6.763848662376403809e-02
6.753584742546081543e-02
6.744594126939773560e-02
6.737516075372695923e-02
6.731178611516952515e-02
6.727018207311630249e-02
6.724966317415237427e-02
6.720779091119766235e-02
6.716718524694442749e-02
6.709461659193038940e-02
6.699898838996887207e-02
6.691325455904006958e-02
6.678591668605804443e-02
6.663851439952850342e-02
6.649631261825561523e-02
6.635908782482147217e-02
6.620972603559494019e-02
6.607575714588165283e-02
6.592942029237747192e-02
6.577725708484649658e-02
6.562989205121994019e-02
6.550988554954528809e-02
6.537488102912902832e-02
6.526568531990051270e-02
6.517019122838973999e-02
6.507862359285354614e-02
6.501914560794830322e-02
6.495860964059829712e-02
6.489143520593643188e-02
6.481408327817916870e-02
6.474887579679489136e-02
6.466718763113021851e-02
6.461570411920547485e-02
6.455621868371963501e-02
6.449463963508605957e-02
6.443607807159423828e-02
6.437481939792633057e-02
6.429526954889297485e-02
6.420662254095077515e-02
6.413315981626510620e-02
6.406447291374206543e-02
6.399771571159362793e-02
6.393477320671081543e-02
6.387317180633544922e-02
6.380033493041992188e-02
6.372878700494766235e-02
6.366768479347229004e-02
6.360863894224166870e-02
6.354722380638122559e-02
6.348373740911483765e-02
6.339657306671142578e-02
6.332218647003173828e-02
6.324004381895065308e-02
6.315613538026809692e-02
6.307756155729293823e-02
6.299246102571487427e-02
6.291952729225158691e-02
6.282950937747955322e-02
6.272171437740325928e-02
6.262778490781784058e-02
6.254196912050247192e-02
6.245565041899681091e-02
6.235504522919654846e-02
6.227490305900573730e-02
6.218956410884857178e-02
6.211129203438758850e-02
6.203995272517204285e-02
6.195628643035888672e-02
6.186445802450180054e-02
6.178702041506767273e-02
6.172219663858413696e-02
6.163264811038970947e-02
6.154672801494598389e-02
6.145093217492103577e-02
6.134425103664398193e-02
6.125221401453018188e-02
6.115916371345520020e-02
6.104100495576858521e-02
6.091728061437606812e-02
6.079711392521858215e-02
6.070330366492271423e-02
6.062851473689079285e-02
6.055069342255592346e-02
6.048355251550674438e-02
6.042721495032310486e-02
6.034700945019721985e-02
6.026456132531166077e-02
6.019830331206321716e-02
6.012957543134689331e-02
6.005289778113365173e-02
5.997082963585853577e-02
5.987358465790748596e-02
5.978924036026000977e-02
5.970585718750953674e-02
5.963757261633872986e-02
5.957946181297302246e-02
5.952837690711021423e-02
5.946158990263938904e-02
5.939522758126258850e-02
5.934372544288635254e-02
5.931092053651809692e-02
5.925954505801200867e-02
5.919226631522178650e-02
5.909958854317665100e-02
5.900001898407936096e-02
5.890794843435287476e-02
5.881652235984802246e-02
5.871721729636192322e-02
5.863581970334053040e-02
5.855928733944892883e-02
5.847788974642753601e-02
5.840495601296424866e-02
5.833868682384490967e-02
5.826390162110328674e-02
5.817264690995216370e-02
5.808245018124580383e-02
5.799105390906333923e-02
5.790903791785240173e-02
5.783091858029365540e-02
5.774648115038871765e-02
5.768013745546340942e-02
5.759860947728157043e-02
5.751622468233108521e-02
5.742685496807098389e-02
5.735203996300697327e-02
5.726254731416702271e-02
5.717989802360534668e-02
5.709658935666084290e-02
5.701587349176406860e-02
5.694811791181564331e-02
5.689242854714393616e-02
5.683911964297294617e-02
5.677212029695510864e-02
5.671256780624389648e-02
5.665728822350502014e-02
5.660492181777954102e-02
5.656239762902259827e-02
5.651477351784706116e-02
5.646749585866928101e-02
5.642552673816680908e-02
5.639988929033279419e-02
5.636647343635559082e-02
5.632387101650238037e-02
5.626865848898887634e-02
5.620002374053001404e-02
5.611049383878707886e-02
5.601504817605018616e-02
5.591064691543579102e-02
5.581419914960861206e-02
5.571947991847991943e-02
5.562008544802665710e-02
5.553054437041282654e-02
5.544471368193626404e-02
5.534945800900459290e-02
5.524107068777084351e-02
5.512616038322448730e-02
5.501883476972579956e-02
5.492453277111053467e-02
5.482237040996551514e-02
5.473855137825012207e-02
5.466322600841522217e-02
