2.421848297119140625e+01
1.888051986694335938e+01
1.405664920806884766e+01
9.916170120239257812e+00
6.458968639373779297e+00
3.805393218994140625e+00
2.119798183441162109e+00
1.402387738227844238e+00
1.270024538040161133e+00
1.311931610107421875e+00
1.375970959663391113e+00
1.440690159797668457e+00
1.518006563186645508e+00
1.609272122383117676e+00
1.700989723205566406e+00
1.780717134475708008e+00
1.839415431022644043e+00
1.880111336708068848e+00
1.904293656349182129e+00
1.915601491928100586e+00
1.918290138244628906e+00
1.921143412590026855e+00
1.927075147628784180e+00
1.938294291496276855e+00
1.951656818389892578e+00
1.965746641159057617e+00
1.977848172187805176e+00
1.988220453262329102e+00
1.997252464294433594e+00
2.002609968185424805e+00
2.005138874053955078e+00
2.004394769668579102e+00
2.001526832580566406e+00
1.996158719062805176e+00
1.988329768180847168e+00
1.978085160255432129e+00
1.966251611709594727e+00
1.953002095222473145e+00
1.937760233879089355e+00
1.920834064483642578e+00
1.902635574340820312e+00
1.883056402206420898e+00
1.862671017646789551e+00
1.841383457183837891e+00
1.818908572196960449e+00
1.795654177665710449e+00
1.771911978721618652e+00
1.747618794441223145e+00
1.723008513450622559e+00
1.698246836662292480e+00
1.673568844795227051e+00
1.648480653762817383e+00
1.623474478721618652e+00
1.598648667335510254e+00
1.573612213134765625e+00
1.548626065254211426e+00
1.523926138877868652e+00
1.499799966812133789e+00
1.475871324539184570e+00
1.452168583869934082e+00
1.428812265396118164e+00
1.405740857124328613e+00
1.383112311363220215e+00
1.360411405563354492e+00
1.337995171546936035e+00
1.316345095634460449e+00
1.295469999313354492e+00
1.275086760520935059e+00
1.255432009696960449e+00
1.236138701438903809e+00
1.217248558998107910e+00
1.198770642280578613e+00
1.180459856986999512e+00
1.162694096565246582e+00
1.145468473434448242e+00
1.128600597381591797e+00
1.112066149711608887e+00
1.095848321914672852e+00
1.079893589019775391e+00
1.064332842826843262e+00
1.049344301223754883e+00
1.034940481185913086e+00
1.020868301391601562e+00
1.007112145423889160e+00
9.940180778503417969e-01
9.811171889305114746e-01
9.684163331985473633e-01
9.560322761535644531e-01
9.439692497253417969e-01
9.321967363357543945e-01
9.206459522247314453e-01
9.093627333641052246e-01
8.987727165222167969e-01
8.884273171424865723e-01
8.786243796348571777e-01
8.692299127578735352e-01
8.601362109184265137e-01
8.513579368591308594e-01
8.427756428718566895e-01
8.346938490867614746e-01
8.268126845359802246e-01
8.191450834274291992e-01
8.117680549621582031e-01
8.045043349266052246e-01
7.974451780319213867e-01
7.906798720359802246e-01
7.839330434799194336e-01
7.772007584571838379e-01
7.707190513610839844e-01
7.640660405158996582e-01
7.572328448295593262e-01
7.506693005561828613e-01
7.443869113922119141e-01
7.380956411361694336e-01
7.319865822792053223e-01
7.259323000907897949e-01
7.201843857765197754e-01
7.143576741218566895e-01
7.086209058761596680e-01
7.029918432235717773e-01
6.971216201782226562e-01
6.914565563201904297e-01
6.858738660812377930e-01
6.802085041999816895e-01
6.744667887687683105e-01
6.687227487564086914e-01
6.629847884178161621e-01
6.571655273437500000e-01
6.512480974197387695e-01
6.455070376396179199e-01
6.400138735771179199e-01
6.346246004104614258e-01
6.293311119079589844e-01
6.242159605026245117e-01
6.190920472145080566e-01
6.141688227653503418e-01
6.094366312026977539e-01
6.045019626617431641e-01
5.995515584945678711e-01
5.945945978164672852e-01
5.895583629608154297e-01
5.847606062889099121e-01
5.799559950828552246e-01
5.751478075981140137e-01
5.702176690101623535e-01
5.653688311576843262e-01
5.608695149421691895e-01
5.563631653785705566e-01
5.519548654556274414e-01
5.474513173103332520e-01
5.431179404258728027e-01
5.387157201766967773e-01
5.344424247741699219e-01
5.301956534385681152e-01
5.261647105216979980e-01
5.219423770904541016e-01
5.177144408226013184e-01
5.138731598854064941e-01
5.101499557495117188e-01
5.066078305244445801e-01
5.032051205635070801e-01
4.999082386493682861e-01
4.968872666358947754e-01
4.938802421092987061e-01
4.911032915115356445e-01
4.883117675781250000e-01
4.853517711162567139e-01
4.824666380882263184e-01
4.796602427959442139e-01
4.770347177982330322e-01
4.744842350482940674e-01
4.718025624752044678e-01
4.690359830856323242e-01
4.660757184028625488e-01
4.629508554935455322e-01
4.598653614521026611e-01
4.568491578102111816e-01
4.538234174251556396e-01
4.507904350757598877e-01
4.478454887866973877e-01
4.446072876453399658e-01
4.416079819202423096e-01
4.385867416858673096e-01
4.353940188884735107e-01
4.322778582572937012e-01
4.293633699417114258e-01
4.266849756240844727e-01
4.238848090171813965e-01
4.211469590663909912e-01
4.183053970336914062e-01
4.154674410820007324e-01
4.127769172191619873e-01
4.102184176445007324e-01
4.076071083545684814e-01
4.051971137523651123e-01
4.028589129447937012e-01
4.005175530910491943e-01
3.981465697288513184e-01
3.959399759769439697e-01
3.937378227710723877e-01
3.917093575000762939e-01
3.896979987621307373e-01
3.876202404499053955e-01
3.854520022869110107e-01
3.833783268928527832e-01
3.813324272632598877e-01
3.793171942234039307e-01
3.771625459194183350e-01
3.750925660133361816e-01
3.728680014610290527e-01
3.705594241619110107e-01
3.682901859283447266e-01
3.661608994007110596e-01
3.641772270202636719e-01
3.621204793453216553e-01
3.600477278232574463e-01
3.581501543521881104e-01
3.564136922359466553e-01
3.546183705329895020e-01
3.527568280696868896e-01
3.509829342365264893e-01
3.492279350757598877e-01
3.475185632705688477e-01
3.458458185195922852e-01
3.443255722522735596e-01
3.428026139736175537e-01
3.412625491619110107e-01
3.396618068218231201e-01
3.380843102931976318e-01
3.364365696907043457e-01
3.346865773200988770e-01
3.329176306724548340e-01
3.311570286750793457e-01
3.296344876289367676e-01
3.280791938304901123e-01
3.263996243476867676e-01
3.247666358947753906e-01
3.230029344558715820e-01
3.215740323066711426e-01
3.199615776538848877e-01
3.183914124965667725e-01
3.168590962886810303e-01
3.154755532741546631e-01
3.141800165176391602e-01
3.130036294460296631e-01
3.116960525512695312e-01
3.103545010089874268e-01
3.090655505657196045e-01
3.077330291271209717e-01
3.061888813972473145e-01
3.046773672103881836e-01
3.030865788459777832e-01
3.015087246894836426e-01
3.000579476356506348e-01
2.985228300094604492e-01
2.969372868537902832e-01
2.952067852020263672e-01
2.933893799781799316e-01
2.915293872356414795e-01
2.896572053432464600e-01
2.877793908119201660e-01
2.858276665210723877e-01
2.840711772441864014e-01
2.823185324668884277e-01
2.805463671684265137e-01
2.787541449069976807e-01
2.770215868949890137e-01
2.754155099391937256e-01
2.738782465457916260e-01
2.724094092845916748e-01
2.710961401462554932e-01
2.700653970241546631e-01
2.689607739448547363e-01
2.678055465221405029e-01
2.665562331676483154e-01
2.655946016311645508e-01
2.646391093730926514e-01
2.637704908847808838e-01
2.629182338714599609e-01
2.620866894721984863e-01
2.612095177173614502e-01
2.602081298828125000e-01
2.592545747756958008e-01
2.582455277442932129e-01
2.572955489158630371e-01
2.563858330249786377e-01
2.554411888122558594e-01
2.544856369495391846e-01
2.536693811416625977e-01
2.527679800987243652e-01
2.518233954906463623e-01
2.508848905563354492e-01
2.499846369028091431e-01
2.491546273231506348e-01
2.482852339744567871e-01
2.474766373634338379e-01
2.466945946216583252e-01
2.457204163074493408e-01
2.447438389062881470e-01
2.438053488731384277e-01
2.428343892097473145e-01
2.418655306100845337e-01
2.409515529870986938e-01
2.400074303150177002e-01
2.389587312936782837e-01
2.378999143838882446e-01
2.368257194757461548e-01
2.357576042413711548e-01
2.347276210784912109e-01
2.336976677179336548e-01
2.326664328575134277e-01
2.316435724496841431e-01
2.305700182914733887e-01
2.295612841844558716e-01
2.286071479320526123e-01
2.276916950941085815e-01
2.268770635128021240e-01
2.260289639234542847e-01
2.251127809286117554e-01
2.243114113807678223e-01
2.233428508043289185e-01
2.224328219890594482e-01
2.215118855237960815e-01
2.206345647573471069e-01
2.198866605758666992e-01
2.191549241542816162e-01
2.183095961809158325e-01
2.175827175378799438e-01
2.168634086847305298e-01
2.161847203969955444e-01
2.155896276235580444e-01
2.149299383163452148e-01
2.143806070089340210e-01
2.138541042804718018e-01
2.133030891418457031e-01
2.126618921756744385e-01
2.119805514812469482e-01
2.112956047058105469e-01
2.106318771839141846e-01
2.098976075649261475e-01
2.092185616493225098e-01
2.084943205118179321e-01
2.077561616897583008e-01
2.068711817264556885e-01
2.059173136949539185e-01
2.048896402120590210e-01
2.038979530334472656e-01
2.028807401657104492e-01
2.019419521093368530e-01
2.011489421129226685e-01
2.004007250070571899e-01
1.996002346277236938e-01
1.987996101379394531e-01
1.979592889547348022e-01
1.971563398838043213e-01
1.963800042867660522e-01
1.956105232238769531e-01
1.948904097080230713e-01
1.942138522863388062e-01
1.935120075941085815e-01
1.929086446762084961e-01
1.923543512821197510e-01
1.918176114559173584e-01
1.912153661251068115e-01
1.905569732189178467e-01
1.898955851793289185e-01
1.891231089830398560e-01
1.884059458971023560e-01
1.876532137393951416e-01
1.869251877069473267e-01
1.861490607261657715e-01
1.853387504816055298e-01
1.845494061708450317e-01
1.837289333343505859e-01
1.829908937215805054e-01
1.822657138109207153e-01
1.815131008625030518e-01
1.808248311281204224e-01
1.800462156534194946e-01
1.791709065437316895e-01
1.783239245414733887e-01
1.774803698062896729e-01
1.768466234207153320e-01
1.762466877698898315e-01
1.756361573934555054e-01
1.750231981277465820e-01
1.744820028543472290e-01
1.739529520273208618e-01
1.735002398490905762e-01
1.730825603008270264e-01
1.726940274238586426e-01
1.722177565097808838e-01
1.717328429222106934e-01
1.712030768394470215e-01
1.707208156585693359e-01
1.701665967702865601e-01
1.695458292961120605e-01
1.688842624425888062e-01
1.683300435543060303e-01
1.677578538656234741e-01
1.672127246856689453e-01
1.667022854089736938e-01
1.662973463535308838e-01
1.658636331558227539e-01
1.655549407005310059e-01
1.652443259954452515e-01
1.648712307214736938e-01
1.644445806741714478e-01
1.639258861541748047e-01
1.634550988674163818e-01
1.629188358783721924e-01
1.623658090829849243e-01
1.618498265743255615e-01
1.613188087940216064e-01
1.608047038316726685e-01
1.602629125118255615e-01
1.597906351089477539e-01
1.593398898839950562e-01
1.588591039180755615e-01
1.584421098232269287e-01
1.580656170845031738e-01
1.577003151178359985e-01
1.573226749897003174e-01
1.570104509592056274e-01
1.567357629537582397e-01
1.564529091119766235e-01
1.562507748603820801e-01
1.558861434459686279e-01
1.554954648017883301e-01
1.549962610006332397e-01
1.544595062732696533e-01
1.540228575468063354e-01
1.535975337028503418e-01
1.532318890094757080e-01
1.528822630643844604e-01
1.524322926998138428e-01
1.520889699459075928e-01
1.517103165388107300e-01
1.513794064521789551e-01
1.509355008602142334e-01
1.504769921302795410e-01
1.499320566654205322e-01
1.492276936769485474e-01
1.484916806221008301e-01
1.477611511945724487e-01
1.471073031425476074e-01
1.464392244815826416e-01
1.458519250154495239e-01
1.453468054533004761e-01
1.448065489530563354e-01
1.443098038434982300e-01
1.438835561275482178e-01
1.434453129768371582e-01
1.430180668830871582e-01
1.426044255495071411e-01
1.421924084424972534e-01
1.416710764169692993e-01
1.412015855312347412e-01
1.407115310430526733e-01
1.402282565832138062e-01
1.397212445735931396e-01
1.391228884458541870e-01
1.386075019836425781e-01
1.381029784679412842e-01
1.375913918018341064e-01
1.371604055166244507e-01
1.367883086204528809e-01
1.363720297813415527e-01
1.358678191900253296e-01
1.354057937860488892e-01
1.350665688514709473e-01
1.348086744546890259e-01
1.344824284315109253e-01
1.342114210128784180e-01
1.339532732963562012e-01
1.337051838636398315e-01
1.333569288253784180e-01
1.330606192350387573e-01
1.328152567148208618e-01
1.325864195823669434e-01
1.323394924402236938e-01
1.320759057998657227e-01
1.318158358335494995e-01
1.316421926021575928e-01
1.314962804317474365e-01
1.314126402139663696e-01
1.312138736248016357e-01
1.309509128332138062e-01
1.306450366973876953e-01
1.301993578672409058e-01
1.297025382518768311e-01
1.291353553533554077e-01
1.286089420318603516e-01
1.281166672706604004e-01
1.275556236505508423e-01
1.269721835851669312e-01
1.263571083545684814e-01
1.257621645927429199e-01
1.252167075872421265e-01
1.247053071856498718e-01
1.242339834570884705e-01
1.237333267927169800e-01
1.233339533209800720e-01
1.229324191808700562e-01
1.225538328289985657e-01
1.221931427717208862e-01
1.219098865985870361e-01
1.216507107019424438e-01
1.214171797037124634e-01
1.211271286010742188e-01
1.208009645342826843e-01
1.204289868474006653e-01
1.200857162475585938e-01
1.197240650653839111e-01
1.194684356451034546e-01
1.192855983972549438e-01
1.190765574574470520e-01
1.189461350440979004e-01
1.188390105962753296e-01
1.187141537666320801e-01
1.186037659645080566e-01
1.184194311499595642e-01
1.181793808937072754e-01
1.179692670702934265e-01
1.177558973431587219e-01
1.176109164953231812e-01
1.174248456954956055e-01
1.172151863574981689e-01
1.169901117682456970e-01
1.167678162455558777e-01
1.165611073374748230e-01
1.163777410984039307e-01
1.161298453807830811e-01
1.157348901033401489e-01
1.153686791658401489e-01
1.150027364492416382e-01
1.145754903554916382e-01
1.141556724905967712e-01
1.137542799115180969e-01
1.133005917072296143e-01
1.129540055990219116e-01
1.126793920993804932e-01
1.124954372644424438e-01
1.123390272259712219e-01
1.121455058455467224e-01
1.119526997208595276e-01
1.117142960429191589e-01
1.113931983709335327e-01
1.110536903142929077e-01
1.106908097863197327e-01
1.103486344218254089e-01
1.099545657634735107e-01
1.095847412943840027e-01
1.092339083552360535e-01
1.088169887661933899e-01
1.084051653742790222e-01
1.080553829669952393e-01
1.077279075980186462e-01
1.074063330888748169e-01
1.071308180689811707e-01
1.067951843142509460e-01
1.064148694276809692e-01
1.061602830886840820e-01
1.060066446661949158e-01
1.059303358197212219e-01
1.059215590357780457e-01
1.058845445513725281e-01
1.058082506060600281e-01
1.057366654276847839e-01
1.055726855993270874e-01
1.053991615772247314e-01
1.052199155092239380e-01
1.050098985433578491e-01
1.047742366790771484e-01
1.044845655560493469e-01
1.041019186377525330e-01
1.037026196718215942e-01
1.032611578702926636e-01
1.028814911842346191e-01
1.024885028600692749e-01
1.020421981811523438e-01
1.015841811895370483e-01
1.011247858405113220e-01
1.007182449102401733e-01
1.003305986523628235e-01
9.992188960313796997e-02
9.957006573677062988e-02
9.923554211854934692e-02
9.900572150945663452e-02
9.878514707088470459e-02
9.852623939514160156e-02
9.829306602478027344e-02
9.802370518445968628e-02
9.773917496204376221e-02
9.750865399837493896e-02
9.725856035947799683e-02
9.701656550168991089e-02
9.681314229965209961e-02
9.666060656309127808e-02
9.652990102767944336e-02
9.646730870008468628e-02
9.644800424575805664e-02
9.641653299331665039e-02
9.638205915689468384e-02
9.637552499771118164e-02
9.630711376667022705e-02
9.628199040889739990e-02
9.623980522155761719e-02
9.619901329278945923e-02
9.611866623163223267e-02
9.601204842329025269e-02
9.593994170427322388e-02
9.582398086786270142e-02
9.571740776300430298e-02
9.554292261600494385e-02
9.540813416242599487e-02
9.522350132465362549e-02
9.508863836526870728e-02
9.498088806867599487e-02
9.483054280281066895e-02
9.463474154472351074e-02
9.440896660089492798e-02
9.411653131246566772e-02
9.384568035602569580e-02
9.351853281259536743e-02
9.312789142131805420e-02
9.279253333806991577e-02
9.239552915096282959e-02
9.202161431312561035e-02
9.169869124889373779e-02
9.139633178710937500e-02
9.109880775213241577e-02
9.079774469137191772e-02
9.048054367303848267e-02
9.019955247640609741e-02
8.990231901407241821e-02
8.957698196172714233e-02
8.926668763160705566e-02
8.898790925741195679e-02
8.871976286172866821e-02
8.848080784082412720e-02
8.824927359819412231e-02
8.802309632301330566e-02
8.774842321872711182e-02
8.750914782285690308e-02
8.728276193141937256e-02
8.703719824552536011e-02
8.685336261987686157e-02
8.661130070686340332e-02
8.641781657934188843e-02
8.624649792909622192e-02
8.604673296213150024e-02
8.590734004974365234e-02
8.582578599452972412e-02
8.573149889707565308e-02
8.564028888940811157e-02
8.559028804302215576e-02
8.559063076972961426e-02
8.557619154453277588e-02
8.551654219627380371e-02
8.548007905483245850e-02
8.537432551383972168e-02
8.522415906190872192e-02
8.511706441640853882e-02
8.497998863458633423e-02
8.486291021108627319e-02
8.470544219017028809e-02
8.454369753599166870e-02
8.441132307052612305e-02
8.427783101797103882e-02
8.408492803573608398e-02
8.385120332241058350e-02
8.364076167345046997e-02
8.337265253067016602e-02
8.306875824928283691e-02
8.277895301580429077e-02
8.247523754835128784e-02
8.217761665582656860e-02
8.184962719678878784e-02
8.152761310338973999e-02
8.123388141393661499e-02
8.103524148464202881e-02
8.084610104560852051e-02
8.074685931205749512e-02
8.065918087959289551e-02
8.059071749448776245e-02
8.049809932708740234e-02
8.040962368249893188e-02
8.026086539030075073e-02
8.002890646457672119e-02
7.977418601512908936e-02
7.950332760810852051e-02
7.929258793592453003e-02
7.910889387130737305e-02
7.900495827198028564e-02
7.885778695344924927e-02
7.870711386203765869e-02
7.854313403367996216e-02
7.836797088384628296e-02
7.815178483724594116e-02
7.794314622879028320e-02
7.775118201971054077e-02
7.758939266204833984e-02
7.742435485124588013e-02
7.720798999071121216e-02
7.702635973691940308e-02
7.686617970466613770e-02
7.670221477746963501e-02
7.654801011085510254e-02
7.641761004924774170e-02
7.628594338893890381e-02
7.620014995336532593e-02
7.609048485755920410e-02
7.597471773624420166e-02
7.583227008581161499e-02
7.570876181125640869e-02
7.558026909828186035e-02
7.545122504234313965e-02
7.531008124351501465e-02
7.517022639513015747e-02
7.502016425132751465e-02
7.486765086650848389e-02
7.474508136510848999e-02
7.466384023427963257e-02
7.455822825431823730e-02
7.450482994318008423e-02
7.442986965179443359e-02
7.438783347606658936e-02
7.439074665307998657e-02
7.440187782049179077e-02
7.440435886383056641e-02
7.439291477203369141e-02
7.434813678264617920e-02
7.428968697786331177e-02
7.423651218414306641e-02
7.416760921478271484e-02
7.403783500194549561e-02
7.388912886381149292e-02
7.374230772256851196e-02
7.352025061845779419e-02
7.328166812658309937e-02
7.308576256036758423e-02
7.289538532495498657e-02
7.273323833942413330e-02
7.257589697837829590e-02
7.239872962236404419e-02
7.221349328756332397e-02
7.201895862817764282e-02
7.179607450962066650e-02
7.156591117382049561e-02
7.133736461400985718e-02
7.116067409515380859e-02
7.102034240961074829e-02
7.092041522264480591e-02
7.079941034317016602e-02
7.070966064929962158e-02
7.061168551445007324e-02
7.044217735528945923e-02
7.029481232166290283e-02
7.007737457752227783e-02
6.984495371580123901e-02
6.962618976831436157e-02
6.939556449651718140e-02
6.919687241315841675e-02
6.900618970394134521e-02
6.881506741046905518e-02
6.865861266851425171e-02
6.852688640356063843e-02
6.842277944087982178e-02
6.838228553533554077e-02
6.831738352775573730e-02
6.823135167360305786e-02
6.812328845262527466e-02
6.803131848573684692e-02
6.790887564420700073e-02
6.782870739698410034e-02
6.773892790079116821e-02
6.759677827358245850e-02
6.746120750904083252e-02
6.730660796165466309e-02
6.711579114198684692e-02
6.690734624862670898e-02
6.672710925340652466e-02
6.657028943300247192e-02
6.636846810579299927e-02
6.619982421398162842e-02
6.603658199310302734e-02
6.588707864284515381e-02
6.571567803621292114e-02
6.555929780006408691e-02
6.542782485485076904e-02
6.530910730361938477e-02
6.520665436983108521e-02
6.510926038026809692e-02
6.496091932058334351e-02
6.479266285896301270e-02
6.460908055305480957e-02
6.440316885709762573e-02
6.421043723821640015e-02
6.402218341827392578e-02
6.388816237449645996e-02
6.379698961973190308e-02
6.369926780462265015e-02
6.358718127012252808e-02
6.351098418235778809e-02
6.339790672063827515e-02
6.331682205200195312e-02
6.325767189264297485e-02
6.314620375633239746e-02
6.310834735631942749e-02
6.308020651340484619e-02
6.304980069398880005e-02
6.305845826864242554e-02
6.310474872589111328e-02
6.314428895711898804e-02
6.314852833747863770e-02
6.314649432897567749e-02
6.314621865749359131e-02
6.312000006437301636e-02
6.313178688287734985e-02
6.309130787849426270e-02
6.299924850463867188e-02
6.288912147283554077e-02
6.271937489509582520e-02
6.248665601015090942e-02
6.230887770652770996e-02
6.210660189390182495e-02
6.187439337372779846e-02
6.162594631314277649e-02
6.136744096875190735e-02
6.116907671093940735e-02
6.097615510225296021e-02
6.077144294977188110e-02
6.059215590357780457e-02
6.040238961577415466e-02
6.018028035759925842e-02
5.998411029577255249e-02
5.977299809455871582e-02
5.960095301270484924e-02
5.942204967141151428e-02
5.926501378417015076e-02
5.910631269216537476e-02
5.898624658584594727e-02
5.885357037186622620e-02
5.877866223454475403e-02
5.874432995915412903e-02
5.869060754776000977e-02
5.867382511496543884e-02
5.863367393612861633e-02
5.865481123328208923e-02
5.867916345596313477e-02
5.874584242701530457e-02
5.879389867186546326e-02
5.880789086222648621e-02
5.880724266171455383e-02
5.872966349124908447e-02
5.862950161099433899e-02
5.856701731681823730e-02
5.847316235303878784e-02
5.840152502059936523e-02
5.833668261766433716e-02
5.826328694820404053e-02
5.820845812559127808e-02
5.813216790556907654e-02
5.808258801698684692e-02
5.797945708036422729e-02
5.787465348839759827e-02
5.773925036191940308e-02
5.761146917939186096e-02
5.748166143894195557e-02
5.736350268125534058e-02
5.722056329250335693e-02
5.707974359393119812e-02
5.694378912448883057e-02
5.684842169284820557e-02
5.674348771572113037e-02
5.662534013390541077e-02
5.654332414269447327e-02
5.644269287586212158e-02
5.629583448171615601e-02
5.614470317959785461e-02
5.595642328262329102e-02
5.579515174031257629e-02
5.558732524514198303e-02
5.543122813105583191e-02
5.527493730187416077e-02
5.507836863398551941e-02
5.492827296257019043e-02
5.480429157614707947e-02
5.470423772931098938e-02
5.463982373476028442e-02
5.460742488503456116e-02
5.455345287919044495e-02
5.446095392107963562e-02
5.436650291085243225e-02
5.431557074189186096e-02
5.425640568137168884e-02
5.413066968321800232e-02
5.399892106652259827e-02
5.389359220862388611e-02
5.377723649144172668e-02
5.367416515946388245e-02
5.359265580773353577e-02
5.350317060947418213e-02
5.342090502381324768e-02
5.330074578523635864e-02
5.323029682040214539e-02
5.320301651954650879e-02
5.317104235291481018e-02
5.310634151101112366e-02
5.304706469178199768e-02
5.297854542732238770e-02
5.292835459113121033e-02
5.289257317781448364e-02
5.287595465779304504e-02
5.288138240575790405e-02
5.288890004158020020e-02
5.286395549774169922e-02
5.283535271883010864e-02
5.282077938318252563e-02
5.279163271188735962e-02
5.275682359933853149e-02
5.268723890185356140e-02
5.260654911398887634e-02
5.250225961208343506e-02
5.244302377104759216e-02
5.237723514437675476e-02
5.234776437282562256e-02
5.230724811553955078e-02
5.223039165139198303e-02
5.216022580862045288e-02
5.209482833743095398e-02
5.203390866518020630e-02
5.192569643259048462e-02
5.180303007364273071e-02
5.169490724802017212e-02
5.153451114892959595e-02
5.133628472685813904e-02
5.114541202783584595e-02
5.096865445375442505e-02
5.078330636024475098e-02
5.059436708688735962e-02
5.038509890437126160e-02
5.020760372281074524e-02
5.008948966860771179e-02
4.996822401881217957e-02
4.986335709691047668e-02
4.971134662628173828e-02
4.957211017608642578e-02
4.943080991506576538e-02
4.930056631565093994e-02
4.919830337166786194e-02
4.914284497499465942e-02
4.907546192407608032e-02
4.901563748717308044e-02
4.896926507353782654e-02
4.890819638967514038e-02
4.888165742158889771e-02
4.887215048074722290e-02
4.886437579989433289e-02
4.885244369506835938e-02
4.881239682435989380e-02
4.881666973233222961e-02
4.881808534264564514e-02
4.882381111383438110e-02
4.882368445396423340e-02
4.880348592996597290e-02
4.877470806241035461e-02
4.870236665010452271e-02
4.863536357879638672e-02
4.857841879129409790e-02
4.851337149739265442e-02
4.846062883734703064e-02
4.835641011595726013e-02
4.825606942176818848e-02
4.817643761634826660e-02
4.808615520596504211e-02
4.800220206379890442e-02
4.791258648037910461e-02
4.786114022135734558e-02
4.778484627604484558e-02
4.767977818846702576e-02
4.756148532032966614e-02
4.746945947408676147e-02
4.735614359378814697e-02
4.721449688076972961e-02
4.706333950161933899e-02
4.689853638410568237e-02
4.671855643391609192e-02
4.654486849904060364e-02
4.637196287512779236e-02
4.617882147431373596e-02
4.606436565518379211e-02
4.590781778097152710e-02
4.577952623367309570e-02
4.568859562277793884e-02
4.561942443251609802e-02
4.556448757648468018e-02
4.555908963084220886e-02
4.560151696205139160e-02
