2.419832420349121094e+01
1.883342552185058594e+01
1.396348857879638672e+01
9.795399665832519531e+00
6.337154388427734375e+00
3.708376169204711914e+00
2.068119049072265625e+00
1.401222944259643555e+00
1.284526467323303223e+00
1.326519250869750977e+00
1.387103080749511719e+00
1.444640755653381348e+00
1.507934927940368652e+00
1.576583981513977051e+00
1.641846656799316406e+00
1.698360681533813477e+00
1.739396929740905762e+00
1.765398263931274414e+00
1.779767751693725586e+00
1.786603689193725586e+00
1.790339827537536621e+00
1.792420506477355957e+00
1.794132709503173828e+00
1.795715212821960449e+00
1.796696186065673828e+00
1.797054529190063477e+00
1.794691920280456543e+00
1.789899587631225586e+00
1.782836556434631348e+00
1.772600531578063965e+00
1.759752273559570312e+00
1.743954062461853027e+00
1.725585579872131348e+00
1.706297874450683594e+00
1.685306549072265625e+00
1.662475705146789551e+00
1.638310432434082031e+00
1.613017797470092773e+00
1.586567282676696777e+00
1.559100866317749023e+00
1.530944466590881348e+00
1.502364754676818848e+00
1.473554849624633789e+00
1.444173455238342285e+00
1.415034770965576172e+00
1.386008739471435547e+00
1.357139348983764648e+00
1.328302264213562012e+00
1.299864530563354492e+00
1.272009491920471191e+00
1.244848251342773438e+00
1.218160152435302734e+00
1.192158341407775879e+00
1.166652321815490723e+00
1.141946911811828613e+00
1.117799520492553711e+00
1.094266533851623535e+00
1.071621537208557129e+00
1.049866080284118652e+00
1.028837442398071289e+00
1.008790493011474609e+00
9.891278743743896484e-01
9.700606465339660645e-01
9.515153765678405762e-01
9.336237311363220215e-01
9.164144992828369141e-01
9.002920389175415039e-01
8.845433592796325684e-01
8.693309426307678223e-01
8.546141386032104492e-01
8.405133485794067383e-01
8.267841339111328125e-01
8.136901259422302246e-01
8.012371659278869629e-01
7.894516587257385254e-01
7.781161069869995117e-01
7.674332261085510254e-01
7.571710944175720215e-01
7.473165392875671387e-01
7.380576729774475098e-01
7.293090224266052246e-01
7.214661240577697754e-01
7.137778401374816895e-01
7.066622972488403320e-01
7.000817656517028809e-01
6.934418082237243652e-01
6.870513558387756348e-01
6.810695528984069824e-01
6.751093268394470215e-01
6.694923639297485352e-01
6.638516187667846680e-01
6.584755182266235352e-01
6.528649330139160156e-01
6.471038460731506348e-01
6.415992379188537598e-01
6.362916827201843262e-01
6.311638355255126953e-01
6.262416839599609375e-01
6.214573979377746582e-01
6.168214678764343262e-01
6.123664975166320801e-01
6.077454686164855957e-01
6.031792759895324707e-01
5.985406041145324707e-01
5.936592817306518555e-01
5.886865854263305664e-01
5.834647417068481445e-01
5.786469578742980957e-01
5.738025307655334473e-01
5.688036084175109863e-01
5.636728405952453613e-01
5.587331652641296387e-01
5.537282228469848633e-01
5.487786531448364258e-01
5.437962412834167480e-01
5.388479828834533691e-01
5.339043140411376953e-01
5.291630029678344727e-01
5.243954658508300781e-01
5.195913314819335938e-01
5.150946378707885742e-01
5.107261538505554199e-01
5.066077709197998047e-01
5.024253726005554199e-01
4.982291758060455322e-01
4.940023422241210938e-01
4.896119832992553711e-01
4.851836562156677246e-01
4.806638658046722412e-01
4.763193428516387939e-01
4.720418155193328857e-01
4.676242470741271973e-01
4.634825587272644043e-01
4.593353569507598877e-01
4.552621245384216309e-01
4.511606693267822266e-01
4.473460316658020020e-01
4.437907934188842773e-01
4.400516152381896973e-01
4.368743002414703369e-01
4.339142739772796631e-01
4.310042858123779297e-01
4.280406832695007324e-01
4.251906871795654297e-01
4.224053621292114258e-01
4.197997748851776123e-01
4.172680079936981201e-01
4.149430394172668457e-01
4.125211238861083984e-01
4.103548526763916016e-01
4.082326889038085938e-01
4.059038460254669189e-01
4.034869372844696045e-01
4.009961485862731934e-01
3.985150158405303955e-01
3.960829377174377441e-01
3.936306834220886230e-01
3.911705017089843750e-01
3.887173533439636230e-01
3.861798942089080811e-01
3.836520314216613770e-01
3.810132145881652832e-01
3.783274292945861816e-01
3.756574094295501709e-01
3.728677034378051758e-01
3.702962696552276611e-01
3.678384125232696533e-01
3.654948174953460693e-01
3.632093071937561035e-01
3.610483109951019287e-01
3.587795794010162354e-01
3.563791215419769287e-01
3.539025783538818359e-01
3.513998687267303467e-01
3.488106727600097656e-01
3.462427258491516113e-01
3.436572849750518799e-01
3.411058783531188965e-01
3.384563028812408447e-01
3.358710110187530518e-01
3.332684040069580078e-01
3.306382298469543457e-01
3.282027244567871094e-01
3.259947597980499268e-01
3.237140476703643799e-01
3.213547468185424805e-01
3.190921843051910400e-01
3.167511224746704102e-01
3.144683539867401123e-01
3.121643364429473877e-01
3.100582659244537354e-01
3.079438805580139160e-01
3.059680163860321045e-01
3.040462434291839600e-01
3.020628988742828369e-01
3.000335693359375000e-01
2.981925606727600098e-01
2.963016629219055176e-01
2.943572103977203369e-01
2.925581037998199463e-01
2.909761369228363037e-01
2.895507514476776123e-01
2.879029214382171631e-01
2.862718105316162109e-01
2.848458290100097656e-01
2.836134135723114014e-01
2.824794650077819824e-01
2.815344035625457764e-01
2.804042398929595947e-01
2.792191505432128906e-01
2.781733274459838867e-01
2.771144211292266846e-01
2.760480940341949463e-01
2.748408615589141846e-01
2.734167873859405518e-01
2.719252109527587891e-01
2.703719437122344971e-01
2.688085436820983887e-01
2.672812938690185547e-01
2.657943367958068848e-01
2.643889486789703369e-01
2.630327641963958740e-01
2.617183923721313477e-01
2.603763639926910400e-01
2.588958442211151123e-01
2.573471665382385254e-01
2.557998597621917725e-01
2.542568147182464600e-01
2.528781890869140625e-01
2.514576613903045654e-01
2.502517998218536377e-01
2.491001188755035400e-01
2.478103488683700562e-01
2.464594841003417969e-01
2.451549470424652100e-01
2.438888698816299438e-01
2.426752746105194092e-01
2.415771633386611938e-01
2.403183281421661377e-01
2.391413599252700806e-01
2.378763705492019653e-01
2.366413325071334839e-01
2.354487031698226929e-01
2.343810647726058960e-01
2.333506941795349121e-01
2.322768867015838623e-01
2.311838120222091675e-01
2.300852686166763306e-01
2.290339171886444092e-01
2.279760390520095825e-01
2.268981784582138062e-01
2.258622646331787109e-01
2.249811589717864990e-01
2.242049127817153931e-01
2.234345823526382446e-01
2.226790040731430054e-01
2.220479846000671387e-01
2.212976664304733276e-01
2.204607874155044556e-01
2.195226848125457764e-01
2.186262160539627075e-01
2.177523672580718994e-01
2.168044894933700562e-01
2.156312763690948486e-01
2.144792824983596802e-01
2.134573757648468018e-01
2.127021849155426025e-01
2.119904011487960815e-01
2.112808376550674438e-01
2.105331569910049438e-01
2.097527682781219482e-01
2.088416069746017456e-01
2.080078274011611938e-01
2.072658836841583252e-01
2.065681964159011841e-01
2.058087587356567383e-01
2.050839662551879883e-01
2.044578641653060913e-01
2.037407308816909790e-01
2.030263990163803101e-01
2.022193968296051025e-01
2.013755887746810913e-01
2.006664723157882690e-01
1.998754888772964478e-01
1.991810947656631470e-01
1.984119117259979248e-01
1.976019293069839478e-01
1.967848390340805054e-01
1.960752904415130615e-01
1.954059600830078125e-01
1.946620047092437744e-01
1.940535306930541992e-01
1.933899372816085815e-01
1.926981210708618164e-01
1.919460147619247437e-01
1.911474764347076416e-01
1.903762668371200562e-01
1.895650029182434082e-01
1.887659728527069092e-01
1.879246532917022705e-01
1.870351433753967285e-01
1.861109435558319092e-01
1.851709038019180298e-01
1.842274963855743408e-01
1.832530498504638672e-01
1.823251247406005859e-01
1.814187318086624146e-01
1.805470436811447144e-01
1.796749234199523926e-01
1.789377629756927490e-01
1.781818121671676636e-01
1.774286776781082153e-01
1.767448037862777710e-01
1.761267781257629395e-01
1.755140870809555054e-01
1.749191731214523315e-01
1.743802279233932495e-01
1.739017516374588013e-01
1.734139919281005859e-01
1.728847622871398926e-01
1.722384244203567505e-01
1.715441346168518066e-01
1.709159761667251587e-01
1.702907681465148926e-01
1.697643548250198364e-01
1.693697273731231689e-01
1.689529269933700562e-01
1.686150729656219482e-01
1.682457625865936279e-01
1.680121719837188721e-01
1.677938401699066162e-01
1.674904227256774902e-01
1.670731902122497559e-01
1.666412204504013062e-01
1.661688089370727539e-01
1.656119972467422485e-01
1.651916354894638062e-01
1.647749841213226318e-01
1.642199009656906128e-01
1.636916100978851318e-01
1.630554646253585815e-01
1.623457372188568115e-01
1.616822779178619385e-01
1.610540896654129028e-01
1.604309529066085815e-01
1.598463207483291626e-01
1.592101454734802246e-01
1.585647463798522949e-01
1.578955799341201782e-01
1.573128551244735718e-01
1.567869931459426880e-01
1.563157141208648682e-01
1.557641178369522095e-01
1.551202386617660522e-01
1.544519811868667603e-01
1.538162827491760254e-01
1.532438248395919800e-01
1.526597440242767334e-01
1.521445959806442261e-01
1.516731530427932739e-01
1.512856930494308472e-01
1.508839130401611328e-01
1.505693346261978149e-01
1.503417938947677612e-01
1.501000821590423584e-01
1.499130427837371826e-01
1.497108489274978638e-01
1.494757682085037231e-01
1.491391956806182861e-01
1.488655507564544678e-01
1.485063731670379639e-01
1.481249034404754639e-01
1.477483361959457397e-01
1.473687142133712769e-01
1.470591127872467041e-01
1.467811316251754761e-01
1.464239656925201416e-01
1.461113691329956055e-01
1.458435654640197754e-01
1.455357968807220459e-01
1.452363133430480957e-01
1.448314785957336426e-01
1.444403678178787231e-01
1.440327912569046021e-01
1.436716914176940918e-01
1.433819234371185303e-01
1.429977416992187500e-01
1.426550745964050293e-01
1.423721462488174438e-01
1.421406716108322144e-01
1.418117433786392212e-01
1.414337307214736938e-01
1.410223990678787231e-01
1.405571550130844116e-01
1.401291340589523315e-01
1.396711468696594238e-01
1.392397433519363403e-01
1.387627571821212769e-01
1.383047848939895630e-01
1.378326565027236938e-01
1.373555362224578857e-01
1.368720084428787231e-01
1.363033950328826904e-01
1.357296258211135864e-01
1.351311504840850830e-01
1.345470994710922241e-01
1.340179294347763062e-01
1.334769576787948608e-01
1.330492049455642700e-01
1.325310766696929932e-01
1.320951431989669800e-01
1.316759437322616577e-01
1.312303841114044189e-01
1.308869123458862305e-01
1.305572390556335449e-01
1.302804648876190186e-01
1.300001293420791626e-01
1.297311633825302124e-01
1.295051127672195435e-01
1.293060034513473511e-01
1.291086822748184204e-01
1.288489401340484619e-01
1.285398453474044800e-01
1.282797008752822876e-01
1.280899643898010254e-01
1.279106289148330688e-01
1.276931166648864746e-01
1.275129914283752441e-01
1.272581070661544800e-01
1.269637942314147949e-01
1.267387717962265015e-01
1.264078468084335327e-01
1.260449886322021484e-01
1.255991011857986450e-01
1.251937597990036011e-01
1.246984004974365234e-01
1.241456940770149231e-01
1.237022206187248230e-01
1.233289688825607300e-01
1.229905858635902405e-01
1.226727962493896484e-01
1.224108040332794189e-01
1.220979541540145874e-01
1.217613816261291504e-01
1.214057356119155884e-01
1.210334822535514832e-01
1.207351610064506531e-01
1.204109787940979004e-01
1.201484799385070801e-01
1.198921352624893188e-01
1.196787431836128235e-01
1.194541975855827332e-01
1.192474290728569031e-01
1.189916431903839111e-01
1.186951324343681335e-01
1.183729022741317749e-01
1.180619075894355774e-01
1.177370175719261169e-01
1.173362955451011658e-01
1.170006468892097473e-01
1.167145296931266785e-01
1.164921969175338745e-01
1.162310093641281128e-01
1.160087361931800842e-01
1.158563867211341858e-01
1.157911047339439392e-01
1.157186254858970642e-01
1.156207099556922913e-01
1.155423671007156372e-01
1.154630035161972046e-01
1.152468100190162659e-01
1.149854138493537903e-01
1.147768795490264893e-01
1.145392954349517822e-01
1.142731383442878723e-01
1.139414533972740173e-01
1.135205700993537903e-01
1.130678877234458923e-01
1.125994846224784851e-01
1.122207716107368469e-01
1.118554398417472839e-01
1.114961951971054077e-01
1.111212521791458130e-01
1.106520742177963257e-01
1.101760938763618469e-01
1.096792891621589661e-01
1.092711091041564941e-01
1.089403554797172546e-01
1.087303012609481812e-01
1.085131540894508362e-01
1.082619726657867432e-01
1.079902797937393188e-01
1.077128648757934570e-01
1.074477210640907288e-01
1.071595847606658936e-01
1.069259867072105408e-01
1.067859530448913574e-01
1.066883280873298645e-01
1.065867468714714050e-01
1.065398156642913818e-01
1.065976619720458984e-01
1.065776944160461426e-01
1.065597683191299438e-01
1.065663099288940430e-01
1.066256761550903320e-01
1.067114323377609253e-01
1.067349985241889954e-01
1.067055761814117432e-01
1.066046506166458130e-01
1.064291894435882568e-01
1.062243431806564331e-01
1.060077548027038574e-01
1.058006435632705688e-01
1.055461391806602478e-01
1.052827164530754089e-01
1.049153804779052734e-01
1.045520678162574768e-01
1.041477471590042114e-01
1.037397384643554688e-01
1.033404469490051270e-01
1.029577851295471191e-01
1.025505140423774719e-01
1.021220684051513672e-01
1.016461402177810669e-01
1.011493206024169922e-01
1.007537096738815308e-01
1.003465279936790466e-01
9.998701512813568115e-02
9.964368492364883423e-02
9.944122284650802612e-02
9.918241947889328003e-02
9.888051450252532959e-02
9.857557713985443115e-02
9.838897734880447388e-02
9.817122668027877808e-02
9.797661006450653076e-02
9.777449816465377808e-02
9.752911329269409180e-02
9.719850867986679077e-02
9.690374881029129028e-02
9.669502824544906616e-02
9.639352560043334961e-02
9.616819769144058228e-02
9.592818468809127808e-02
9.577205032110214233e-02
9.563852101564407349e-02
9.548155218362808228e-02
9.532450139522552490e-02
9.510072320699691772e-02
9.488199651241302490e-02
9.473142027854919434e-02
9.465155750513076782e-02
9.462737292051315308e-02
9.459815174341201782e-02
9.455767273902893066e-02
9.450252354145050049e-02
9.447128325700759888e-02
9.439184516668319702e-02
9.423192590475082397e-02
9.402814507484436035e-02
9.381355345249176025e-02
9.354025125503540039e-02
9.324272722005844116e-02
9.292858839035034180e-02
9.261192381381988525e-02
9.229628741741180420e-02
9.208304435014724731e-02
9.187449514865875244e-02
9.173586219549179077e-02
9.164395928382873535e-02
9.158198535442352295e-02
9.153334051370620728e-02
9.149178117513656616e-02
9.141673892736434937e-02
9.133777022361755371e-02
9.127177298069000244e-02
9.116770327091217041e-02
9.107590466737747192e-02
9.086220711469650269e-02
9.058786928653717041e-02
9.030567109584808350e-02
9.005602449178695679e-02
8.976611495018005371e-02
8.945116400718688965e-02
8.923850953578948975e-02
8.903128653764724731e-02
8.879599720239639282e-02
8.868654072284698486e-02
8.854571729898452759e-02
8.831787109375000000e-02
8.802762627601623535e-02
8.774697035551071167e-02
8.744840323925018311e-02
8.712384849786758423e-02
8.680094033479690552e-02
8.656276017427444458e-02
8.635332435369491577e-02
8.612442761659622192e-02
8.588932454586029053e-02
8.565895259380340576e-02
8.545339107513427734e-02
8.527865260839462280e-02
8.505358546972274780e-02
8.478512614965438843e-02
8.457953482866287231e-02
8.441509306430816650e-02
8.427926152944564819e-02
8.414112776517868042e-02
8.394512534141540527e-02
8.374895900487899780e-02
8.348810672760009766e-02
8.324402570724487305e-02
8.297876268625259399e-02
8.277250081300735474e-02
8.258680999279022217e-02
8.244714140892028809e-02
8.233987540006637573e-02
8.222167938947677612e-02
8.207313716411590576e-02
8.190014958381652832e-02
8.175314962863922119e-02
8.161664754152297974e-02
8.152396976947784424e-02
8.140322566032409668e-02
8.127062767744064331e-02
8.113592863082885742e-02
8.104562014341354370e-02
8.097725361585617065e-02
8.096277713775634766e-02
8.098077028989791870e-02
8.097688853740692139e-02
8.101689815521240234e-02
8.102037757635116577e-02
8.101270347833633423e-02
8.097460120916366577e-02
8.097455650568008423e-02
8.095131814479827881e-02
8.086626231670379639e-02
8.072652667760848999e-02
8.056261390447616577e-02
8.038294315338134766e-02
8.011391013860702515e-02
7.985541969537734985e-02
7.961235195398330688e-02
7.939156889915466309e-02
7.912319898605346680e-02
7.882720232009887695e-02
7.857249677181243896e-02
7.830047607421875000e-02
7.799021154642105103e-02
7.770887762308120728e-02
7.744941115379333496e-02
7.725145667791366577e-02
7.708739489316940308e-02
7.691987603902816772e-02
7.675297558307647705e-02
7.654793560504913330e-02
7.635919004678726196e-02
7.622177153825759888e-02
7.607527822256088257e-02
7.589720934629440308e-02
7.584381848573684692e-02
7.579270005226135254e-02
7.574812322854995728e-02
7.574494928121566772e-02
7.572945207357406616e-02
7.570397108793258667e-02
7.563521713018417358e-02
7.560005038976669312e-02
7.550688832998275757e-02
7.540511339902877808e-02
7.535894215106964111e-02
7.526177912950515747e-02
7.510888576507568359e-02
7.498331367969512939e-02
7.482950389385223389e-02
7.466085255146026611e-02
7.450646162033081055e-02
7.428483664989471436e-02
7.405696064233779907e-02
7.375872135162353516e-02
7.350540906190872192e-02
7.323456555604934692e-02
7.295616716146469116e-02
7.273441553115844727e-02
7.245626300573348999e-02
7.216610014438629150e-02
7.189186662435531616e-02
7.163376361131668091e-02
7.138984650373458862e-02
7.115334272384643555e-02
7.094354182481765747e-02
7.076806575059890747e-02
7.058335095643997192e-02
7.040623575448989868e-02
7.022096961736679077e-02
7.002673298120498657e-02
6.984372437000274658e-02
6.964252889156341553e-02
6.950974464416503906e-02
6.936097145080566406e-02
6.925582140684127808e-02
6.918337196111679077e-02
6.910491734743118286e-02
6.905505806207656860e-02
6.901551038026809692e-02
6.905498355627059937e-02
6.911130994558334351e-02
6.916844844818115234e-02
6.921422481536865234e-02
6.924954801797866821e-02
6.925439089536666870e-02
6.922487169504165649e-02
6.919726729393005371e-02
6.910841166973114014e-02
6.905572116374969482e-02
6.897602230310440063e-02
6.887781620025634766e-02
6.883229315280914307e-02
6.875609606504440308e-02
6.868158280849456787e-02
6.862428039312362671e-02
6.862604618072509766e-02
6.858433037996292114e-02
6.854204088449478149e-02
6.848350167274475098e-02
6.841826438903808594e-02
6.829789280891418457e-02
6.814999133348464966e-02
6.803274899721145630e-02
6.797408312559127808e-02
6.787870079278945923e-02
6.773132085800170898e-02
6.753876805305480957e-02
6.733494251966476440e-02
6.714101135730743408e-02
6.694620847702026367e-02
6.670390069484710693e-02
6.644786149263381958e-02
6.618490815162658691e-02
6.594651937484741211e-02
6.574431806802749634e-02
6.551928818225860596e-02
6.532111763954162598e-02
6.514775007963180542e-02
6.498576700687408447e-02
6.482933461666107178e-02
6.470336019992828369e-02
6.459379941225051880e-02
6.449315696954727173e-02
6.439209729433059692e-02
6.427808851003646851e-02
6.418371945619583130e-02
6.411372870206832886e-02
6.410172581672668457e-02
6.408455967903137207e-02
6.406828761100769043e-02
6.403496861457824707e-02
6.400442868471145630e-02
6.394567340612411499e-02
6.382951140403747559e-02
6.373978406190872192e-02
6.363069266080856323e-02
6.352423876523971558e-02
6.343033164739608765e-02
6.331016868352890015e-02
6.318426132202148438e-02
6.303741782903671265e-02
6.286575645208358765e-02
6.266596913337707520e-02
6.248237192630767822e-02
6.227647513151168823e-02
6.206884235143661499e-02
6.185150891542434692e-02
6.162462756037712097e-02
6.142195314168930054e-02
6.122208014130592346e-02
6.101227551698684692e-02
6.084072589874267578e-02
6.069755926728248596e-02
6.054446473717689514e-02
6.044005975127220154e-02
6.033696979284286499e-02
6.025164946913719177e-02
6.015017256140708923e-02
6.003557890653610229e-02
5.990451201796531677e-02
5.978444218635559082e-02
5.965624749660491943e-02
5.954743176698684692e-02
5.948269739747047424e-02
5.946528166532516479e-02
5.948445200920104980e-02
5.949554219841957092e-02
5.954602733254432678e-02
5.957844480872154236e-02
5.961608141660690308e-02
5.967471376061439514e-02
5.970572680234909058e-02
5.972620844841003418e-02
5.975494161248207092e-02
5.979347601532936096e-02
5.980122834444046021e-02
5.982055887579917908e-02
5.978214740753173828e-02
5.976906418800354004e-02
5.969813093543052673e-02
5.959843844175338745e-02
5.952310934662818909e-02
5.940007418394088745e-02
5.924426391720771790e-02
5.909777432680130005e-02
5.888786911964416504e-02
5.869105458259582520e-02
5.848172679543495178e-02
5.826388671994209290e-02
5.806733295321464539e-02
5.783803388476371765e-02
5.764211341738700867e-02
5.744602903723716736e-02
5.724728852510452271e-02
5.703785270452499390e-02
5.683912336826324463e-02
5.666308104991912842e-02
5.648242682218551636e-02
5.628024786710739136e-02
5.607212707400321960e-02
5.590258911252021790e-02
5.576460808515548706e-02
5.566405504941940308e-02
5.556498840451240540e-02
5.548710003495216370e-02
5.546556040644645691e-02
5.544675514101982117e-02
5.544035509228706360e-02
5.543515458703041077e-02
5.541801080107688904e-02
5.537797138094902039e-02
5.534035339951515198e-02
5.530367791652679443e-02
5.525634065270423889e-02
5.522728338837623596e-02
5.518286302685737610e-02
5.509331822395324707e-02
5.500613898038864136e-02
5.494308844208717346e-02
5.489487946033477783e-02
5.487015843391418457e-02
5.486880615353584290e-02
5.483242496848106384e-02
5.479867756366729736e-02
5.473847314715385437e-02
5.466503277420997620e-02
5.458777025341987610e-02
5.451157689094543457e-02
5.444716662168502808e-02
5.436560511589050293e-02
5.428357049822807312e-02
5.417005717754364014e-02
5.409048870205879211e-02
5.400646850466728210e-02
5.392880737781524658e-02
5.382403358817100525e-02
5.374895036220550537e-02
5.368044599890708923e-02
5.362510308623313904e-02
5.358695611357688904e-02
5.355587229132652283e-02
5.351681634783744812e-02
5.344143137335777283e-02
5.335279554128646851e-02
5.325114727020263672e-02
5.313355475664138794e-02
5.302383005619049072e-02
5.291503295302391052e-02
5.279732495546340942e-02
5.270770192146301270e-02
5.261043459177017212e-02
5.248404294252395630e-02
5.236769095063209534e-02
5.220589786767959595e-02
5.201005563139915466e-02
5.180179327726364136e-02
5.161798745393753052e-02
5.145024880766868591e-02
5.126193165779113770e-02
5.112791061401367188e-02
5.101571232080459595e-02
5.091667547821998596e-02
5.082466453313827515e-02
5.073535814881324768e-02
5.069908499717712402e-02
5.071697384119033813e-02
5.072975531220436096e-02
5.073501542210578918e-02
5.073872208595275879e-02
5.076161026954650879e-02
5.079710111021995544e-02
5.080661550164222717e-02
5.076849088072776794e-02
5.073738098144531250e-02
5.068982020020484924e-02
5.062676593661308289e-02
5.054903402924537659e-02
5.047225579619407654e-02
5.040024220943450928e-02
5.031970888376235962e-02
5.020137876272201538e-02
5.008948966860771179e-02
4.996112734079360962e-02
4.982995241880416870e-02
4.969966039061546326e-02
4.954589903354644775e-02
4.938125982880592346e-02
4.924952238798141479e-02
4.914680495858192444e-02
4.906143620610237122e-02
4.896416142582893372e-02
4.886053875088691711e-02
4.877284914255142212e-02
4.868694767355918884e-02
4.863867163658142090e-02
4.858783259987831116e-02
4.856431484222412109e-02
4.855155572295188904e-02
4.854965209960937500e-02
4.857813194394111633e-02
4.859686270356178284e-02
4.864171147346496582e-02
4.863916710019111633e-02
4.860881716012954712e-02
4.858601093292236328e-02
4.857206717133522034e-02
4.854723438620567322e-02
4.851149395108222961e-02
4.847513511776924133e-02
4.840863496065139771e-02
4.834416881203651428e-02
4.828628152608871460e-02
4.824116826057434082e-02
4.818740487098693848e-02
4.812435433268547058e-02
4.803081974387168884e-02
4.791644960641860962e-02
4.779180511832237244e-02
4.766894131898880005e-02
4.753355681896209717e-02
4.739509150385856628e-02
4.727999120950698853e-02
4.715916514396667480e-02
4.701946303248405457e-02
4.688072204589843750e-02
4.676433652639389038e-02
4.664485529065132141e-02
4.652546346187591553e-02
4.641930758953094482e-02
4.630992189049720764e-02
4.622636735439300537e-02
4.613941162824630737e-02
4.610458761453628540e-02
4.607519879937171936e-02
4.602191597223281860e-02
4.595370963215827942e-02
4.587299004197120667e-02
4.578346386551856995e-02
4.570261761546134949e-02
4.562504962086677551e-02
4.557748883962631226e-02
4.554561153054237366e-02
4.548658430576324463e-02
4.542604461312294006e-02
4.536946117877960205e-02
4.528423771262168884e-02
4.521611332893371582e-02
4.515663906931877136e-02
4.510549455881118774e-02
4.505525156855583191e-02
4.501534625887870789e-02
4.501219466328620911e-02
4.501740261912345886e-02
4.501097276806831360e-02
4.499487206339836121e-02
4.495986178517341614e-02
4.492430016398429871e-02
4.488115012645721436e-02
4.486150667071342468e-02
4.483083263039588928e-02
4.478211700916290283e-02
4.472338035702705383e-02
4.469298943877220154e-02
4.464547336101531982e-02
4.457037895917892456e-02
4.449448734521865845e-02
4.443363472819328308e-02
4.437394067645072937e-02
4.431408271193504333e-02
4.423137754201889038e-02
4.414366558194160461e-02
4.405576735734939575e-02
4.398604854941368103e-02
