-2.043664827942848206e-02
2.068099193274974823e-02
1.695656031370162964e-02
-2.247836999595165253e-02
9.230580925941467285e-02
3.968825563788414001e-03
-5.314572155475616455e-02
9.016858041286468506e-02
-1.626951247453689575e-02
6.620816886425018311e-02
1.323533803224563599e-01
-6.955847889184951782e-02
-1.364945247769355774e-02
9.049970656633377075e-02
9.853734076023101807e-02
3.614877350628376007e-03
-1.287391781806945801e-01
5.216235294938087463e-03
8.294628560543060303e-02
1.212608814239501953e-02
-1.208150163292884827e-01
7.844085991382598877e-02
1.693995893001556396e-01
-8.077365159988403320e-02
4.226408153772354126e-02
-5.081243813037872314e-03
1.000027656555175781e-01
1.588560454547405243e-02
-4.856923967599868774e-02
2.925622276961803436e-02
-5.976123362779617310e-02
2.737354487180709839e-03
-1.814230233430862427e-01
-1.824257671833038330e-01
2.566646412014961243e-02
8.202007412910461426e-02
-3.060474619269371033e-02
-2.538667805492877960e-02
2.933314070105552673e-02
-3.038146905601024628e-02
-1.657810956239700317e-01
3.678351640701293945e-05
-1.770166605710983276e-01
-8.757220208644866943e-02
-6.649930030107498169e-02
6.312271207571029663e-02
3.703711554408073425e-02
-5.446152761578559875e-03
9.389077872037887573e-02
5.674282461404800415e-02
-6.575078517198562622e-02
2.218889072537422180e-02
3.956214338541030884e-02
1.774423010647296906e-02
6.076378375291824341e-02
-1.521241515874862671e-01
-1.264475136995315552e-01
7.643619924783706665e-02
2.065376564860343933e-02
-3.341750800609588623e-02
-4.012164659798145294e-03
-4.786945134401321411e-02
-6.542739272117614746e-02
4.673093557357788086e-02
3.592281788587570190e-02
6.161474622786045074e-03
4.897087812423706055e-03
-1.736603826284408569e-01
-7.323048263788223267e-02
-1.095299944281578064e-01
-5.647380650043487549e-02
6.293703615665435791e-02
-8.185510523617267609e-03
4.432652890682220459e-02
3.426283225417137146e-02
-1.145297139883041382e-01
-4.358561336994171143e-02
-6.933823972940444946e-02
-7.502102851867675781e-02
-2.822519280016422272e-02
-3.058396093547344208e-02
-1.370870918035507202e-01
-5.305748805403709412e-02
-4.603118449449539185e-02
2.172636985778808594e-02
6.414632499217987061e-02
-3.120638430118560791e-03
8.793763816356658936e-02
-5.989133566617965698e-02
3.840797021985054016e-02
-1.812201179563999176e-02
1.031313762068748474e-01
1.223279163241386414e-03
8.634231239557266235e-02
2.632774412631988525e-02
-3.902860358357429504e-02
-9.129979461431503296e-02
-1.087586358189582825e-01
1.292928680777549744e-02
2.048933506011962891e-02
-1.879290305078029633e-02
-4.200509749352931976e-03
1.329562999308109283e-02
2.255312539637088776e-02
-3.862363472580909729e-02
-3.625038266181945801e-02
-1.462240517139434814e-02
1.026532724499702454e-01
2.310294844210147858e-02
2.631895244121551514e-02
-4.333848506212234497e-02
6.337472051382064819e-02
-2.064986526966094971e-02
2.275803871452808380e-02
-1.233331337571144104e-01
1.096304729580879211e-01
1.563993841409683228e-02
-7.412470877170562744e-03
9.585887193679809570e-02
-1.180294752120971680e-01
-6.141994893550872803e-02
3.290813416242599487e-02
6.946470588445663452e-03
-3.600618243217468262e-02
-3.478612005710601807e-02
3.895232826471328735e-02
-4.779183864593505859e-02
8.004529401659965515e-03
-1.055238619446754456e-01
5.127976089715957642e-02
-6.830245256423950195e-02
-1.679709255695343018e-01
6.879161298274993896e-02
1.158234253525733948e-01
4.980859532952308655e-02
6.581375002861022949e-02
1.116572916507720947e-01
-6.918533891439437866e-02
-3.637488931417465210e-02
5.146289616823196411e-02
-7.543653249740600586e-02
3.260016441345214844e-02
1.029541045427322388e-01
-5.791185796260833740e-02
-6.088726222515106201e-03
6.064093112945556641e-02
-1.066542342305183411e-01
4.838944971561431885e-02
2.893073670566082001e-02
5.992688611149787903e-02
-5.270965397357940674e-02
1.015623006969690323e-02
3.214348852634429932e-02
-7.707469165325164795e-02
-6.662329658865928650e-03
-8.859886974096298218e-02
4.744458943605422974e-02
4.521431028842926025e-02
3.080661222338676453e-02
-3.688723221421241760e-02
4.505749046802520752e-02
-2.600147388875484467e-02
-1.648281067609786987e-01
1.062842085957527161e-01
-6.220942363142967224e-03
9.951475262641906738e-02
1.006230711936950684e-02
1.173047348856925964e-03
7.175267674028873444e-03
1.366580575704574585e-01
1.530485749244689941e-01
-6.392278522253036499e-02
-4.089963436126708984e-02
-1.353508979082107544e-01
-1.212741211056709290e-01
-2.888708561658859253e-02
-3.370121121406555176e-02
-1.655691303312778473e-02
-5.382971093058586121e-02
4.228895157575607300e-02
1.105334237217903137e-02
-7.531432807445526123e-02
-1.086084321141242981e-01
1.162627637386322021e-01
-4.227044433355331421e-02
6.338094174861907959e-02
2.708065882325172424e-02
1.355055067688226700e-02
3.578033298254013062e-02
2.028286457061767578e-02
2.231949754059314728e-02
-1.476509310305118561e-02
1.385799944400787354e-01
2.745742723345756531e-02
1.197815239429473877e-01
4.732459038496017456e-02
2.068313956260681152e-02
-1.302867680788040161e-01
4.637393727898597717e-02
9.840887784957885742e-02
-5.518604442477226257e-02
4.749918729066848755e-02
-8.899694681167602539e-02
7.383102923631668091e-02
-2.736601978540420532e-02
1.804647967219352722e-02
-2.407447397708892822e-01
-2.179104276001453400e-02
-5.560878198593854904e-03
-6.826578080654144287e-02
4.211236536502838135e-02
-2.118124254047870636e-02
7.814855873584747314e-02
3.120273910462856293e-02
5.814461410045623779e-02
2.150886654853820801e-01
6.160353310406208038e-03
1.605086214840412140e-02
1.496238820254802704e-02
-5.910953879356384277e-02
1.542126759886741638e-02
9.274478256702423096e-02
3.653290495276451111e-02
-1.265264004468917847e-01
-5.235656350851058960e-02
5.983755737543106079e-02
4.143547266721725464e-05
-3.377093747258186340e-02
-5.554547905921936035e-02
-5.018016695976257324e-02
-5.057723820209503174e-02
2.969029359519481659e-02
-1.075645089149475098e-01
1.561522334814071655e-01
3.625880926847457886e-02
-1.164545193314552307e-01
-8.663778007030487061e-02
3.635766357183456421e-02
7.775425910949707031e-02
-4.699566960334777832e-02
-9.234543144702911377e-02
2.699507214128971100e-02
7.160870730876922607e-02
3.266191482543945312e-02
-1.064593158662319183e-02
-7.018040865659713745e-02
-1.916565001010894775e-02
-5.528200417757034302e-02
-5.379335582256317139e-02
8.841003291308879852e-03
4.723247885704040527e-02
-3.747273236513137817e-02
1.072970870882272720e-02
1.126229763031005859e-03
5.004967004060745239e-02
7.227978855371475220e-02
7.912413775920867920e-02
-4.476122558116912842e-02
-7.858284562826156616e-02
-2.554051578044891357e-03
-7.467032968997955322e-02
4.786883294582366943e-02
1.177357975393533707e-02
5.929099023342132568e-02
-1.107279807329177856e-01
-5.353083834052085876e-03
-5.334267392754554749e-02
-2.669026702642440796e-02
-1.203031912446022034e-01
-2.119660563766956329e-02
-1.470640487968921661e-02
-1.416798979043960571e-01
-1.735057830810546875e-01
3.175199776887893677e-02
-4.487836733460426331e-03
1.692140847444534302e-02
-2.799103036522865295e-02
3.481611609458923340e-02
-9.240164607763290405e-02
1.100682932883501053e-02
-3.789282403886318207e-03
1.727076433598995209e-02
1.961521431803703308e-02
-5.820654332637786865e-02
1.125214621424674988e-02
-4.746427759528160095e-02
-1.177885457873344421e-01
5.613237619400024414e-02
-8.305219560861587524e-02
8.751130849123001099e-02
-2.394223026931285858e-02
9.254900366067886353e-02
-1.632285863161087036e-01
-4.616535454988479614e-02
-1.217141076922416687e-01
-9.809085726737976074e-02
1.431120634078979492e-01
6.153847277164459229e-02
1.724384725093841553e-03
-7.263785600662231445e-02
5.658470466732978821e-02
3.402993828058242798e-02
-2.523676957935094833e-03
2.657947503030300140e-02
-2.884139306843280792e-02
2.582908049225807190e-02
-9.816873818635940552e-03
-4.102974757552146912e-02
4.071231186389923096e-02
-5.402155965566635132e-02
-1.670246012508869171e-02
8.580768853425979614e-02
7.557529211044311523e-02
-4.707293212413787842e-02
-5.664999037981033325e-02
-5.082970112562179565e-02
2.861065603792667389e-02
6.381222978234291077e-03
1.490450650453567505e-01
-4.745562002062797546e-02
-1.145272105932235718e-01
1.359900981187820435e-01
1.807015389204025269e-01
3.043959476053714752e-02
-1.018561795353889465e-02
9.820156544446945190e-02
3.564817830920219421e-02
2.151887305080890656e-02
-6.191492080688476562e-02
4.215175285935401917e-03
-1.510322839021682739e-02
-3.275983966886997223e-03
-1.125599220395088196e-01
5.201701819896697998e-02
7.518687844276428223e-02
-1.228723675012588501e-01
1.322288364171981812e-01
-1.056085228919982910e-01
4.857877641916275024e-02
9.972047805786132812e-02
9.149467945098876953e-02
-4.723171703517436981e-03
-3.409751504659652710e-02
4.434514790773391724e-02
4.224098473787307739e-02
1.001505330204963684e-01
2.729074656963348389e-02
-8.793433755636215210e-02
7.485991716384887695e-02
-2.239295989274978638e-01
5.327501520514488220e-02
-1.168860122561454773e-03
1.055452674627304077e-01
-4.592124372720718384e-03
1.062491685152053833e-01
1.254503726959228516e-01
4.106846824288368225e-02
-8.230623602867126465e-02
-5.176845937967300415e-02
3.797559067606925964e-02
8.045247197151184082e-02
3.913912922143936157e-03
9.084670245647430420e-02
-6.269712746143341064e-02
-1.247429773211479187e-01
1.457184255123138428e-01
-1.040469706058502197e-01
-9.240999817848205566e-03
7.580060511827468872e-03
-2.301330491900444031e-02
-1.874513328075408936e-01
-5.211526900529861450e-02
9.507684409618377686e-02
-3.884427249431610107e-03
-5.144638568162918091e-02
1.241429150104522705e-01
-8.429785072803497314e-02
-7.736858911812305450e-03
-8.989685028791427612e-02
6.342089176177978516e-02
8.296182751655578613e-02
5.733411014080047607e-02
-1.173216402530670166e-01
-4.189012199640274048e-02
6.511081010103225708e-02
1.289859041571617126e-02
3.722876310348510742e-02
-1.620102822780609131e-01
-2.443762868642807007e-02
1.461682170629501343e-01
7.165377587080001831e-02
1.773902177810668945e-01
-6.725959479808807373e-02
9.652446210384368896e-02
3.171774744987487793e-02
2.121641859412193298e-02
-2.118480950593948364e-02
5.203396826982498169e-02
-7.746551185846328735e-02
-2.146122790873050690e-02
3.095421567559242249e-02
1.029803380370140076e-01
4.200601577758789062e-02
-8.834926784038543701e-02
1.306464225053787231e-01
-1.057490240782499313e-02
1.152367889881134033e-02
2.326452545821666718e-02
-6.278292089700698853e-02
-5.163208395242691040e-02
1.830549985170364380e-01
6.501003168523311615e-03
-6.396667659282684326e-02
-9.054211527109146118e-02
-2.801963314414024353e-02
-8.849655091762542725e-02
-1.256806254386901855e-01
-1.836344413459300995e-02
-6.639888882637023926e-02
-4.685359448194503784e-02
-6.266970187425613403e-02
-6.063155084848403931e-02
-3.185500204563140869e-02
2.857551351189613342e-02
-1.250082254409790039e-02
1.515115648508071899e-01
1.418813914060592651e-01
9.788437746465206146e-04
-5.187311023473739624e-02
2.012325264513492584e-02
1.115476433187723160e-02
-4.908580705523490906e-02
4.687289521098136902e-02
1.160592399537563324e-02
-3.325475752353668213e-02
-5.966950207948684692e-02
-4.102951288223266602e-02
2.654404612258076668e-03
2.151551991701126099e-01
1.489998102188110352e-01
-2.621138654649257660e-02
1.229659244418144226e-01
-3.719442710280418396e-02
2.441227622330188751e-02
-3.872510045766830444e-02
-1.736756563186645508e-01
1.444707065820693970e-01
6.450334191322326660e-02
-4.245067387819290161e-02
2.794499136507511139e-02
-7.396233081817626953e-02
-1.144134700298309326e-01
7.243680208921432495e-02
-8.909646421670913696e-03
3.152906894683837891e-02
5.224923789501190186e-02
6.536738947033882141e-03
1.190000250935554504e-01
1.998961903154850006e-02
-1.368512678891420364e-02
9.351123124361038208e-02
-1.018598750233650208e-01
-1.883714459836483002e-02
-4.310822114348411560e-03
-1.867048442363739014e-01
5.873474478721618652e-02
-5.849476903676986694e-02
3.649527579545974731e-02
6.523847579956054688e-02
-1.670461148023605347e-02
-2.969288267195224762e-02
-3.150196745991706848e-02
-3.096617572009563446e-02
5.656380951404571533e-02
-4.477401822805404663e-02
4.148366302251815796e-02
-2.077004127204418182e-02
-9.263269603252410889e-04
-1.211807429790496826e-01
1.015815977007150650e-02
8.135091513395309448e-02
5.500302463769912720e-02
-3.262306377291679382e-02
1.161203160881996155e-01
3.002306446433067322e-02
-7.845558226108551025e-02
-4.992499202489852905e-02
6.814205646514892578e-02
1.057608798146247864e-02
-1.312474254518747330e-02
-7.555989921092987061e-02
1.249757632613182068e-01
-3.858920186758041382e-02
2.331871166825294495e-02
6.150909513235092163e-02
-7.210894674062728882e-02
8.729832619428634644e-02
3.195009194314479828e-03
1.068729683756828308e-01
7.325129956007003784e-02
