3.194229841232299805e+00
2.502299308776855469e+00
1.245794892311096191e+00
7.362594604492187500e-01
6.057802438735961914e-01
4.834549129009246826e-01
3.810053765773773193e-01
3.187970817089080811e-01
2.422923296689987183e-01
1.852860748767852783e-01
1.544678062200546265e-01
1.248373836278915405e-01
9.784050285816192627e-02
8.146937191486358643e-02
7.158739864826202393e-02
6.538967043161392212e-02
5.949038639664649963e-02
5.381720885634422302e-02
4.966596886515617371e-02
4.655217006802558899e-02
4.392993077635765076e-02
4.094712063670158386e-02
3.725975751876831055e-02
3.513285890221595764e-02
3.492199629545211792e-02
3.360494226217269897e-02
3.232151642441749573e-02
3.179558366537094116e-02
3.169550746679306030e-02
3.134753182530403137e-02
3.090180829167366028e-02
3.098812513053417206e-02
3.082605451345443726e-02
3.020422346889972687e-02
2.988192811608314514e-02
2.967438846826553345e-02
2.940048463642597198e-02
2.899189665913581848e-02
2.879138477146625519e-02
2.863304130733013153e-02
2.854577265679836273e-02
2.846860513091087341e-02
2.832394093275070190e-02
2.835486643016338348e-02
2.834941446781158447e-02
2.812487073242664337e-02
2.803551591932773590e-02
2.808343619108200073e-02
2.794348075985908508e-02
2.805024944245815277e-02
2.835795655846595764e-02
2.786104567348957062e-02
2.769509144127368927e-02
2.760198153555393219e-02
2.785318717360496521e-02
2.792247384786605835e-02
2.752569131553173065e-02
2.736396342515945435e-02
2.735110931098461151e-02
2.734786085784435272e-02
2.744941972196102142e-02
2.760768681764602661e-02
2.728134207427501678e-02
2.724380046129226685e-02
2.714172378182411194e-02
2.725761197507381439e-02
2.718123234808444977e-02
2.705482766032218933e-02
2.702198363840579987e-02
2.703312598168849945e-02
2.720774151384830475e-02
2.698800340294837952e-02
2.694660238921642303e-02
2.700236998498439789e-02
2.743222750723361969e-02
2.709927596151828766e-02
2.682649344205856323e-02
2.679220959544181824e-02
2.706859260797500610e-02
2.726503834128379822e-02
2.676077187061309814e-02
2.668778784573078156e-02
2.681215293705463409e-02
2.664500847458839417e-02
2.739047259092330933e-02
2.726173773407936096e-02
2.657190710306167603e-02
2.671894431114196777e-02
2.650787867605686188e-02
2.661730907857418060e-02
2.681684307754039764e-02
2.648747526109218597e-02
2.661104500293731689e-02
2.653582021594047546e-02
2.690806239843368530e-02
2.698037773370742798e-02
2.653182111680507660e-02
2.653293311595916748e-02
2.642543241381645203e-02
2.727004326879978180e-02
2.660415694117546082e-02
2.650655247271060944e-02
2.634517662227153778e-02
2.636350691318511963e-02
2.689859271049499512e-02
2.660642750561237335e-02
2.634722925722599030e-02
2.643546089529991150e-02
2.637773938477039337e-02
2.659072168171405792e-02
2.632075920701026917e-02
2.637898735702037811e-02
2.628112770617008209e-02
2.688004635274410248e-02
2.721431106328964233e-02
2.636198699474334717e-02
2.706116810441017151e-02
2.622812241315841675e-02
2.769224904477596283e-02
2.648728527128696442e-02
2.671763859689235687e-02
2.664880082011222839e-02
2.649411372840404510e-02
2.731678448617458344e-02
2.665757387876510620e-02
2.617420069873332977e-02
2.619725465774536133e-02
2.633843570947647095e-02
2.635837718844413757e-02
2.624484337866306305e-02
2.617903798818588257e-02
2.615306340157985687e-02
2.632448449730873108e-02
2.671412192285060883e-02
2.611672505736351013e-02
2.684924751520156860e-02
2.641375921666622162e-02
2.679628133773803711e-02
2.682788483798503876e-02
2.613201737403869629e-02
2.673347480595111847e-02
2.607029862701892853e-02
2.636178769171237946e-02
2.610286325216293335e-02
2.628605440258979797e-02
2.617419511079788208e-02
2.659378200769424438e-02
2.605938911437988281e-02
2.717375196516513824e-02
2.598320320248603821e-02
2.799095213413238525e-02
2.669123373925685883e-02
2.685240469872951508e-02
2.678310684859752655e-02
2.704765461385250092e-02
2.816985175013542175e-02
2.597167342901229858e-02
2.725581452250480652e-02
2.629668451845645905e-02
2.656479924917221069e-02
2.779874391853809357e-02
2.595058083534240723e-02
2.721859887242317200e-02
2.658343687653541565e-02
2.628372795879840851e-02
2.764697745442390442e-02
2.608781680464744568e-02
2.696493081748485565e-02
2.712329104542732239e-02
2.590622007846832275e-02
2.805023826658725739e-02
2.668611891567707062e-02
2.603665925562381744e-02
2.648350037634372711e-02
2.587424963712692261e-02
2.680405415594577789e-02
2.638266794383525848e-02
2.596424333751201630e-02
2.650034613907337189e-02
2.584790438413619995e-02
2.691244892776012421e-02
2.620926685631275177e-02
2.593472041189670563e-02
2.622654475271701813e-02
2.584934420883655548e-02
2.669579535722732544e-02
2.581519074738025665e-02
2.622572891414165497e-02
2.610927075147628784e-02
2.571764960885047913e-02
2.686353214085102081e-02
2.607256919145584106e-02
2.568696625530719757e-02
2.567323297262191772e-02
2.589015290141105652e-02
2.579667419195175171e-02
2.578218095004558563e-02
2.568373642861843109e-02
2.581452950835227966e-02
2.585050649940967560e-02
2.569829113781452179e-02
2.647007070481777191e-02
2.664364688098430634e-02
2.563120983541011810e-02
2.689610980451107025e-02
2.582752145826816559e-02
2.647283487021923065e-02
2.765263989567756653e-02
2.555014565587043762e-02
2.668763510882854462e-02
2.571683935821056366e-02
2.692776545882225037e-02
2.596235461533069611e-02
2.587807923555374146e-02
2.609072625637054443e-02
2.570225298404693604e-02
2.724448032677173615e-02
2.635336853563785553e-02
2.554513327777385712e-02
2.598187513649463654e-02
2.554977312684059143e-02
2.591814100742340088e-02
2.566530182957649231e-02
2.551253139972686768e-02
2.554362453520298004e-02
2.552131377160549164e-02
2.563210204243659973e-02
2.591141872107982635e-02
2.555230446159839630e-02
2.545605413615703583e-02
2.547163516283035278e-02
2.546180784702301025e-02
2.563230693340301514e-02
2.538635954260826111e-02
2.537205070257186890e-02
2.539442479610443115e-02
2.566771581768989563e-02
2.544317767024040222e-02
2.547822520136833191e-02
2.534265443682670593e-02
2.572624012827873230e-02
2.626408822834491730e-02
2.540046162903308868e-02
2.552212961018085480e-02
2.535501867532730103e-02
2.571045607328414917e-02
2.540597133338451385e-02
2.530105598270893097e-02
2.529808133840560913e-02
2.558810263872146606e-02
2.535910345613956451e-02
2.525046095252037048e-02
2.523782476782798767e-02
2.522092126309871674e-02
2.544327080249786377e-02
2.537057362496852875e-02
2.531283348798751831e-02
2.564670145511627197e-02
2.535100094974040985e-02
2.526912093162536621e-02
2.519400417804718018e-02
2.583339624106884003e-02
2.562922611832618713e-02
2.517281286418437958e-02
2.547068707644939423e-02
2.515836432576179504e-02
2.575610391795635223e-02
2.520041167736053467e-02
2.574797905981540680e-02
2.522863820195198059e-02
2.671097218990325928e-02
2.514209784567356110e-02
2.617020718753337860e-02
2.515428885817527771e-02
2.624317444860935211e-02
2.614105306565761566e-02
2.524876408278942108e-02
2.522443234920501709e-02
2.544504590332508087e-02
2.614478580653667450e-02
2.517909929156303406e-02
2.516334503889083862e-02
2.520824410021305084e-02
2.513112314045429230e-02
2.512027323246002197e-02
2.510927990078926086e-02
2.511795423924922943e-02
2.506309747695922852e-02
2.525282278656959534e-02
2.543667517602443695e-02
2.503791078925132751e-02
2.513677813112735748e-02
2.497188746929168701e-02
2.581618539988994598e-02
2.545704506337642670e-02
2.491118013858795166e-02
2.489230781793594360e-02
2.499770373106002808e-02
2.541537769138813019e-02
2.501410804688930511e-02
2.510476298630237579e-02
2.487722598016262054e-02
2.567474730312824249e-02
2.530983090400695801e-02
2.485976181924343109e-02
2.485546469688415527e-02
2.500687353312969208e-02
2.543877996504306793e-02
2.503075078129768372e-02
2.486764825880527496e-02
2.501672320067882538e-02
2.492859214544296265e-02
2.580066025257110596e-02
2.552263997495174408e-02
2.516472712159156799e-02
2.513904497027397156e-02
2.540492080152034760e-02
2.583063021302223206e-02
2.533190883696079254e-02
2.537417598068714142e-02
2.630947157740592957e-02
2.519832178950309753e-02
2.506713941693305969e-02
2.506978251039981842e-02
2.548867464065551758e-02
2.498128637671470642e-02
2.503625862300395966e-02
2.588675357401371002e-02
2.570100873708724976e-02
2.518023736774921417e-02
2.488602884113788605e-02
2.516077458858489990e-02
2.546427398920059204e-02
2.483213134109973907e-02
2.521444112062454224e-02
2.515398338437080383e-02
2.561397105455398560e-02
2.479725144803524017e-02
2.498267590999603271e-02
2.500868216156959534e-02
2.627807483077049255e-02
2.484968863427639008e-02
2.596937119960784912e-02
2.534322440624237061e-02
2.597909234464168549e-02
2.574337460100650787e-02
2.517727762460708618e-02
2.531800791621208191e-02
2.507596835494041443e-02
2.598812244832515717e-02
2.488103508949279785e-02
2.597493119537830353e-02
2.489385753870010376e-02
2.566575258970260620e-02
2.571326866745948792e-02
2.516436763107776642e-02
2.559066563844680786e-02
2.512927539646625519e-02
2.642721123993396759e-02
2.497033402323722839e-02
2.569992467761039734e-02
2.516704984009265900e-02
2.569612488150596619e-02
2.684419229626655579e-02
2.501166239380836487e-02
2.640908583998680115e-02
2.493820339441299438e-02
2.684449218213558197e-02
2.581120282411575317e-02
2.537293173372745514e-02
2.560130693018436432e-02
2.508886530995368958e-02
2.650669775903224945e-02
2.515248581767082214e-02
2.518201805651187897e-02
2.502335235476493835e-02
2.523087337613105774e-02
2.557405084371566772e-02
2.494784072041511536e-02
2.494698204100131989e-02
2.489727735519409180e-02
2.521175518631935120e-02
2.536250837147235870e-02
2.486679516732692719e-02
2.507278136909008026e-02
2.484792657196521759e-02
2.557889372110366821e-02
2.668948285281658173e-02
2.479686401784420013e-02
2.538497559726238251e-02
2.483758702874183655e-02
2.547079883515834808e-02
2.544479817152023315e-02
2.480366267263889313e-02
2.492984384298324585e-02
2.484545111656188965e-02
2.536586299538612366e-02
2.481497265398502350e-02
2.478999644517898560e-02
2.490858919918537140e-02
2.521865814924240112e-02
2.501955069601535797e-02
2.488260343670845032e-02
2.477951720356941223e-02
2.481206692755222321e-02
2.520034462213516235e-02
2.481730282306671143e-02
2.470879442989826202e-02
2.468677051365375519e-02
2.507628314197063446e-02
2.480172365903854370e-02
2.477526478469371796e-02
2.466853708028793335e-02
2.507170848548412323e-02
2.508323267102241516e-02
2.465630136430263519e-02
2.465993538498878479e-02
2.509790658950805664e-02
2.477764710783958435e-02
2.540538646280765533e-02
2.457739785313606262e-02
2.613634429872035980e-02
2.511507458984851837e-02
2.495288476347923279e-02
2.462302334606647491e-02
2.567739412188529968e-02
2.464604936540126801e-02
2.512716874480247498e-02
2.489923685789108276e-02
2.525321580469608307e-02
2.477220818400382996e-02
2.476685307919979095e-02
2.472520433366298676e-02
2.485748380422592163e-02
2.480368688702583313e-02
2.476916834712028503e-02
2.465246245265007019e-02
2.477998286485671997e-02
2.466140314936637878e-02
2.486782521009445190e-02
2.486349642276763916e-02
2.474405616521835327e-02
2.465862967073917389e-02
2.471343986690044403e-02
2.467643283307552338e-02
2.462500706315040588e-02
2.462197653949260712e-02
2.490423060953617096e-02
2.546550706028938293e-02
2.465048618614673615e-02
2.460721135139465332e-02
2.462831139564514160e-02
2.460501529276371002e-02
2.484435960650444031e-02
2.472159452736377716e-02
2.733918838202953339e-02
2.455506473779678345e-02
2.558309212327003479e-02
2.456685900688171387e-02
2.511060610413551331e-02
2.476206980645656586e-02
2.452204003930091858e-02
2.455693669617176056e-02
2.504497580230236053e-02
2.456108480691909790e-02
2.456402219831943512e-02
2.457527630031108856e-02
2.470175176858901978e-02
2.473332919180393219e-02
2.465301752090454102e-02
2.478858269751071930e-02
2.544232830405235291e-02
2.471336349844932556e-02
2.473567798733711243e-02
2.456361986696720123e-02
2.502414956688880920e-02
2.471579797565937042e-02
2.454432286322116852e-02
2.484216354787349701e-02
2.477777190506458282e-02
2.473624236881732941e-02
2.460261061787605286e-02
2.459385991096496582e-02
2.473886869847774506e-02
2.457292936742305756e-02
2.474189735949039459e-02
2.469971776008605957e-02
2.486328780651092529e-02
2.481535822153091431e-02
2.478123456239700317e-02
2.548816986382007599e-02
2.486131712794303894e-02
2.549931779503822327e-02
2.467623166739940643e-02
2.698438987135887146e-02
2.483783662319183350e-02
2.519250288605690002e-02
2.458322979509830475e-02
2.594393491744995117e-02
2.467553876340389252e-02
2.541381306946277618e-02
2.471316978335380554e-02
2.523736283183097839e-02
2.562704496085643768e-02
2.469229698181152344e-02
2.528733387589454651e-02
2.463481947779655457e-02
2.617675811052322388e-02
2.496624365448951721e-02
2.569238655269145966e-02
2.468730509281158447e-02
2.599199675023555756e-02
2.497849240899085999e-02
2.490798383951187134e-02
2.480522543191909790e-02
2.471323683857917786e-02
2.469285391271114349e-02
2.471548877656459808e-02
2.466818317770957947e-02
2.480317279696464539e-02
2.466523833572864532e-02
2.528299763798713684e-02
2.463775686919689178e-02
2.472610957920551300e-02
2.459830045700073242e-02
2.489695884287357330e-02
2.464143745601177216e-02
2.457481436431407928e-02
2.461147122085094452e-02
2.476877346634864807e-02
2.515474706888198853e-02
2.458073012530803680e-02
2.472303062677383423e-02
2.481703273952007294e-02
2.491868659853935242e-02
2.453627623617649078e-02
2.459223940968513489e-02
2.478507906198501587e-02
2.607041224837303162e-02
2.465008571743965149e-02
2.488196268677711487e-02
2.445687912404537201e-02
2.530075050890445709e-02
2.475377731025218964e-02
2.463292703032493591e-02
2.450881525874137878e-02
2.518918365240097046e-02
2.456544525921344757e-02
2.461771480739116669e-02
2.466762810945510864e-02
2.469252236187458038e-02
2.451674081385135651e-02
2.449722960591316223e-02
2.454479970037937164e-02
2.446888387203216553e-02
2.449182234704494476e-02
2.519420534372329712e-02
2.542391233146190643e-02
2.464308775961399078e-02
2.455816231667995453e-02
2.482919767498970032e-02
2.583703584969043732e-02
2.442292496562004089e-02
2.472215332090854645e-02
2.466400526463985443e-02
2.534149214625358582e-02
2.476986683905124664e-02
2.449508383870124817e-02
2.508312650024890900e-02
2.529286220669746399e-02
2.451914176344871521e-02
2.448278106749057770e-02
2.441223524510860443e-02
2.484809793531894684e-02
2.505147084593772888e-02
2.503412961959838867e-02
2.439799159765243530e-02
2.500847540795803070e-02
2.480933070182800293e-02
2.457900531589984894e-02
2.454214543104171753e-02
2.480251900851726532e-02
2.584822848439216614e-02
2.445245720446109772e-02
2.547474205493927002e-02
2.473841048777103424e-02
2.606499567627906799e-02
2.432729862630367279e-02
2.460828050971031189e-02
2.445619180798530579e-02
2.493052370846271515e-02
2.471747994422912598e-02
2.453049458563327789e-02
2.448710985481739044e-02
2.531764283776283264e-02
2.502619475126266479e-02
2.618313580751419067e-02
2.488053590059280396e-02
2.757500112056732178e-02
2.529780380427837372e-02
2.606185898184776306e-02
2.504649385809898376e-02
2.705818973481655121e-02
2.610357291996479034e-02
2.520532533526420593e-02
2.569629065692424774e-02
2.477452158927917480e-02
2.655949629843235016e-02
2.509732730686664581e-02
2.519510500133037567e-02
2.514977753162384033e-02
2.572478540241718292e-02
2.594568952918052673e-02
2.487439289689064026e-02
2.511987835168838501e-02
2.486010640859603882e-02
2.534526027739048004e-02
2.509039826691150665e-02
2.477144636213779449e-02
2.471173182129859924e-02
2.494473941624164581e-02
2.491054683923721313e-02
2.464129962027072906e-02
2.465540356934070587e-02
2.468939498066902161e-02
2.445336058735847473e-02
2.439398132264614105e-02
2.448365464806556702e-02
2.459400147199630737e-02
2.436467446386814117e-02
2.431970648467540741e-02
2.453273907303810120e-02
2.524634078145027161e-02
2.431511692702770233e-02
2.429207600653171539e-02
2.468988113105297089e-02
2.429535239934921265e-02
2.437940612435340881e-02
2.444517239928245544e-02
2.456004358828067780e-02
2.432106062769889832e-02
2.435499615967273712e-02
2.469022758305072784e-02
2.436521276831626892e-02
2.441101148724555969e-02
2.440495789051055908e-02
2.432410791516304016e-02
2.427666075527667999e-02
2.434285171329975128e-02
2.460879273712635040e-02
2.432124316692352295e-02
2.435146830976009369e-02
2.430227212607860565e-02
2.467024698853492737e-02
2.432346530258655548e-02
2.447910606861114502e-02
2.461673505604267120e-02
2.494842186570167542e-02
2.429356612265110016e-02
2.432404272258281708e-02
2.501557953655719757e-02
2.505894377827644348e-02
2.513864263892173767e-02
2.464823983609676361e-02
2.681917697191238403e-02
2.468279749155044556e-02
2.603112533688545227e-02
2.435918897390365601e-02
2.629599906504154205e-02
2.536937408149242401e-02
2.507265657186508179e-02
2.451448142528533936e-02
2.580111101269721985e-02
2.551762387156486511e-02
2.450906671583652496e-02
2.479977346956729889e-02
2.483678981661796570e-02
2.552706561982631683e-02
2.454441040754318237e-02
2.487062849104404449e-02
2.486525289714336395e-02
2.576244249939918518e-02
2.457062527537345886e-02
2.465213835239410400e-02
2.449931018054485321e-02
2.521711401641368866e-02
2.453838847577571869e-02
2.444459684193134308e-02
2.492338232696056366e-02
2.606551162898540497e-02
2.462192997336387634e-02
2.462698891758918762e-02
2.433430030941963196e-02
2.476272359490394592e-02
2.511801943182945251e-02
2.463231980800628662e-02
2.433152496814727783e-02
2.596280351281166077e-02
2.474604733288288116e-02
2.460855245590209961e-02
2.463986165821552277e-02
2.520174346864223480e-02
2.520739287137985229e-02
2.434843778610229492e-02
2.446858584880828857e-02
2.452939003705978394e-02
2.546088583767414093e-02
2.434764057397842407e-02
2.475254051387310028e-02
2.430586144328117371e-02
2.573909237980842590e-02
2.429687790572643280e-02
2.494028210639953613e-02
2.469570748507976532e-02
2.490261010825634003e-02
2.428572811186313629e-02
2.466655336320400238e-02
2.487963996827602386e-02
2.568940818309783936e-02
2.432775683701038361e-02
2.443383820354938507e-02
2.531978115439414978e-02
2.590052038431167603e-02
2.433645352721214294e-02
2.463972009718418121e-02
2.429146319627761841e-02
2.470592409372329712e-02
2.467957511544227600e-02
2.435583434998989105e-02
2.437695302069187164e-02
2.455215156078338623e-02
2.440105378627777100e-02
2.430153638124465942e-02
2.435367740690708160e-02
2.430929988622665405e-02
2.430318109691143036e-02
2.435989305377006531e-02
2.486849389970302582e-02
2.431698143482208252e-02
2.427254989743232727e-02
2.432516403496265411e-02
2.424059994518756866e-02
2.447867020964622498e-02
2.571678720414638519e-02
2.422015555202960968e-02
2.422369085252285004e-02
2.429979294538497925e-02
2.424620464444160461e-02
2.416735328733921051e-02
2.449431642889976501e-02
2.441360987722873688e-02
2.519574761390686035e-02
2.413702942430973053e-02
2.611701563000679016e-02
2.429643645882606506e-02
2.461720630526542664e-02
2.446398511528968811e-02
2.452757023274898529e-02
2.488561719655990601e-02
2.479079738259315491e-02
2.709531411528587341e-02
2.485627308487892151e-02
2.473812922835350037e-02
2.482458204030990601e-02
2.674841694533824921e-02
2.531695365905761719e-02
2.502650395035743713e-02
2.622018381953239441e-02
2.539990283548831940e-02
2.488723024725914001e-02
2.460772730410099030e-02
2.557041868567466736e-02
2.696990408003330231e-02
2.450936473906040192e-02
2.623261883854866028e-02
2.456849254667758942e-02
2.675168775022029877e-02
2.511916682124137878e-02
2.508936822414398193e-02
2.559250406920909882e-02
2.484896220266819000e-02
2.686820365488529205e-02
2.455715835094451904e-02
2.487779408693313599e-02
2.431877143681049347e-02
2.536080963909626007e-02
2.516683191061019897e-02
2.420976944267749786e-02
2.431056275963783264e-02
2.435588091611862183e-02
2.438163384795188904e-02
2.445943839848041534e-02
2.425794303417205811e-02
2.424143254756927490e-02
2.422079071402549744e-02
2.430654503405094147e-02
2.544993162155151367e-02
2.422262169420719147e-02
2.454576641321182251e-02
2.415197156369686127e-02
2.469643764197826385e-02
2.642637491226196289e-02
2.414316497743129730e-02
2.538932301104068756e-02
2.436293102800846100e-02
2.733897604048252106e-02
2.446744404733181000e-02
2.466699294745922089e-02
2.431664615869522095e-02
2.452265098690986633e-02
2.456995099782943726e-02
2.407345548272132874e-02
2.402190119028091431e-02
2.407407015562057495e-02
2.463987842202186584e-02
2.412812411785125732e-02
2.454440668225288391e-02
2.445530705153942108e-02
2.548071742057800293e-02
2.466727420687675476e-02
2.422594837844371796e-02
2.410335093736648560e-02
2.471851371228694916e-02
2.455298975110054016e-02
2.420035004615783691e-02
2.409765869379043579e-02
2.397091686725616455e-02
2.442914620041847229e-02
2.415274083614349365e-02
2.399429120123386383e-02
2.378707751631736755e-02
2.376445382833480835e-02
2.420331351459026337e-02
2.388946898281574249e-02
2.366470731794834137e-02
2.452591247856616974e-02
2.366393990814685822e-02
2.359631471335887909e-02
2.404764294624328613e-02
2.414257824420928955e-02
2.356431633234024048e-02
2.358555234968662262e-02
2.493088133633136749e-02
2.374432608485221863e-02
2.359586581587791443e-02
2.414909191429615021e-02
2.359151467680931091e-02
2.344081178307533264e-02
2.473133802413940430e-02
2.461138926446437836e-02
2.340278774499893188e-02
2.842929214239120483e-02
2.415638603270053864e-02
2.401187829673290253e-02
2.604619227349758148e-02
2.484766766428947449e-02
2.452033199369907379e-02
2.369762584567070007e-02
2.620142884552478790e-02
2.357893623411655426e-02
2.354233153164386749e-02
2.394420653581619263e-02
2.430775761604309082e-02
2.504595741629600525e-02
2.385290898382663727e-02
2.613870613276958466e-02
2.481211349368095398e-02
2.356426417827606201e-02
2.578430809080600739e-02
2.384258247911930084e-02
2.397340349853038788e-02
2.373136207461357117e-02
2.399543486535549164e-02
2.361522056162357330e-02
2.357035502791404724e-02
2.434958331286907196e-02
2.341940626502037048e-02
2.348410338163375854e-02
2.346879802644252777e-02
2.458290942013263702e-02
2.356204949319362640e-02
2.318525128066539764e-02
2.508273907005786896e-02
2.314858697354793549e-02
2.314081974327564240e-02
2.380153164267539978e-02
2.337539754807949066e-02
2.321031503379344940e-02
2.427096478641033173e-02
2.314704097807407379e-02
2.294730395078659058e-02
2.413097210228443146e-02
2.317093685269355774e-02
2.303467132151126862e-02
2.453149668872356415e-02
2.447889372706413269e-02
2.526520006358623505e-02
2.315149828791618347e-02
2.349598333239555359e-02
2.455164305865764618e-02
2.281459793448448181e-02
2.278595790266990662e-02
2.357337251305580139e-02
2.408009022474288940e-02
2.698337472975254059e-02
2.551884204149246216e-02
2.339894697070121765e-02
2.807463519275188446e-02
2.480890788137912750e-02
2.615115791559219360e-02
2.537875995039939880e-02
2.600110322237014771e-02
2.398420684039592743e-02
2.472082898020744324e-02
2.519607543945312500e-02
2.489476464688777924e-02
2.374672144651412964e-02
2.345852740108966827e-02
2.364069223403930664e-02
2.522751316428184509e-02
2.411145158112049103e-02
2.448525652289390564e-02
2.596301957964897156e-02
2.481620386242866516e-02
2.380325831472873688e-02
2.455979585647583008e-02
2.363901771605014801e-02
2.536973170936107635e-02
2.335375174880027771e-02
2.396097965538501740e-02
2.339840307831764221e-02
2.583372965455055237e-02
2.271701022982597351e-02
2.319869585335254669e-02
2.491340227425098419e-02
2.343485131859779358e-02
2.285983972251415253e-02
2.347825840115547180e-02
2.559601143002510071e-02
2.347560226917266846e-02
2.624495700001716614e-02
2.323074825108051300e-02
2.801619656383991241e-02
2.311841398477554321e-02
2.342932857573032379e-02
2.535266056656837463e-02
2.266077883541584015e-02
2.403235621750354767e-02
2.284563146531581879e-02
2.526894398033618927e-02
2.359079755842685699e-02
2.348823286592960358e-02
2.401668205857276917e-02
2.483661659061908722e-02
2.333429828286170959e-02
2.358322590589523315e-02
2.307203970849514008e-02
2.363215759396553040e-02
2.443677932024002075e-02
2.260802499949932098e-02
2.736295387148857117e-02
2.240050770342350006e-02
2.560201473534107208e-02
2.398783713579177856e-02
2.761203423142433167e-02
2.391261793673038483e-02
2.438272722065448761e-02
2.275827527046203613e-02
2.425021678209304810e-02
2.307905256748199463e-02
2.373606339097023010e-02
2.350680157542228699e-02
2.465186640620231628e-02
2.439997158944606781e-02
2.390583790838718414e-02
2.504096738994121552e-02
2.512006834149360657e-02
2.353615872561931610e-02
2.285104803740978241e-02
2.594548463821411133e-02
2.377399429678916931e-02
2.452016808092594147e-02
2.509082853794097900e-02
2.526079490780830383e-02
2.474674955010414124e-02
2.437179349362850189e-02
2.315658144652843475e-02
2.284199558198451996e-02
2.367135323584079742e-02
2.331685647368431091e-02
2.417370676994323730e-02
2.413390204310417175e-02
2.559399046003818512e-02
2.396754920482635498e-02
2.429590560495853424e-02
2.386415377259254456e-02
2.455233782529830933e-02
2.338710427284240723e-02
2.343543805181980133e-02
2.292238734662532806e-02
2.568974532186985016e-02
2.470375038683414459e-02
2.519183047115802765e-02
2.453927323222160339e-02
2.469692751765251160e-02
2.302994951605796814e-02
2.270248346030712128e-02
2.250219695270061493e-02
2.356325089931488037e-02
2.330819144845008850e-02
2.345580421388149261e-02
2.316132560372352600e-02
2.468457445502281189e-02
2.783662825822830200e-02
2.252111770212650299e-02
2.917544543743133545e-02
2.511420287191867828e-02
2.803152427077293396e-02
2.870918996632099152e-02
2.519757486879825592e-02
2.783451601862907410e-02
2.392449602484703064e-02
2.487455308437347412e-02
2.427125535905361176e-02
2.389100566506385803e-02
2.581879496574401855e-02
2.425371855497360229e-02
2.441935986280441284e-02
2.437380328774452209e-02
2.376528084278106689e-02
2.468636631965637207e-02
2.344903163611888885e-02
2.329222112894058228e-02
2.317501790821552277e-02
2.341780997812747955e-02
2.331765368580818176e-02
2.305474877357482910e-02
2.313352562487125397e-02
2.298428677022457123e-02
2.341005019843578339e-02
2.296007983386516571e-02
2.307284809648990631e-02
2.310699783265590668e-02
2.477457933127880096e-02
2.460248395800590515e-02
2.358137443661689758e-02
2.379707805812358856e-02
2.537103183567523956e-02
2.256730198860168457e-02
2.376283891499042511e-02
2.378267608582973480e-02
2.327495068311691284e-02
2.446224540472030640e-02
2.291733585298061371e-02
2.533107995986938477e-02
2.322294190526008606e-02
2.519758231937885284e-02
2.252862043678760529e-02
2.455435693264007568e-02
2.251552045345306396e-02
2.403499558568000793e-02
2.319705113768577576e-02
2.387406118214130402e-02
2.360063605010509491e-02
2.351810038089752197e-02
2.342546172440052032e-02
2.361383475363254547e-02
2.334943413734436035e-02
2.349995449185371399e-02
2.280673757195472717e-02
2.274010889232158661e-02
2.288602851331233978e-02
2.250926569104194641e-02
2.645355090498924255e-02
2.252338826656341553e-02
2.387398853898048401e-02
2.365979924798011780e-02
2.298555709421634674e-02
2.397399395704269409e-02
2.278525196015834808e-02
2.302919328212738037e-02
2.288526482880115509e-02
2.265328727662563324e-02
2.275315113365650177e-02
2.303429879248142242e-02
2.287263795733451843e-02
2.619828656315803528e-02
2.414843998849391937e-02
2.334298752248287201e-02
2.302226983010768890e-02
2.473016083240509033e-02
2.510213106870651245e-02
2.286349050700664520e-02
2.843488752841949463e-02
2.448693849146366119e-02
2.605493552982807159e-02
2.386396750807762146e-02
2.664635702967643738e-02
2.273057214915752411e-02
2.353605255484580994e-02
2.377573400735855103e-02
2.401351183652877808e-02
2.467556111514568329e-02
2.413285151124000549e-02
2.515422366559505463e-02
2.528690733015537262e-02
2.339126355946063995e-02
2.331950701773166656e-02
2.287863381206989288e-02
2.541787549853324890e-02
2.403960935771465302e-02
2.580329030752182007e-02
2.434962056577205658e-02
2.539729326963424683e-02
2.469498850405216217e-02
2.302370406687259674e-02
2.384595945477485657e-02
2.284714579582214355e-02
2.577224001288414001e-02
2.336188964545726776e-02
2.437721006572246552e-02
2.358075976371765137e-02
2.331239543855190277e-02
2.350370958447456360e-02
2.277637086808681488e-02
2.335746400058269501e-02
2.291889488697052002e-02
2.366448193788528442e-02
2.312462404370307922e-02
2.321681566536426544e-02
2.320123091340065002e-02
2.306585386395454407e-02
2.291273511946201324e-02
2.281894348561763763e-02
2.272552251815795898e-02
2.270214073359966278e-02
2.266089245676994324e-02
2.302234247326850891e-02
2.369661256670951843e-02
2.453322149813175201e-02
2.637063525617122650e-02
2.309530228376388550e-02
2.423175051808357239e-02
2.466379292309284210e-02
2.426962740719318390e-02
2.425230853259563446e-02
2.417048253118991852e-02
2.409410849213600159e-02
2.416034042835235596e-02
2.404501289129257202e-02
2.467728592455387115e-02
2.510668709874153137e-02
2.447640337049961090e-02
2.470036782324314117e-02
2.351230569183826447e-02
2.285888977348804474e-02
2.288576960563659668e-02
2.333975583314895630e-02
2.535655722022056580e-02
2.600574307143688202e-02
2.708401158452033997e-02
2.654958330094814301e-02
2.518606744706630707e-02
2.446624450385570526e-02
2.358399704098701477e-02
2.416780404746532440e-02
2.299633808434009552e-02
2.482189983129501343e-02
2.414707094430923462e-02
2.485081180930137634e-02
2.501178532838821411e-02
2.411801181733608246e-02
2.432849816977977753e-02
2.439294382929801941e-02
2.400458231568336487e-02
2.439785003662109375e-02
2.406800910830497742e-02
2.410573139786720276e-02
2.398256212472915649e-02
2.401127293705940247e-02
2.403241395950317383e-02
2.399291656911373138e-02
2.412600442767143250e-02
2.420267276465892792e-02
2.430713549256324768e-02
2.402733452618122101e-02
2.327864430844783783e-02
2.285664156079292297e-02
2.272243797779083252e-02
2.280998975038528442e-02
2.315623499453067780e-02
2.456082589924335480e-02
2.391403168439865112e-02
2.328443340957164764e-02
2.780313789844512939e-02
2.325672656297683716e-02
2.593205869197845459e-02
2.302739582955837250e-02
2.843499183654785156e-02
2.312723174691200256e-02
2.378284372389316559e-02
2.429808489978313446e-02
2.520659565925598145e-02
2.547912485897541046e-02
2.481395378708839417e-02
2.402614615857601166e-02
2.416732162237167358e-02
2.321714349091053009e-02
2.824028767645359039e-02
2.385856211185455322e-02
2.513604611158370972e-02
2.552139200270175934e-02
2.480145916342735291e-02
2.672057040035724640e-02
2.747326716780662537e-02
2.544975653290748596e-02
2.531931176781654358e-02
2.571418881416320801e-02
2.486013434827327728e-02
2.566331438720226288e-02
2.809069678187370300e-02
2.414774522185325623e-02
2.507227472960948944e-02
2.534641698002815247e-02
2.355236746370792389e-02
2.602933160960674286e-02
2.548074163496494293e-02
2.445374615490436554e-02
2.575082145631313324e-02
2.570605464279651642e-02
2.467255853116512299e-02
2.458358742296695709e-02
2.479903399944305420e-02
2.421985939145088196e-02
2.419504523277282715e-02
2.429526299238204956e-02
2.424569614231586456e-02
2.414294332265853882e-02
2.413565479218959808e-02
2.392914518713951111e-02
2.369106560945510864e-02
2.369116246700286865e-02
2.343318238854408264e-02
2.336931973695755005e-02
2.336275950074195862e-02
2.369253151118755341e-02
2.397191151976585388e-02
2.352250739932060242e-02
2.317752316594123840e-02
2.308501489460468292e-02
2.303449437022209167e-02
2.309348061680793762e-02
2.284527383744716644e-02
2.283661067485809326e-02
2.274995483458042145e-02
2.366862818598747253e-02
2.351588755846023560e-02
2.273781970143318176e-02
2.271125093102455139e-02
2.261150814592838287e-02
2.282943390309810638e-02
2.296455763280391693e-02
2.308785356581211090e-02
2.309479750692844391e-02
2.311799675226211548e-02
2.293215505778789520e-02
2.286492660641670227e-02
2.279119007289409637e-02
2.263944223523139954e-02
2.257552742958068848e-02
2.256696298718452454e-02
2.247741259634494781e-02
2.410749346017837524e-02
2.300808019936084747e-02
2.450453117489814758e-02
2.483207546174526215e-02
2.325633540749549866e-02
2.488599717617034912e-02
2.353357709944248199e-02
2.472037263214588165e-02
2.429503016173839569e-02
2.354780212044715881e-02
2.380338683724403381e-02
2.348970249295234680e-02
2.403252385556697845e-02
2.345482632517814636e-02
2.293580025434494019e-02
2.272970229387283325e-02
2.286295779049396515e-02
2.265002019703388214e-02
2.245988510549068451e-02
2.275580540299415588e-02
2.238439209759235382e-02
2.317127771675586700e-02
2.302935719490051270e-02
2.253041602671146393e-02
2.389360405504703522e-02
2.250199578702449799e-02
2.386490628123283386e-02
2.271466143429279327e-02
2.456697635352611542e-02
2.250559255480766296e-02
2.436377480626106262e-02
2.313740551471710205e-02
2.372368611395359039e-02
2.240427769720554352e-02
2.319453470408916473e-02
2.361625619232654572e-02
2.411374077200889587e-02
2.363288775086402893e-02
2.389838919043540955e-02
2.311056107282638550e-02
2.322855964303016663e-02
2.332325652241706848e-02
2.422343939542770386e-02
2.370155975222587585e-02
2.289651148021221161e-02
2.264867350459098816e-02
2.301055938005447388e-02
2.333235926926136017e-02
2.293497137725353241e-02
2.273461222648620605e-02
2.313368581235408783e-02
2.375110983848571777e-02
2.380633912980556488e-02
2.365368232131004333e-02
2.329021133482456207e-02
2.291894890367984772e-02
2.287100069224834442e-02
2.299176156520843506e-02
2.258232980966567993e-02
2.257538214325904846e-02
2.295600995421409607e-02
2.284319698810577393e-02
2.223948761820793152e-02
2.213762514293193817e-02
2.244409173727035522e-02
2.218693867325782776e-02
2.333559468388557434e-02
2.295802719891071320e-02
2.238627709448337555e-02
2.296222560107707977e-02
2.259187027812004089e-02
2.329791709780693054e-02
2.266626060009002686e-02
2.248216420412063599e-02
2.293309755623340607e-02
2.570184692740440369e-02
2.574064582586288452e-02
2.514768391847610474e-02
2.534706331789493561e-02
2.440258115530014038e-02
2.573527209460735321e-02
2.460760995745658875e-02
2.602511271834373474e-02
2.506011165678501129e-02
2.547005005180835724e-02
2.759656682610511780e-02
2.478601038455963135e-02
2.699285373091697693e-02
2.476362697780132294e-02
2.783905528485774994e-02
2.563415281474590302e-02
2.546941675245761871e-02
2.605101466178894043e-02
2.455135993659496307e-02
2.687468752264976501e-02
2.446936070919036865e-02
2.511672303080558777e-02
2.527018077671527863e-02
2.436352334916591644e-02
2.539840340614318848e-02
2.468823827803134918e-02
2.422295324504375458e-02
2.414263971149921417e-02
2.414169348776340485e-02
2.423396706581115723e-02
2.423448860645294189e-02
2.402957156300544739e-02
2.427761070430278778e-02
2.406223118305206299e-02
2.438794635236263275e-02
2.423000708222389221e-02
2.409266307950019836e-02
2.416642941534519196e-02
2.454219199717044830e-02
2.467012591660022736e-02
2.413337305188179016e-02
2.410769276320934296e-02
2.405733801424503326e-02
2.409577555954456329e-02
2.411436289548873901e-02
2.403184212744235992e-02
2.399376593530178070e-02
2.401449158787727356e-02
2.395923621952533722e-02
2.392825484275817871e-02
2.391928248107433319e-02
2.405704930424690247e-02
2.431336976587772369e-02
2.393839135766029358e-02
2.384971268475055695e-02
2.384883165359497070e-02
2.409753762185573578e-02
2.397083677351474762e-02
2.393915504217147827e-02
2.390347607433795929e-02
2.396287582814693451e-02
2.391680888831615448e-02
2.405538037419319153e-02
2.407193742692470551e-02
2.400459907948970795e-02
2.397939749062061310e-02
2.392954565584659576e-02
2.415266633033752441e-02
2.414767071604728699e-02
2.361062169075012207e-02
2.376865781843662262e-02
2.372897788882255554e-02
2.385226078331470490e-02
2.362278848886489868e-02
2.372297272086143494e-02
2.364654466509819031e-02
2.455670572817325592e-02
2.410018816590309143e-02
2.389194816350936890e-02
2.400297112762928009e-02
2.382367849349975586e-02
2.438400313258171082e-02
2.394057065248489380e-02
2.374157682061195374e-02
2.370911836624145508e-02
2.364950813353061676e-02
2.361170388758182526e-02
2.356004528701305389e-02
2.349174395203590393e-02
2.347553893923759460e-02
2.341531030833721161e-02
2.355846203863620758e-02
2.346258983016014099e-02
2.351501025259494781e-02
2.341619133949279785e-02
2.361701987683773041e-02
2.381142601370811462e-02
2.349597588181495667e-02
2.355368807911872864e-02
2.353288978338241577e-02
2.362745627760887146e-02
2.355005219578742981e-02
2.353749051690101624e-02
2.354070357978343964e-02
2.363937348127365112e-02
2.348061837255954742e-02
2.347046323120594025e-02
2.347387187182903290e-02
2.369272150099277496e-02
2.328751422464847565e-02
2.334929443895816803e-02
2.332056686282157898e-02
2.376430481672286987e-02
2.311136387288570404e-02
2.313577756285667419e-02
2.319944649934768677e-02
2.318057604134082794e-02
2.319667488336563110e-02
2.316711470484733582e-02
2.327953279018402100e-02
2.333239838480949402e-02
2.336690574884414673e-02
2.324107848107814789e-02
2.330703102052211761e-02
2.334767952561378479e-02
2.336012199521064758e-02
2.321719005703926086e-02
2.328633517026901245e-02
2.325135841965675354e-02
2.350146509706974030e-02
2.392465434968471527e-02
2.348762564361095428e-02
2.335857599973678589e-02
2.307042106986045837e-02
2.353967912495136261e-02
2.297358587384223938e-02
2.301502786576747894e-02
2.274580486118793488e-02
2.365624159574508667e-02
2.305971458554267883e-02
2.286658808588981628e-02
2.300366014242172241e-02
2.360900491476058960e-02
2.250093780457973480e-02
2.289993688464164734e-02
2.245843596756458282e-02
2.362627349793910980e-02
2.360383234918117523e-02
2.325933240354061127e-02
2.356124669313430786e-02
2.301953919231891632e-02
2.510369569063186646e-02
2.294751629233360291e-02
2.373073063790798187e-02
2.307561412453651428e-02
2.335337176918983459e-02
2.340170554816722870e-02
2.271933481097221375e-02
2.294670604169368744e-02
2.255897037684917450e-02
2.383687533438205719e-02
2.280965074896812439e-02
2.340826205909252167e-02
2.273882366716861725e-02
2.308942191302776337e-02
2.337207272648811340e-02
2.320317924022674561e-02
2.263844944536685944e-02
2.243339084088802338e-02
2.316852845251560211e-02
2.300396375358104706e-02
2.305644564330577850e-02
2.276509441435337067e-02
2.274388074874877930e-02
2.255262248218059540e-02
2.260467037558555603e-02
2.260465547442436218e-02
2.262585051357746124e-02
2.282198332250118256e-02
2.294135093688964844e-02
2.281811460852622986e-02
2.263197116553783417e-02
2.257922291755676270e-02
2.256065793335437775e-02
2.256569638848304749e-02
2.247457765042781830e-02
2.244304306805133820e-02
2.311507798731327057e-02
2.266042120754718781e-02
2.306624501943588257e-02
2.282558381557464600e-02
2.307217009365558624e-02
2.275300584733486176e-02
2.348078973591327667e-02
2.252079732716083527e-02
2.339894138276576996e-02
2.260011434555053711e-02
2.235943637788295746e-02
2.262623608112335205e-02
2.230603061616420746e-02
2.290760725736618042e-02
2.241971157491207123e-02
2.357250079512596130e-02
2.259476855397224426e-02
2.284958213567733765e-02
2.259969897568225861e-02
2.388528175652027130e-02
2.260289341211318970e-02
2.403942123055458069e-02
2.221586927771568298e-02
2.453945577144622803e-02
2.211981453001499176e-02
2.424103580415248871e-02
2.221991121768951416e-02
2.473061718046665192e-02
2.241931110620498657e-02
2.290111966431140900e-02
2.240777574479579926e-02
2.466387860476970673e-02
2.230316214263439178e-02
2.284278348088264465e-02
2.241541631519794464e-02
2.358149923384189606e-02
2.301692962646484375e-02
2.221243269741535187e-02
2.304517664015293121e-02
2.197778970003128052e-02
2.270712330937385559e-02
2.215058915317058563e-02
2.244890481233596802e-02
2.196900546550750732e-02
2.281020022928714752e-02
2.193059772253036499e-02
2.264932170510292053e-02
2.191120386123657227e-02
2.316895686089992523e-02
2.212723530828952789e-02
2.241162210702896118e-02
2.244991250336170197e-02
2.202563174068927765e-02
2.222960814833641052e-02
2.238461375236511230e-02
2.302406542003154755e-02
2.247596718370914459e-02
2.290563657879829407e-02
2.241983637213706970e-02
2.311157621443271637e-02
2.297404780983924866e-02
2.232251316308975220e-02
2.264948189258575439e-02
2.219207398593425751e-02
2.302941866219043732e-02
2.256401441991329193e-02
2.239604108035564423e-02
2.209292910993099213e-02
2.238167449831962585e-02
2.228511683642864227e-02
2.213240042328834534e-02
2.229199185967445374e-02
2.237357757985591888e-02
2.303112484514713287e-02
2.205339632928371429e-02
2.214354276657104492e-02
2.204159460961818695e-02
2.274814434349536896e-02
2.205627039074897766e-02
2.333028428256511688e-02
2.233804203569889069e-02
2.237185277044773102e-02
2.201266586780548096e-02
2.196343988180160522e-02
2.294019609689712524e-02
2.266354672610759735e-02
2.271671965718269348e-02
2.326385490596294403e-02
2.315591461956501007e-02
2.279969491064548492e-02
2.314060740172863007e-02
2.251335419714450836e-02
2.322300150990486145e-02
2.210499159991741180e-02
2.241557091474533081e-02
2.203670889139175415e-02
2.304305322468280792e-02
2.194438502192497253e-02
2.372732944786548615e-02
2.183910459280014038e-02
2.255165390670299530e-02
2.220487967133522034e-02
2.242456935346126556e-02
2.200193516910076141e-02
2.224596776068210602e-02
2.189245820045471191e-02
2.253563329577445984e-02
2.248656190931797028e-02
2.226541191339492798e-02
2.354582585394382477e-02
2.253013104200363159e-02
2.353392355144023895e-02
2.191721275448799133e-02
2.313417382538318634e-02
2.284259349107742310e-02
2.283756248652935028e-02
2.311789244413375854e-02
2.196748740971088409e-02
2.268866263329982758e-02
2.312085777521133423e-02
2.263117581605911255e-02
2.326319180428981781e-02
2.199574932456016541e-02
2.230752445757389069e-02
2.273235842585563660e-02
2.190691232681274414e-02
2.362932823598384857e-02
2.560122869908809662e-02
2.535309828817844391e-02
2.861661277711391449e-02
2.729524299502372742e-02
2.676792070269584656e-02
2.758766524493694305e-02
2.618030458688735962e-02
2.836981788277626038e-02
2.633763477206230164e-02
2.616276964545249939e-02
2.632822655141353607e-02
2.509784325957298279e-02
2.667561359703540802e-02
2.504207193851470947e-02
2.519403956830501556e-02
2.438287064433097839e-02
2.408353798091411591e-02
2.484920993447303772e-02
2.329734340310096741e-02
2.365913428366184235e-02
2.341605164110660553e-02
2.301131002604961395e-02
2.401000261306762695e-02
2.328094653785228729e-02
2.327022701501846313e-02
2.326058037579059601e-02
2.304023317992687225e-02
2.283046767115592957e-02
2.295516617596149445e-02
2.315906994044780731e-02
2.335210889577865601e-02
2.347119525074958801e-02
2.354401722550392151e-02
2.357673086225986481e-02
2.397704310715198517e-02
2.372128516435623169e-02
2.323673292994499207e-02
2.331837639212608337e-02
2.305016666650772095e-02
2.318326570093631744e-02
2.294802106916904449e-02
2.330351620912551880e-02
2.349080890417098999e-02
2.273095026612281799e-02
2.349878475069999695e-02
2.293441444635391235e-02
2.233163639903068542e-02
2.344309911131858826e-02
2.277382463216781616e-02
2.328047715127468109e-02
2.379585243761539459e-02
2.246126532554626465e-02
2.287029661238193512e-02
2.217164263129234314e-02
2.301622740924358368e-02
2.278891392052173615e-02
2.245971001684665680e-02
2.244223281741142273e-02
2.260130271315574646e-02
2.267620153725147247e-02
2.260900847613811493e-02
2.250502258539199829e-02
2.255142293870449066e-02
2.239631302654743195e-02
2.264025807380676270e-02
2.245824784040451050e-02
2.315377071499824524e-02
2.258081734180450439e-02
2.296640723943710327e-02
2.303654514253139496e-02
2.555835619568824768e-02
2.267536148428916931e-02
2.451208606362342834e-02
2.296530827879905701e-02
2.535203844308853149e-02
2.363173663616180420e-02
2.274953015148639679e-02
2.298479154706001282e-02
2.232598140835762024e-02
2.390475198626518250e-02
2.271487750113010406e-02
2.452065050601959229e-02
2.251033484935760498e-02
2.374498359858989716e-02
2.237647958099842072e-02
2.208576723933219910e-02
2.231348119676113129e-02
2.237602695822715759e-02
2.259795740246772766e-02
2.225383184850215912e-02
2.274478226900100708e-02
2.243471518158912659e-02
2.337244711816310883e-02
2.276363223791122437e-02
2.334719337522983551e-02
2.260090596973896027e-02
2.313774079084396362e-02
2.332480065524578094e-02
2.236774750053882599e-02
2.238643728196620941e-02
2.220267988741397858e-02
2.234014868736267090e-02
2.274052426218986511e-02
2.200964838266372681e-02
2.290843613445758820e-02
2.210968732833862305e-02
2.288496866822242737e-02
2.237719856202602386e-02
2.200054377317428589e-02
2.248434908688068390e-02
2.238438650965690613e-02
2.271595969796180725e-02
2.210796438157558441e-02
2.276982553303241730e-02
2.231322601437568665e-02
2.243559621274471283e-02
2.229617722332477570e-02
2.225074172019958496e-02
2.270157635211944580e-02
2.226340956985950470e-02
2.208303846418857574e-02
2.255335077643394470e-02
2.238686196506023407e-02
2.231320925056934357e-02
2.272265218198299408e-02
2.215710096061229706e-02
2.338836155831813812e-02
2.229423448443412781e-02
2.361422777175903320e-02
2.225591614842414856e-02
2.350555546581745148e-02
2.227945998311042786e-02
2.310755848884582520e-02
2.295704931020736694e-02
2.351276017725467682e-02
2.210763283073902130e-02
2.357395924627780914e-02
2.205293625593185425e-02
2.342779748141765594e-02
2.219333499670028687e-02
2.346952073276042938e-02
2.226136624813079834e-02
2.272255718708038330e-02
2.210300415754318237e-02
2.225282788276672363e-02
2.246458828449249268e-02
2.278365381062030792e-02
2.337657101452350616e-02
2.199329622089862823e-02
2.326257154345512390e-02
2.263086289167404175e-02
2.328431233763694763e-02
2.270712703466415405e-02
2.300487831234931946e-02
2.244374155998229980e-02
2.289030142128467560e-02
2.186033315956592560e-02
2.186520770192146301e-02
2.219967730343341827e-02
2.254149131476879120e-02
2.200725115835666656e-02
2.223770506680011749e-02
2.193869836628437042e-02
2.182789891958236694e-02
2.186264097690582275e-02
2.187406271696090698e-02
2.241363003849983215e-02
2.210514806210994720e-02
2.347208373248577118e-02
2.205568924546241760e-02
2.255622483789920807e-02
2.214644663035869598e-02
2.227262035012245178e-02
2.211846970021724701e-02
2.281042933464050293e-02
2.297071926295757294e-02
2.172239124774932861e-02
2.350726723670959473e-02
2.181314490735530853e-02
2.399645932018756866e-02
2.264466322958469391e-02
2.274062670767307281e-02
2.306093648076057434e-02
2.197792753577232361e-02
2.360527776181697845e-02
2.204307541251182556e-02
2.462795004248619080e-02
2.234979718923568726e-02
2.377677150070667267e-02
2.166788093745708466e-02
2.242672257125377655e-02
2.243988402187824249e-02
2.319274283945560455e-02
2.305433712899684906e-02
2.178522571921348572e-02
2.227596938610076904e-02
2.219153381884098053e-02
2.219281531870365143e-02
2.194494754076004028e-02
2.171103283762931824e-02
2.173212356865406036e-02
2.280380576848983765e-02
2.171828597784042358e-02
2.214271202683448792e-02
2.169073931872844696e-02
2.197370491921901703e-02
2.169880829751491547e-02
2.173488587141036987e-02
2.192746661603450775e-02
2.194299176335334778e-02
2.294470183551311493e-02
2.203484252095222473e-02
2.226323634386062622e-02
2.172320708632469177e-02
2.217063121497631073e-02
2.185336314141750336e-02
2.288441546261310577e-02
2.213198505342006683e-02
2.269751392304897308e-02
2.148141153156757355e-02
2.202769927680492401e-02
2.220814861357212067e-02
2.277310565114021301e-02
2.187306247651576996e-02
2.150535583496093750e-02
2.165899239480495453e-02
2.172418124973773956e-02
2.168688178062438965e-02
2.188256382942199707e-02
2.200703695416450500e-02
2.232018113136291504e-02
2.310442551970481873e-02
2.163387462496757507e-02
2.250676229596138000e-02
2.186479605734348297e-02
2.170615643262863159e-02
2.170762047171592712e-02
2.225753664970397949e-02
2.180235274136066437e-02
2.186017483472824097e-02
2.162490040063858032e-02
2.170342206954956055e-02
2.172647044062614441e-02
2.203567512333393097e-02
2.195495925843715668e-02
2.172826044261455536e-02
2.182525396347045898e-02
2.170277200639247894e-02
2.132852748036384583e-02
2.241055667400360107e-02
2.892013080418109894e-02
2.262014709413051605e-02
2.850498631596565247e-02
2.325196005403995514e-02
2.592807635664939880e-02
2.409537136554718018e-02
2.501768805086612701e-02
2.673970907926559448e-02
2.418082766234874725e-02
2.408155612647533417e-02
2.510183863341808319e-02
2.274050377309322357e-02
2.301550656557083130e-02
2.365090139210224152e-02
2.214360050857067108e-02
2.312920428812503815e-02
2.317561954259872437e-02
2.244148589670658112e-02
2.398307807743549347e-02
2.195964194834232330e-02
2.268015034496784210e-02
2.160318009555339813e-02
2.170034684240818024e-02
2.201375924050807953e-02
2.177269943058490753e-02
2.223795838654041290e-02
2.197522297501564026e-02
2.226571738719940186e-02
2.302388474345207214e-02
2.193892560899257660e-02
2.202050387859344482e-02
2.184131368994712830e-02
2.170414291322231293e-02
2.171230316162109375e-02
2.166652306914329529e-02
2.171444334089756012e-02
2.185935340821743011e-02
2.166259661316871643e-02
2.258567884564399719e-02
2.195756137371063232e-02
2.213269844651222229e-02
2.172410674393177032e-02
2.166409976780414581e-02
2.208466269075870514e-02
2.166620269417762756e-02
2.251131646335124969e-02
2.187310345470905304e-02
2.192321605980396271e-02
2.182315848767757416e-02
2.190177142620086670e-02
2.154494822025299072e-02
2.167501114308834076e-02
2.191180549561977386e-02
2.171887457370758057e-02
2.176688984036445618e-02
2.174134738743305206e-02
2.156416699290275574e-02
2.197536267340183258e-02
2.208279818296432495e-02
2.233004756271839142e-02
2.166618779301643372e-02
2.256318740546703339e-02
2.141380496323108673e-02
2.212117798626422882e-02
2.220421098172664642e-02
2.248473279178142548e-02
2.220650017261505127e-02
2.221236936748027802e-02
2.275067009031772614e-02
2.277925983071327209e-02
2.260648272931575775e-02
2.222113683819770813e-02
2.188560552895069122e-02
2.174561657011508942e-02
2.186031267046928406e-02
2.176790498197078705e-02
2.179221436381340027e-02
2.169617265462875366e-02
2.163842506706714630e-02
2.149708755314350128e-02
2.202149108052253723e-02
2.145777456462383270e-02
2.223877422511577606e-02
2.154375053942203522e-02
2.273503132164478302e-02
2.187930606305599213e-02
2.352388389408588409e-02
2.135179936885833740e-02
2.388666197657585144e-02
