-1.584303081035614014e-01
-1.108147352933883667e-01
-4.010364413261413574e-03
-7.245859503746032715e-02
1.144005656242370605e-01
1.565410196781158447e-02
-4.862201213836669922e-02
1.005551405251026154e-02
-2.001626342535018921e-01
3.227632865309715271e-02
2.934716269373893738e-02
7.831773161888122559e-02
3.309518098831176758e-03
3.836264088749885559e-02
9.588180482387542725e-02
-5.924791097640991211e-03
-2.774785757064819336e-01
-1.871868968009948730e-03
8.780205994844436646e-02
-3.284931182861328125e-03
-2.722400426864624023e-01
1.479189991950988770e-01
5.853073671460151672e-02
-2.027006596326828003e-01
1.370330303907394409e-01
6.788460165262222290e-02
1.602104306221008301e-01
6.653612107038497925e-02
4.599630832672119141e-02
-1.785352826118469238e-03
3.217110037803649902e-02
6.109184026718139648e-02
-1.746183037757873535e-01
-1.207761764526367188e-01
-6.208036839962005615e-02
1.687738299369812012e-01
-1.256540119647979736e-01
-1.096502840518951416e-01
-1.185286417603492737e-01
4.334658384323120117e-02
-2.157836258411407471e-01
8.056545257568359375e-02
-2.057706117630004883e-01
-1.018896102905273438e-01
-2.264201641082763672e-03
-1.949118822813034058e-02
1.460962444543838501e-01
8.173911273479461670e-02
7.383070886135101318e-02
4.903549328446388245e-02
-8.258250355720520020e-02
-5.961535871028900146e-02
1.235917955636978149e-01
-1.458106338977813721e-01
-4.272858798503875732e-02
-1.581001877784729004e-01
-1.574459671974182129e-01
4.416168108582496643e-02
8.159536123275756836e-02
-3.313066065311431885e-02
5.307137966156005859e-03
-7.903590798377990723e-02
-1.331073343753814697e-01
1.651499867439270020e-01
-4.753049463033676147e-02
2.028191089630126953e-02
5.679964274168014526e-02
-1.659566164016723633e-02
4.381352663040161133e-02
-1.145155727863311768e-01
-1.205033063888549805e-01
1.915961354970932007e-01
-3.363209962844848633e-02
-7.349165529012680054e-02
-1.213851720094680786e-01
-2.101181596517562866e-01
-1.118028163909912109e-01
-2.939197421073913574e-02
3.189560770988464355e-02
7.518643140792846680e-02
-9.442897140979766846e-02
-8.028766512870788574e-02
-1.330958902835845947e-01
1.477071642875671387e-02
-2.133123576641082764e-02
1.350039690732955933e-01
-3.412166237831115723e-02
2.956632897257804871e-02
-8.468313515186309814e-02
1.387475430965423584e-02
2.005270123481750488e-02
2.108446955680847168e-01
5.397917330265045166e-02
9.388200938701629639e-02
-2.635470032691955566e-02
8.984610438346862793e-03
-5.403408408164978027e-02
-7.833163440227508545e-02
6.912551820278167725e-02
-1.091699525713920593e-01
-1.223415434360504150e-01
1.141135245561599731e-01
8.921921253204345703e-03
-1.268167495727539062e-01
-1.227044314146041870e-01
-7.560676336288452148e-02
1.068409383296966553e-01
1.109349280595779419e-01
-3.011718392372131348e-03
-7.093280553817749023e-03
-5.434434115886688232e-02
1.082657352089881897e-01
-3.147396445274353027e-02
-7.988075911998748779e-02
-7.467010617256164551e-02
8.225388824939727783e-02
-4.850313067436218262e-03
-1.009483635425567627e-02
3.931212052702903748e-02
-1.304875314235687256e-01
-5.563017725944519043e-02
-3.229796886444091797e-03
-5.646897107362747192e-02
-7.000997662544250488e-03
8.334875106811523438e-03
9.929298609495162964e-02
-2.705952525138854980e-02
-1.124520376324653625e-01
-1.683494299650192261e-01
-4.606995359063148499e-02
1.939685642719268799e-02
-2.487082779407501221e-01
-1.391499768942594528e-02
1.647493243217468262e-01
-6.482481956481933594e-02
5.358888953924179077e-02
5.234588310122489929e-02
3.989975154399871826e-02
-3.753353655338287354e-02
-9.972209483385086060e-02
-1.176238507032394409e-01
1.842555701732635498e-01
6.308882683515548706e-02
4.059623181819915771e-02
-1.997038722038269043e-02
-2.243894338607788086e-02
-9.690634906291961670e-02
-8.530978858470916748e-02
-4.699901491403579712e-02
-9.077603369951248169e-02
-3.570890426635742188e-02
1.567398607730865479e-01
5.435565114021301270e-02
-1.313837170600891113e-01
9.382919967174530029e-02
-1.143962144851684570e-03
6.269460171461105347e-02
8.771437406539916992e-02
7.572115957736968994e-02
-3.568716347217559814e-02
-5.566512793302536011e-02
-1.352900266647338867e-02
-1.072111725807189941e-02
1.045427769422531128e-01
-4.909776896238327026e-02
1.125093698501586914e-01
-2.070674300193786621e-02
1.450139284133911133e-02
1.143758594989776611e-01
2.525668144226074219e-01
8.106178790330886841e-02
-1.374069303274154663e-01
-2.744024991989135742e-02
-1.638724207878112793e-01
-1.256835460662841797e-01
-6.630715727806091309e-02
3.641787171363830566e-02
-8.188617974519729614e-02
7.806918025016784668e-02
-7.990504056215286255e-02
9.707515686750411987e-02
-1.500528901815414429e-01
-2.102699428796768188e-01
4.039372876286506653e-02
3.142443299293518066e-02
-6.710158288478851318e-02
1.465272754430770874e-01
5.072031915187835693e-02
-5.963361263275146484e-02
-9.488549083471298218e-02
3.565466403961181641e-02
-3.296342492103576660e-02
1.436575055122375488e-01
-8.662768453359603882e-02
-3.506533801555633545e-03
1.054826527833938599e-01
-4.853160679340362549e-02
-2.184537053108215332e-02
1.516852080821990967e-01
5.635909736156463623e-03
-7.606041431427001953e-02
5.442470312118530273e-03
-2.774059772491455078e-03
1.786152720451354980e-01
-3.532765805721282959e-02
4.331260919570922852e-02
-2.149266004562377930e-01
1.455920934677124023e-02
5.821123719215393066e-02
4.655039310455322266e-02
8.915033936500549316e-02
-3.319504857063293457e-02
-5.345471575856208801e-02
-1.361408084630966187e-02
6.111412495374679565e-02
2.506165504455566406e-01
5.696539580821990967e-02
6.315501034259796143e-02
-8.320199698209762573e-02
-5.990587174892425537e-02
5.768828839063644409e-02
1.044463925063610077e-02
6.073769927024841309e-02
-9.388777613639831543e-02
-1.480766832828521729e-01
1.980848312377929688e-01
3.956697881221771240e-02
1.724305748939514160e-02
-5.141456425189971924e-02
-4.234063625335693359e-02
2.089568972587585449e-02
1.525588929653167725e-01
-1.520940363407135010e-01
2.428594082593917847e-01
-1.066986918449401855e-01
-2.351274937391281128e-01
2.944299578666687012e-02
1.850756257772445679e-02
-9.395807981491088867e-03
3.933891654014587402e-02
-1.444217264652252197e-01
-2.873171865940093994e-02
-5.409063026309013367e-02
3.939412534236907959e-02
-5.024045705795288086e-02
2.141273021697998047e-02
-8.039191365242004395e-03
-1.365449279546737671e-01
-1.088384240865707397e-01
-1.115313172340393066e-01
5.176492035388946533e-03
-5.440302193164825439e-02
1.366385817527770996e-02
-9.957724064588546753e-02
1.339947283267974854e-01
-1.773675158619880676e-02
1.414696276187896729e-01
-1.123707294464111328e-01
-1.689015626907348633e-01
2.451241016387939453e-04
-1.408680379390716553e-01
2.988503500819206238e-02
-9.021246433258056641e-02
-1.151455938816070557e-02
-4.073402285575866699e-02
7.520791888236999512e-02
-4.270118474960327148e-02
7.976704835891723633e-02
-3.325521945953369141e-02
-6.742516160011291504e-02
-3.928847610950469971e-02
-1.238529682159423828e-01
-1.254516541957855225e-01
7.159393280744552612e-02
-7.493427395820617676e-02
4.688780009746551514e-02
5.206397175788879395e-02
7.471279799938201904e-02
-1.902647018432617188e-01
1.119728609919548035e-01
-7.559954375028610229e-02
8.213606476783752441e-02
1.060645580291748047e-01
-3.188359737396240234e-02
5.130112171173095703e-03
-4.941777884960174561e-02
-1.128333806991577148e-01
9.875310212373733521e-02
-1.969568729400634766e-01
2.518548071384429932e-02
-4.738187789916992188e-02
-2.819062955677509308e-02
-3.411093354225158691e-02
-9.574405848979949951e-02
-8.713454008102416992e-02
-3.770628571510314941e-02
1.029225736856460571e-01
1.597654819488525391e-01
5.072465538978576660e-02
-2.329735457897186279e-02
1.215086653828620911e-01
-1.149776577949523926e-02
-5.040217936038970947e-02
-6.172239780426025391e-03
-4.644364118576049805e-02
-5.321371555328369141e-02
-1.212529763579368591e-01
-1.034678518772125244e-02
1.668680608272552490e-01
-1.830436885356903076e-01
5.712023377418518066e-02
6.136381253600120544e-02
-1.918720453977584839e-02
-2.462625503540039062e-02
-3.665000200271606445e-03
1.539942622184753418e-02
-3.189204633235931396e-02
-6.594945490360260010e-02
3.846449404954910278e-02
-6.421849131584167480e-03
-1.191371977329254150e-01
6.920595467090606689e-02
1.028885096311569214e-01
1.273472309112548828e-01
-7.104754447937011719e-02
-9.509759396314620972e-02
9.921600669622421265e-02
-2.591252326965332031e-03
-1.897931993007659912e-01
-5.299113690853118896e-02
-3.829166293144226074e-02
-4.029487073421478271e-02
3.775194287300109863e-02
6.317897140979766846e-02
7.537840306758880615e-02
-5.730971693992614746e-02
1.213530153036117554e-01
-1.678293943405151367e-02
2.135854214429855347e-02
1.154446154832839966e-01
9.346188604831695557e-02
-2.259011566638946533e-02
-9.096491336822509766e-02
7.797054946422576904e-03
6.769420951604843140e-02
1.491795927286148071e-01
-4.226530343294143677e-02
-1.093667596578598022e-01
1.862275153398513794e-01
-6.785464286804199219e-02
1.095637604594230652e-01
-9.024066478013992310e-02
1.391700804233551025e-01
6.583541631698608398e-03
6.211088225245475769e-02
8.510194718837738037e-02
7.245804369449615479e-02
-9.478300809860229492e-03
-8.139729499816894531e-02
1.289096027612686157e-01
-3.928179293870925903e-02
6.462557613849639893e-02
1.123707368969917297e-01
-1.716940104961395264e-02
-1.588487625122070312e-01
1.418544799089431763e-01
-1.740158498287200928e-01
-5.337306857109069824e-02
1.329652070999145508e-01
-2.774874866008758545e-02
-8.818000555038452148e-03
-1.283731013536453247e-01
1.771971583366394043e-01
-1.448454707860946655e-02
-5.771440267562866211e-02
4.466040432453155518e-02
-3.191897273063659668e-02
-5.390967428684234619e-02
-8.986689150333404541e-02
-6.408955901861190796e-03
1.447015702724456787e-01
-3.297350183129310608e-02
-9.740623831748962402e-02
-4.493299126625061035e-02
1.803050041198730469e-01
6.171017885208129883e-02
5.545856803655624390e-02
-1.717976629734039307e-01
-1.201342046260833740e-02
2.075066715478897095e-01
-6.135471165180206299e-02
6.490950286388397217e-02
-9.556654095649719238e-02
1.677282899618148804e-01
2.585835009813308716e-02
2.317103743553161621e-02
1.049338281154632568e-02
4.398623853921890259e-02
-1.914224624633789062e-01
-1.307199299335479736e-01
1.665009558200836182e-01
2.696042135357856750e-02
5.352608114480972290e-02
-5.602882802486419678e-02
2.545119263231754303e-02
9.522400796413421631e-02
-1.287013292312622070e-03
-6.429748982191085815e-02
-1.137634068727493286e-01
-1.849576830863952637e-02
1.875836551189422607e-01
-8.546527475118637085e-02
-8.486285805702209473e-02
-1.588903367519378662e-01
-1.897561550140380859e-02
-3.290554881095886230e-02
-2.329433858394622803e-01
1.105771213769912720e-01
-2.433598041534423828e-02
-1.510570496320724487e-01
-1.982017755508422852e-01
-3.382325172424316406e-02
-1.199291497468948364e-01
1.404069513082504272e-01
-8.799109607934951782e-02
1.912534534931182861e-01
1.069988682866096497e-01
-9.293958544731140137e-03
-5.601996183395385742e-02
6.760160624980926514e-02
1.473692655563354492e-01
-5.743703246116638184e-02
1.554375588893890381e-01
1.138597726821899414e-03
-9.502746164798736572e-02
-8.602045476436614990e-02
-2.097381949424743652e-01
-5.207858979701995850e-02
1.458929777145385742e-01
2.650914192199707031e-01
9.569521248340606689e-02
1.398019194602966309e-01
5.050919950008392334e-02
-1.133313775062561035e-02
-2.696830034255981445e-02
-2.202267646789550781e-01
2.199262380599975586e-01
-1.413814537227153778e-02
2.883347868919372559e-02
2.539408579468727112e-02
-3.731310367584228516e-02
-2.013426125049591064e-01
1.787994205951690674e-01
8.599753677845001221e-02
-1.017820835113525391e-02
1.910764724016189575e-03
-2.030135095119476318e-01
1.934497654438018799e-01
-3.217779844999313354e-02
-3.526091575622558594e-03
6.816598027944564819e-02
-7.525882124900817871e-02
5.261570215225219727e-03
-9.711746871471405029e-02
-1.981478333473205566e-01
-2.367326989769935608e-02
-5.622762441635131836e-02
-1.103668957948684692e-01
5.028692632913589478e-02
-8.223354816436767578e-03
-3.533416986465454102e-02
-2.272316813468933105e-02
-8.060827851295471191e-02
-6.480798125267028809e-03
-3.925907611846923828e-02
1.028772741556167603e-01
4.661068320274353027e-03
1.043540090322494507e-01
-1.550773382186889648e-01
9.249169379472732544e-02
1.412286460399627686e-01
2.724575996398925781e-02
-1.077080667018890381e-01
6.803286820650100708e-02
1.388803124427795410e-03
-1.216553002595901489e-01
-6.668916344642639160e-02
5.488359555602073669e-02
4.619389772415161133e-02
-6.826743483543395996e-03
-8.212216198444366455e-02
1.867565810680389404e-01
-6.118923425674438477e-02
1.317858248949050903e-01
3.954806551337242126e-02
4.563754796981811523e-02
6.670963019132614136e-02
-1.035147905349731445e-02
2.110241353511810303e-01
7.469281554222106934e-04
