3.970647083661820592e-02
3.950268755200807974e-02
3.899865586388821803e-02
3.929149674617788551e-02
3.809927325541470622e-02
3.794855175418537091e-02
3.785245678872105335e-02
3.782063392289218562e-02
3.789988416768175911e-02
3.775824691630804558e-02
3.767358234821301111e-02
3.765774324082019064e-02
3.760958384114067299e-02
3.761350695055124677e-02
3.758787595059973063e-02
3.759056600776767426e-02
3.756074799777803924e-02
3.759465586483003163e-02
3.755562818342268044e-02
3.752242292793677575e-02
3.749261527224899415e-02
3.742373244396883514e-02
3.739308128886630750e-02
3.738639802179539312e-02
3.733611134720311170e-02
3.728982032850305245e-02
3.727478626356148239e-02
3.723627510911589611e-02
3.723846702309944329e-02
3.720764912163119359e-02
3.718870650229198077e-02
3.718158673111149337e-02
3.714909600041843563e-02
3.711855806547370573e-02
3.707893980967216785e-02
3.704774850429742167e-02
3.701728652704055350e-02
3.700041840325589415e-02
3.698742294437027539e-02
3.696225670641063721e-02
3.695587465670894384e-02
3.692700069700720344e-02
3.690217776212727230e-02
3.687185755236386392e-02
3.683345782845295208e-02
3.679962731913637153e-02
3.677875000038856312e-02
3.674865548517645270e-02
3.672320831868072788e-02
3.670126691089334314e-02
3.669378546262831720e-02
3.666599562809077367e-02
3.663814004369286143e-02
3.661371557093531098e-02
3.658908701162596339e-02
3.656491557396526759e-02
3.653846196729733375e-02
3.651573053786575512e-02
3.649364519530951673e-02
3.647014006289697741e-02
3.644678527027878784e-02
3.642801622427811747e-02
3.641093368128219682e-02
3.639174319214322911e-02
3.637160773157535609e-02
3.635552718318519477e-02
3.633097435762335653e-02
3.630459818181277359e-02
3.628459588445418632e-02
3.626231354883800023e-02
3.624383999009894025e-02
3.621769834116145975e-02
3.618994658478056486e-02
3.616652122714601042e-02
3.614583854940298796e-02
3.612732790763999863e-02
3.611034029436865911e-02
3.609599585876146349e-02
3.607944119127803190e-02
3.606074223790944194e-02
3.604938813756831950e-02
3.602583696209928077e-02
3.601052313644192288e-02
3.598687557188449265e-02
3.596803829310972478e-02
3.594696627229729269e-02
3.593374899766656194e-02
3.592129712364756922e-02
3.590233171534368967e-02
3.587856405954103350e-02
3.586301615852740404e-02
3.584099816463590799e-02
3.583072115432464622e-02
3.581645379495917297e-02
3.579242170755918967e-02
3.577169328117322383e-02
3.575301469144921696e-02
3.573174814371896796e-02
3.570912921764699682e-02
