1.385805033147335108e-01
1.295586273074150196e-01
7.899731397628784180e-02
7.225818261504173001e-02
7.252979576587677280e-02
7.044497355818749029e-02
7.012119889259338379e-02
6.589210182428359430e-02
6.522273793816565912e-02
6.439536400139331263e-02
6.849384717643261511e-02
6.302899904549122412e-02
6.475029066205024997e-02
6.564607769250870029e-02
6.323420964181422632e-02
6.191284954547882080e-02
6.454350091516972143e-02
6.322863847017287653e-02
6.000097393989563266e-02
5.920915529131889204e-02
5.928213298320770402e-02
5.780231766402721405e-02
6.104483306407928328e-02
5.843786150217056274e-02
5.863124690949916840e-02
6.046895980834961215e-02
5.509529411792755266e-02
5.651340112090110640e-02
5.386462099850177626e-02
5.440192930400371274e-02
5.358361229300499101e-02
5.519774220883846144e-02
5.425370000302791318e-02
5.199301652610301833e-02
5.249227806925773482e-02
5.016144253313541135e-02
4.977434575557708463e-02
5.236699506640433988e-02
4.984471201896667480e-02
4.880423843860626221e-02
4.923492707312106947e-02
4.728021100163459778e-02
4.840963631868362704e-02
4.707863144576549669e-02
4.662742018699646274e-02
4.562769234180450578e-02
4.541905969381332397e-02
4.487968906760216037e-02
4.630815424025058746e-02
4.896879717707634111e-02
4.869751371443271915e-02
4.378045648336410800e-02
4.391997754573821744e-02
4.640210568904876848e-02
4.419891051948070249e-02
4.336975030601024350e-02
4.348100833594799319e-02
4.218121580779552598e-02
4.233536683022975922e-02
4.418258257210254392e-02
4.429759457707405090e-02
4.236916117370128493e-02
4.188923910260200500e-02
4.360791444778442522e-02
4.253960996866226058e-02
4.698601029813289504e-02
4.125976935029029846e-02
4.068515375256538669e-02
4.196654707193374356e-02
4.682658389210701128e-02
4.099012240767478665e-02
4.075665511190891543e-02
4.293949045240878781e-02
4.039597287774086137e-02
4.321681782603263577e-02
4.094258770346641263e-02
4.046658873558044156e-02
3.969026654958725253e-02
3.955067470669746538e-02
4.073545746505260329e-02
4.045511558651924272e-02
4.051164686679840227e-02
3.949542865157127519e-02
4.045898579061031619e-02
4.163078106939792356e-02
4.897862710058688979e-02
4.028600081801414490e-02
4.060725793242454806e-02
3.870714977383613725e-02
4.035583063960075656e-02
3.888328596949577193e-02
4.231883026659488678e-02
3.938658200204372267e-02
3.869613781571388383e-02
3.878418095409870425e-02
3.876565955579280853e-02
3.826361000537872176e-02
3.820930421352386475e-02
3.958973661065101624e-02
4.722121655941009799e-02
3.781394213438034335e-02
3.970646858215332031e-02
3.999893553555011749e-02
3.890019394457340518e-02
4.041030481457710127e-02
4.112838543951511522e-02
3.807791583240031918e-02
3.746829703450203081e-02
3.800470307469368259e-02
3.943516761064529141e-02
3.981315158307552338e-02
3.986745327711105347e-02
3.786847181618213654e-02
3.738082572817802429e-02
3.857698328793048720e-02
3.729200921952724457e-02
3.856876231729984561e-02
3.745478726923465868e-02
4.378550946712493619e-02
3.695318773388862887e-02
3.695769421756267548e-02
3.729611821472644806e-02
3.718199506402015964e-02
3.684112057089805603e-02
3.838236369192600528e-02
3.728810995817184726e-02
3.668075948953628679e-02
3.728737048804760257e-02
3.713400512933730940e-02
3.957972340285777907e-02
3.646648824214935442e-02
3.712979666888713975e-02
3.764857687056064744e-02
3.631671033799648007e-02
3.663255833089351654e-02
3.601626809686422209e-02
3.638110049068928042e-02
3.613152839243412295e-02
3.640080057084560394e-02
3.774078562855720520e-02
3.596706949174403867e-02
3.953067883849144259e-02
3.574540410190820555e-02
3.585507869720459123e-02
3.602667022496462007e-02
3.715032152831554413e-02
3.782744854688644548e-02
3.624164704233408252e-02
3.715701587498188019e-02
3.551316969096660753e-02
3.594941515475511690e-02
4.062251336872577806e-02
3.527737595140933990e-02
3.892818056046962877e-02
3.643008396029472074e-02
3.540530186146497588e-02
3.519080877304077426e-02
3.569961450994015018e-02
3.522118218243121962e-02
3.516063205897808353e-02
3.501126449555158615e-02
3.535567037761211395e-02
3.727063722908496857e-02
3.545602373778820177e-02
3.544772043824195862e-02
3.506657183170318326e-02
3.783112391829490662e-02
3.473536446690559526e-02
3.552976585924625536e-02
3.532959297299385210e-02
3.472031839191913605e-02
3.519857004284858426e-02
3.625908996909856657e-02
3.680994920432567596e-02
3.635293804109096527e-02
3.723912928253412385e-02
3.481859937310218672e-02
3.623143378645181378e-02
3.616544865071773251e-02
3.605600744485855380e-02
3.565029706805944443e-02
3.604458235204219957e-02
3.474787436425685883e-02
4.600483030080795149e-02
3.776475004851818223e-02
3.605211861431598802e-02
3.633852340281009535e-02
3.698322996497153958e-02
3.730272389948367795e-02
3.512833993881940564e-02
3.460036907345056395e-02
3.475385792553424558e-02
3.513340633362531384e-02
3.587262593209743222e-02
3.612274248152971129e-02
3.477495368570089618e-02
3.517690300941467285e-02
3.460852298885584016e-02
3.675966598093509397e-02
3.409889601171016416e-02
