4.674080848693847656e+00
4.226257801055908203e+00
3.767720460891723633e+00
3.337181806564331055e+00
2.947219610214233398e+00
2.598180294036865234e+00
2.295825481414794922e+00
2.040332078933715820e+00
1.835553169250488281e+00
1.670358419418334961e+00
1.538901090621948242e+00
1.435975432395935059e+00
1.353211641311645508e+00
1.284897089004516602e+00
1.229518890380859375e+00
1.184415578842163086e+00
1.145946383476257324e+00
1.112013578414916992e+00
1.081859111785888672e+00
1.054015755653381348e+00
1.028009533882141113e+00
1.002647161483764648e+00
9.789818525314331055e-01
9.581633806228637695e-01
9.450336694717407227e-01
9.400368928909301758e-01
9.384174346923828125e-01
9.345920085906982422e-01
9.268661141395568848e-01
9.164501428604125977e-01
9.061235189437866211e-01
8.986995220184326172e-01
8.942494988441467285e-01
8.902655839920043945e-01
8.849999904632568359e-01
8.778449296951293945e-01
8.690357208251953125e-01
8.595563769340515137e-01
8.507659435272216797e-01
8.434359431266784668e-01
8.362190723419189453e-01
8.282408714294433594e-01
8.204215764999389648e-01
8.140037059783935547e-01
8.088126182556152344e-01
8.031387329101562500e-01
7.959823608398437500e-01
7.878051996231079102e-01
7.795403003692626953e-01
7.724086046218872070e-01
7.658978700637817383e-01
7.591745853424072266e-01
7.520889043807983398e-01
7.460175752639770508e-01
7.405164837837219238e-01
7.346935272216796875e-01
7.289892435073852539e-01
7.231106162071228027e-01
7.165737152099609375e-01
7.098875641822814941e-01
7.030821442604064941e-01
6.959226727485656738e-01
6.885444521903991699e-01
6.814503073692321777e-01
6.748297810554504395e-01
6.684569120407104492e-01
6.624210476875305176e-01
6.564683318138122559e-01
6.510347127914428711e-01
6.462187767028808594e-01
6.415768265724182129e-01
6.370121836662292480e-01
6.327707767486572266e-01
6.287404298782348633e-01
6.248381137847900391e-01
6.209145784378051758e-01
6.167382001876831055e-01
6.127878427505493164e-01
6.085819602012634277e-01
6.039753556251525879e-01
5.997938513755798340e-01
5.962024331092834473e-01
5.919651985168457031e-01
5.882310271263122559e-01
5.849560499191284180e-01
5.812429785728454590e-01
5.773175954818725586e-01
5.745204687118530273e-01
5.714203119277954102e-01
5.680707693099975586e-01
5.647594928741455078e-01
5.614460110664367676e-01
5.584478974342346191e-01
5.558955669403076172e-01
5.532874464988708496e-01
5.506781339645385742e-01
5.477342605590820312e-01
5.448920726776123047e-01
5.424362421035766602e-01
5.401648879051208496e-01
5.377313494682312012e-01
5.356068015098571777e-01
5.337231755256652832e-01
5.313732028007507324e-01
5.295739173889160156e-01
5.277830362319946289e-01
5.254746079444885254e-01
5.232729911804199219e-01
5.219898819923400879e-01
5.205730199813842773e-01
5.180299282073974609e-01
5.158494114875793457e-01
5.144910812377929688e-01
5.127112865447998047e-01
5.105909109115600586e-01
5.089282393455505371e-01
5.072637200355529785e-01
5.051588416099548340e-01
5.035339593887329102e-01
5.021029114723205566e-01
5.002840757369995117e-01
4.984716176986694336e-01
4.975294470787048340e-01
4.960519373416900635e-01
4.941053390502929688e-01
4.926958382129669189e-01
4.917674958705902100e-01
4.906015396118164062e-01
4.892253279685974121e-01
4.882205426692962646e-01
4.874990880489349365e-01
4.864057302474975586e-01
4.849216043949127197e-01
4.836579561233520508e-01
4.825376570224761963e-01
4.815678298473358154e-01
4.805868268013000488e-01
4.791568517684936523e-01
4.779472649097442627e-01
4.770592153072357178e-01
4.759251475334167480e-01
4.747020304203033447e-01
4.740417003631591797e-01
4.732009470462799072e-01
4.718064367771148682e-01
4.707287847995758057e-01
4.698268771171569824e-01
4.686065912246704102e-01
4.676277339458465576e-01
4.667250514030456543e-01
4.659708738327026367e-01
4.653826057910919189e-01
4.644683003425598145e-01
4.635266661643981934e-01
4.618880152702331543e-01
4.606888890266418457e-01
4.617670178413391113e-01
4.640865027904510498e-01
4.644549489021301270e-01
4.620390236377716064e-01
4.591323733329772949e-01
4.574575424194335938e-01
4.568479955196380615e-01
4.567012786865234375e-01
4.558017849922180176e-01
4.544774591922760010e-01
4.533264935016632080e-01
4.528765082359313965e-01
4.518709480762481689e-01
4.508612453937530518e-01
4.500432610511779785e-01
4.498531818389892578e-01
4.491391479969024658e-01
4.480900466442108154e-01
4.470829963684082031e-01
4.464242458343505859e-01
4.454773068428039551e-01
4.447080194950103760e-01
4.440336227416992188e-01
4.435113370418548584e-01
4.430946111679077148e-01
4.422365725040435791e-01
4.418050646781921387e-01
4.416775107383728027e-01
4.408181905746459961e-01
4.394720196723937988e-01
4.384722113609313965e-01
4.379112124443054199e-01
4.366673231124877930e-01
4.354589581489562988e-01
4.359011054039001465e-01
4.360629022121429443e-01
4.347182512283325195e-01
4.328701496124267578e-01
4.323379397392272949e-01
4.318872094154357910e-01
4.310240745544433594e-01
4.306179881095886230e-01
4.299237132072448730e-01
4.293793737888336182e-01
4.290580749511718750e-01
4.287367463111877441e-01
4.284821450710296631e-01
4.285013675689697266e-01
4.278667569160461426e-01
4.278482198715209961e-01
4.278771877288818359e-01
4.266128242015838623e-01
4.247159957885742188e-01
4.240073859691619873e-01
4.237335920333862305e-01
4.230435192584991455e-01
4.219801425933837891e-01
4.208634495735168457e-01
4.230287373065948486e-01
4.261944591999053955e-01
4.263283610343933105e-01
4.227818250656127930e-01
4.190282225608825684e-01
4.190049171447753906e-01
4.205180108547210693e-01
4.204469323158264160e-01
4.187891781330108643e-01
4.168328344821929932e-01
4.179345965385437012e-01
4.219201207160949707e-01
4.233787059783935547e-01
4.206298589706420898e-01
4.167144000530242920e-01
4.153434634208679199e-01
4.161132574081420898e-01
4.158777892589569092e-01
4.145982563495635986e-01
4.138176441192626953e-01
4.136874377727508545e-01
4.132913947105407715e-01
4.131758511066436768e-01
4.123383462429046631e-01
4.118712842464447021e-01
4.116781949996948242e-01
4.115351736545562744e-01
4.113529324531555176e-01
4.109590351581573486e-01
4.108833670616149902e-01
4.103477001190185547e-01
4.097204804420471191e-01
4.091147482395172119e-01
4.083998203277587891e-01
4.079006612300872803e-01
4.077499508857727051e-01
4.071053564548492432e-01
4.069152474403381348e-01
4.072181582450866699e-01
4.065507948398590088e-01
4.059370756149291992e-01
4.056170880794525146e-01
4.049045443534851074e-01
4.041253626346588135e-01
4.036492407321929932e-01
4.032344222068786621e-01
4.031196236610412598e-01
4.025481343269348145e-01
4.019611179828643799e-01
4.020228683948516846e-01
4.019749760627746582e-01
4.012799859046936035e-01
4.019381403923034668e-01
4.021019637584686279e-01
4.009142220020294189e-01
4.002845883369445801e-01
4.017227888107299805e-01
4.020223021507263184e-01
4.001677036285400391e-01
3.980447947978973389e-01
3.975356817245483398e-01
3.976549208164215088e-01
3.968035578727722168e-01
3.958299160003662109e-01
3.973685801029205322e-01
3.983519077301025391e-01
3.970547914505004883e-01
3.948386311531066895e-01
3.954410851001739502e-01
3.968054950237274170e-01
3.963961005210876465e-01
3.951092660427093506e-01
3.943441808223724365e-01
3.943265676498413086e-01
3.940333724021911621e-01
3.930659890174865723e-01
3.929664492607116699e-01
3.945082128047943115e-01
3.947200775146484375e-01
3.937985897064208984e-01
3.925803005695343018e-01
3.919412791728973389e-01
3.919146955013275146e-01
3.917829990386962891e-01
3.926144540309906006e-01
3.935389816761016846e-01
3.924844264984130859e-01
3.901978433132171631e-01
3.895972073078155518e-01
3.912268280982971191e-01
3.922716081142425537e-01
3.911737799644470215e-01
3.891808688640594482e-01
3.879395127296447754e-01
3.878391683101654053e-01
3.875743448734283447e-01
3.878627717494964600e-01
3.879992365837097168e-01
3.872745931148529053e-01
3.873497545719146729e-01
3.877736926078796387e-01
3.872908651828765869e-01
3.865084648132324219e-01
3.854537308216094971e-01
3.860815763473510742e-01
3.862696290016174316e-01
3.850714564323425293e-01
3.850069940090179443e-01
3.854478597640991211e-01
3.842298984527587891e-01
3.835130333900451660e-01
3.834071159362792969e-01
3.832050859928131104e-01
3.829859197139739990e-01
3.823567330837249756e-01
3.827682435512542725e-01
3.829419314861297607e-01
3.824645876884460449e-01
3.811776638031005859e-01
3.809457719326019287e-01
3.815229535102844238e-01
3.817649185657501221e-01
3.808109164237976074e-01
3.805524110794067383e-01
3.807254731655120850e-01
3.805027902126312256e-01
3.802584111690521240e-01
3.806524872779846191e-01
3.805894553661346436e-01
3.798951804637908936e-01
3.798934221267700195e-01
3.798043429851531982e-01
3.792185187339782715e-01
3.790472447872161865e-01
3.783180713653564453e-01
3.781753182411193848e-01
3.782165050506591797e-01
3.783499002456665039e-01
3.779294490814208984e-01
3.781569004058837891e-01
3.800753653049468994e-01
3.798129260540008545e-01
3.776172995567321777e-01
3.767876923084259033e-01
3.783756792545318604e-01
3.784605860710144043e-01
3.772765696048736572e-01
3.768993020057678223e-01
3.801620006561279297e-01
3.837988376617431641e-01
3.834246993064880371e-01
3.790361881256103516e-01
3.754478096961975098e-01
3.785463571548461914e-01
3.826343715190887451e-01
3.826584815979003906e-01
3.795434832572937012e-01
3.762069642543792725e-01
3.770261406898498535e-01
3.820243477821350098e-01
3.840798437595367432e-01
3.815694153308868408e-01
3.763188719749450684e-01
3.740537464618682861e-01
3.762248158454895020e-01
3.779683709144592285e-01
3.771678209304809570e-01
3.744553625583648682e-01
3.742818534374237061e-01
3.757961094379425049e-01
3.762716352939605713e-01
3.742537498474121094e-01
3.735068440437316895e-01
3.743441998958587646e-01
3.736616969108581543e-01
3.730227351188659668e-01
3.734194636344909668e-01
3.728198409080505371e-01
3.725604712963104248e-01
3.722245395183563232e-01
3.716672658920288086e-01
3.730133771896362305e-01
3.731744885444641113e-01
3.716925978660583496e-01
3.715301454067230225e-01
3.724707365036010742e-01
3.724084496498107910e-01
3.716615438461303711e-01
3.707750737667083740e-01
3.711363077163696289e-01
3.737947046756744385e-01
3.757973909378051758e-01
3.752288222312927246e-01
3.740118443965911865e-01
3.716566264629364014e-01
3.711704909801483154e-01
3.722337782382965088e-01
3.723928332328796387e-01
3.716824650764465332e-01
3.701277077198028564e-01
3.696400523185729980e-01
3.694608211517333984e-01
3.696195483207702637e-01
3.686408102512359619e-01
3.681533336639404297e-01
3.688682913780212402e-01
3.712121844291687012e-01
3.734768927097320557e-01
3.723985552787780762e-01
3.695602416992187500e-01
3.684474229812622070e-01
3.707336187362670898e-01
3.719128370285034180e-01
3.703297972679138184e-01
3.678175210952758789e-01
3.688615858554840088e-01
3.709756433963775635e-01
3.700792789459228516e-01
3.678302168846130371e-01
3.669089972972869873e-01
3.667776584625244141e-01
3.664984107017517090e-01
3.668228983879089355e-01
3.667581379413604736e-01
3.666514158248901367e-01
3.679321706295013428e-01
3.679456114768981934e-01
3.665456175804138184e-01
3.668340146541595459e-01
3.672970235347747803e-01
3.670655190944671631e-01
3.660683631896972656e-01
3.656376600265502930e-01
3.658129274845123291e-01
3.662782907485961914e-01
3.658489286899566650e-01
3.649565577507019043e-01
3.646395802497863770e-01
3.650211989879608154e-01
3.650085330009460449e-01
3.644775450229644775e-01
3.653613924980163574e-01
3.655964136123657227e-01
3.643287420272827148e-01
3.635839819908142090e-01
3.650532066822052002e-01
3.660873770713806152e-01
3.649445772171020508e-01
3.631148636341094971e-01
3.632193505764007568e-01
3.641889393329620361e-01
3.635472059249877930e-01
3.628246784210205078e-01
3.645744919776916504e-01
3.654886782169342041e-01
3.642075359821319580e-01
3.624897599220275879e-01
3.637964129447937012e-01
3.654614090919494629e-01
3.644286990165710449e-01
3.620858788490295410e-01
3.630941510200500488e-01
3.653822541236877441e-01
3.652983009815216064e-01
3.636126816272735596e-01
3.628045916557312012e-01
3.634326756000518799e-01
3.640422224998474121e-01
3.632787764072418213e-01
3.612003028392791748e-01
3.618037104606628418e-01
3.628124594688415527e-01
3.616653680801391602e-01
3.607291281223297119e-01
3.613153696060180664e-01
3.617568612098693848e-01
3.618536293506622314e-01
3.610026836395263672e-01
3.608876466751098633e-01
3.610048890113830566e-01
3.607338368892669678e-01
3.617368340492248535e-01
3.623484373092651367e-01
3.621524572372436523e-01
3.617179989814758301e-01
3.616742491722106934e-01
