8.311538696289062500e+00
7.041657447814941406e+00
1.468466472625732422e+01
8.772233963012695312e+00
9.696718215942382812e+00
5.398830413818359375e+00
5.465639114379882812e+00
5.435333251953125000e+00
5.466395854949951172e+00
1.369937324523925781e+01
6.487567901611328125e+00
5.696626663208007812e+00
6.471463680267333984e+00
1.029653930664062500e+01
2.783734798431396484e+00
2.669209957122802734e+00
8.899824142456054688e+00
4.037378787994384766e+00
2.703500747680664062e+00
2.600529479980468750e+01
5.402280330657958984e+00
2.817836761474609375e+00
3.377604675292968750e+01
5.435662269592285156e+00
1.043846321105957031e+01
5.453677177429199219e+00
5.375517368316650391e+00
1.312197875976562500e+01
5.464110851287841797e+00
9.178218841552734375e+00
3.702125072479248047e+00
1.064311027526855469e+01
3.075687885284423828e+00
5.451895236968994141e+00
4.712394714355468750e+00
5.153676033020019531e+00
4.325794219970703125e+00
5.392077445983886719e+00
1.314887046813964844e+01
6.180571079254150391e+00
3.117573738098144531e+00
6.799621105194091797e+00
2.447126865386962891e+00
5.878826141357421875e+00
3.721698760986328125e+00
4.541376113891601562e+00
8.783699035644531250e+00
5.323069095611572266e+00
1.036720657348632812e+01
5.453288555145263672e+00
6.276861667633056641e+00
5.452568531036376953e+00
8.792469978332519531e+00
6.198449134826660156e+00
5.460222721099853516e+00
5.440791606903076172e+00
5.454751491546630859e+00
1.443762016296386719e+01
3.664246082305908203e+00
5.068735599517822266e+00
5.348188877105712891e+00
3.978859424591064453e+00
8.933518409729003906e+00
2.961523532867431641e+00
2.568450450897216797e+00
2.817471027374267578e+00
3.428243160247802734e+00
2.354550933837890625e+01
2.839095592498779297e+00
5.459648132324218750e+00
3.386622428894042969e+00
6.856116294860839844e+00
8.286701202392578125e+00
2.577042102813720703e+00
9.462043762207031250e+00
5.736169815063476562e+00
4.052317142486572266e+00
4.739542007446289062e+00
5.410044193267822266e+00
4.317862987518310547e+00
4.042776107788085938e+00
2.499303340911865234e+00
2.722886562347412109e+00
7.071572780609130859e+00
2.847700595855712891e+00
3.913889408111572266e+00
1.652257537841796875e+01
5.419839859008789062e+00
5.345120906829833984e+00
8.657015800476074219e+00
5.363406658172607422e+00
5.725131511688232422e+00
9.221129417419433594e+00
2.445819854736328125e+00
7.338667392730712891e+00
5.449487209320068359e+00
7.071142673492431641e+00
9.506927490234375000e+00
7.414289474487304688e+00
6.172981262207031250e+00
2.363092422485351562e+00
7.200192451477050781e+00
2.395134925842285156e+00
6.067876815795898438e+00
5.079078197479248047e+00
1.766093826293945312e+01
5.430106639862060547e+00
4.833498954772949219e+00
4.507358074188232422e+00
4.153135299682617188e+00
6.668771743774414062e+00
3.381359577178955078e+00
1.037022209167480469e+01
4.474135398864746094e+00
2.409704017639160156e+01
2.827352046966552734e+00
3.947662830352783203e+00
4.586320400238037109e+00
5.452433586120605469e+00
5.657164573669433594e+00
1.320516014099121094e+01
3.999442577362060547e+00
3.685153484344482422e+00
2.835896968841552734e+00
5.437517166137695312e+00
2.624496936798095703e+00
2.588234329223632812e+01
3.640324115753173828e+00
2.486365795135498047e+00
5.458890914916992188e+00
8.393619537353515625e+00
3.032956123352050781e+00
2.980626583099365234e+00
5.466057300567626953e+00
4.629251003265380859e+00
5.448500633239746094e+00
4.444633960723876953e+00
5.444878578186035156e+00
6.693334102630615234e+00
5.453875064849853516e+00
2.731350421905517578e+00
4.334623813629150391e+00
7.218353748321533203e+00
4.893775939941406250e+00
2.753222942352294922e+00
2.952044010162353516e+00
7.760625362396240234e+00
6.381728649139404297e+00
4.121675014495849609e+00
6.334116458892822266e+00
2.851765155792236328e+00
3.830127716064453125e+00
1.055898475646972656e+01
3.018578052520751953e+00
2.718620777130126953e+00
4.421444416046142578e+00
5.452069759368896484e+00
1.011449813842773438e+01
2.868393421173095703e+00
5.460072994232177734e+00
8.680152893066406250e+00
1.610382843017578125e+01
7.669115543365478516e+00
6.536995410919189453e+00
3.538013935089111328e+00
5.236207962036132812e+00
3.280150890350341797e+00
3.069662094116210938e+00
3.317681789398193359e+00
3.542834758758544922e+00
4.397874832153320312e+00
3.078873157501220703e+00
5.762499332427978516e+00
5.452866554260253906e+00
8.450616836547851562e+00
5.446782112121582031e+00
7.083146095275878906e+00
4.925994873046875000e+00
5.461310386657714844e+00
5.449793338775634766e+00
5.292868137359619141e+00
6.256128787994384766e+00
4.378183364868164062e+00
2.676127433776855469e+00
4.049563884735107422e+00
4.602375030517578125e+00
6.490452289581298828e+00
4.584374427795410156e+00
4.916501998901367188e+00
5.434161186218261719e+00
4.383138656616210938e+00
4.062196731567382812e+00
7.434494972229003906e+00
3.125514507293701172e+00
4.408086299896240234e+00
3.085628509521484375e+00
4.246171951293945312e+00
1.123113250732421875e+01
4.036942958831787109e+00
4.047884464263916016e+00
5.599530696868896484e+00
4.548277378082275391e+00
5.455900192260742188e+00
4.067370414733886719e+00
5.091486930847167969e+00
8.498572349548339844e+00
5.445501804351806641e+00
4.145756721496582031e+00
8.125977516174316406e+00
5.245172023773193359e+00
1.187721633911132812e+01
5.460904121398925781e+00
5.845245361328125000e+00
6.920993804931640625e+00
4.780832290649414062e+00
7.991082191467285156e+00
4.688022136688232422e+00
5.448335170745849609e+00
7.656722545623779297e+00
4.844022274017333984e+00
2.443065166473388672e+00
4.850956439971923828e+00
5.245557785034179688e+00
2.568604946136474609e+00
5.436256885528564453e+00
7.244417667388916016e+00
3.840741634368896484e+00
3.747259616851806641e+00
5.431594371795654297e+00
6.940294742584228516e+00
3.513450145721435547e+00
5.442194461822509766e+00
5.457067966461181641e+00
1.286679649353027344e+01
5.443035602569580078e+00
5.412919521331787109e+00
2.994941234588623047e+00
3.188130855560302734e+00
5.415496826171875000e+00
2.570956707000732422e+00
8.424188613891601562e+00
6.948525905609130859e+00
4.082366466522216797e+00
7.390114307403564453e+00
4.586225986480712891e+00
3.491463184356689453e+00
4.311281681060791016e+00
9.697202682495117188e+00
3.880323410034179688e+00
3.586404323577880859e+00
1.049419689178466797e+01
5.514908313751220703e+00
5.424839019775390625e+00
5.443536281585693359e+00
3.553660392761230469e+00
5.449014186859130859e+00
4.396983623504638672e+00
2.407380580902099609e+00
7.007071495056152344e+00
5.433972358703613281e+00
3.866651535034179688e+00
2.799474239349365234e+00
4.516757488250732422e+00
3.391452789306640625e+00
8.173288345336914062e+00
2.857593536376953125e+01
9.400177955627441406e+00
5.439253330230712891e+00
5.438364982604980469e+00
8.922307968139648438e+00
2.651813030242919922e+00
4.823362827301025391e+00
3.131515979766845703e+00
3.128950119018554688e+00
6.053955554962158203e+00
6.450486660003662109e+00
8.527433395385742188e+00
5.462893486022949219e+00
5.462759494781494141e+00
3.615734577178955078e+00
8.818563461303710938e+00
8.425188064575195312e+00
1.055358695983886719e+01
1.001199340820312500e+01
4.050207614898681641e+00
6.009072780609130859e+00
9.111070632934570312e+00
1.226767826080322266e+01
2.575572967529296875e+00
5.411731243133544922e+00
5.065619945526123047e+00
4.083125591278076172e+00
7.736015796661376953e+00
3.884954452514648438e+00
3.602343082427978516e+00
4.946331024169921875e+00
5.445194244384765625e+00
4.214479446411132812e+00
6.223537921905517578e+00
7.317074298858642578e+00
7.891263961791992188e+00
4.847458362579345703e+00
4.989696025848388672e+00
5.462359428405761719e+00
5.471156597137451172e+00
3.772732734680175781e+00
3.370354461669921875e+01
7.339777469635009766e+00
1.578832435607910156e+01
3.918590068817138672e+00
3.710768699645996094e+00
2.456249237060546875e+00
3.366786479949951172e+00
5.446436882019042969e+00
8.730265617370605469e+00
2.878134250640869141e+00
2.776522636413574219e+00
2.861166000366210938e+00
5.496528625488281250e+00
4.157854557037353516e+00
5.432124137878417969e+00
2.361260414123535156e+00
3.881251335144042969e+00
6.498888015747070312e+00
3.321943283081054688e+00
3.289624214172363281e+00
4.327016830444335938e+00
2.886239051818847656e+00
2.927733898162841797e+00
5.053754806518554688e+00
7.872432231903076172e+00
4.844042301177978516e+00
7.746293544769287109e+00
5.446327209472656250e+00
5.455176830291748047e+00
9.005954742431640625e+00
3.271381855010986328e+00
7.346628189086914062e+00
3.354875183105468750e+01
3.406767368316650391e+00
4.240682125091552734e+00
3.307413578033447266e+00
2.765983581542968750e+00
2.439105510711669922e+00
5.429769515991210938e+00
2.181490707397460938e+01
1.046027374267578125e+01
4.464261531829833984e+00
4.990351200103759766e+00
1.134060096740722656e+01
1.110515022277832031e+01
5.400040149688720703e+00
1.385439205169677734e+01
2.454935550689697266e+00
5.450538635253906250e+00
3.317449092864990234e+00
5.127357959747314453e+00
5.459383487701416016e+00
9.167533874511718750e+00
1.151317310333251953e+01
5.349575519561767578e+00
7.397830009460449219e+00
7.846452713012695312e+00
9.864801406860351562e+00
1.747158622741699219e+01
2.426740169525146484e+00
3.328307628631591797e+00
2.778726768493652344e+01
3.155142307281494141e+00
5.436518669128417969e+00
2.794536018371582031e+01
3.104064464569091797e+00
8.077037811279296875e+00
3.453779697418212891e+00
3.936100006103515625e+00
5.376930713653564453e+00
5.413323879241943359e+00
2.770013236999511719e+01
3.295217037200927734e+00
1.256399917602539062e+01
1.248781967163085938e+01
2.813967227935791016e+00
5.452239513397216797e+00
5.325429916381835938e+00
5.467442035675048828e+00
5.438659191131591797e+00
5.535248279571533203e+00
5.423782825469970703e+00
5.461717128753662109e+00
6.373838901519775391e+00
2.866297245025634766e+00
3.668889045715332031e+00
5.467588424682617188e+00
5.424133300781250000e+00
5.458570957183837891e+00
5.401011943817138672e+00
3.278577327728271484e+00
7.059452056884765625e+00
4.247818470001220703e+00
3.868402004241943359e+00
2.768280982971191406e+00
5.461142063140869141e+00
7.245578289031982422e+00
7.156068325042724609e+00
5.390577793121337891e+00
8.905187606811523438e+00
5.436416149139404297e+00
4.991459369659423828e+00
3.101732254028320312e+00
3.765350818634033203e+00
6.726629257202148438e+00
3.403383255004882812e+00
5.454448223114013672e+00
1.070144653320312500e+01
3.571356296539306641e+00
4.551599979400634766e+00
5.442224979400634766e+00
5.442736148834228516e+00
3.091056346893310547e+00
9.548038482666015625e+00
7.513719558715820312e+00
3.174642562866210938e+00
3.771576404571533203e+00
7.246449947357177734e+00
6.393646717071533203e+00
6.858676433563232422e+00
5.356520175933837891e+00
3.345934391021728516e+00
1.320669746398925781e+01
5.291946887969970703e+00
5.789716720581054688e+00
5.460388660430908203e+00
3.121667861938476562e+00
5.196907043457031250e+00
5.452200412750244141e+00
2.920547962188720703e+00
3.415716934204101562e+01
2.946049213409423828e+00
6.916920185089111328e+00
3.102762222290039062e+00
2.631443023681640625e+00
4.861470699310302734e+00
4.857061862945556641e+00
5.460915565490722656e+00
3.678822040557861328e+00
1.012463951110839844e+01
4.732457637786865234e+00
3.312967777252197266e+00
2.593764781951904297e+00
2.789114475250244141e+00
3.854735851287841797e+00
6.602183341979980469e+00
5.457058429718017578e+00
8.595590591430664062e+00
5.393150329589843750e+00
5.740072727203369141e+00
6.636225700378417969e+00
3.564239025115966797e+00
4.215995311737060547e+00
8.358032226562500000e+00
1.568158340454101562e+01
5.786542415618896484e+00
5.371319770812988281e+00
8.299737930297851562e+00
2.752303123474121094e+00
5.466652393341064453e+00
6.388215541839599609e+00
4.009659290313720703e+00
3.786586284637451172e+00
4.246042728424072266e+00
5.644099235534667969e+00
3.922343730926513672e+00
4.575879096984863281e+00
5.836835384368896484e+00
2.858057975769042969e+00
3.938400268554687500e+00
5.294693470001220703e+00
3.693294525146484375e+00
3.216171741485595703e+00
5.687578201293945312e+00
4.198910713195800781e+00
4.762660980224609375e+00
3.625729084014892578e+00
5.469941139221191406e+00
5.557952404022216797e+00
6.061209201812744141e+00
1.458035373687744141e+01
1.305469989776611328e+01
2.630177021026611328e+00
3.777171134948730469e+00
9.085968017578125000e+00
6.553314208984375000e+00
2.211176109313964844e+01
4.001916408538818359e+00
1.111769580841064453e+01
5.886252880096435547e+00
2.775385379791259766e+00
2.639073848724365234e+00
3.154175281524658203e+00
1.082183361053466797e+01
4.242692947387695312e+00
1.467288112640380859e+01
1.118976306915283203e+01
5.445695400238037109e+00
7.047141075134277344e+00
1.415966796875000000e+01
3.790267467498779297e+00
8.327032089233398438e+00
6.591823101043701172e+00
5.399137020111083984e+00
2.942781925201416016e+00
8.404432296752929688e+00
8.665661811828613281e+00
1.976811408996582031e+01
3.925929069519042969e+00
5.443097591400146484e+00
1.637294769287109375e+01
1.561409950256347656e+01
3.943331241607666016e+00
5.433835506439208984e+00
2.707917690277099609e+00
6.455927848815917969e+00
5.040168285369873047e+00
4.242416381835937500e+00
2.644436836242675781e+00
3.670813083648681641e+00
8.000953674316406250e+00
5.453220844268798828e+00
3.184185791015625000e+01
2.026630401611328125e+01
1.117472457885742188e+01
3.319897651672363281e+00
4.849833011627197266e+00
6.764973640441894531e+00
3.420023918151855469e+00
2.481190204620361328e+00
5.459523677825927734e+00
2.462659358978271484e+00
2.694003582000732422e+00
3.671732902526855469e+00
6.439051151275634766e+00
5.283811569213867188e+00
5.457387924194335938e+00
9.508394241333007812e+00
7.434856891632080078e+00
5.269075870513916016e+00
5.470921993255615234e+00
1.286631584167480469e+01
8.285120010375976562e+00
6.648444175720214844e+00
5.420307636260986328e+00
5.143935203552246094e+00
6.103868961334228516e+00
4.839612007141113281e+00
2.857050418853759766e+00
4.299130916595458984e+00
4.347336292266845703e+00
9.723411560058593750e+00
2.907100677490234375e+00
5.454807281494140625e+00
2.499876499176025391e+00
1.127350425720214844e+01
3.380644798278808594e+00
5.421062469482421875e+00
6.444921493530273438e+00
2.878118133544921875e+01
5.201270580291748047e+00
4.713641643524169922e+00
1.128478813171386719e+01
3.517191410064697266e+00
5.434414863586425781e+00
3.418050765991210938e+00
8.291307449340820312e+00
3.614989757537841797e+00
5.448598384857177734e+00
5.459971427917480469e+00
5.446810245513916016e+00
2.309609222412109375e+01
5.449295043945312500e+00
5.436748981475830078e+00
4.373173236846923828e+00
3.316557884216308594e+00
5.922657489776611328e+00
6.757094860076904297e+00
5.464193820953369141e+00
2.862268447875976562e+00
2.190633583068847656e+01
3.172328948974609375e+00
5.311439990997314453e+00
8.046845436096191406e+00
5.444971084594726562e+00
2.515230178833007812e+00
8.316595077514648438e+00
4.047763824462890625e+00
4.003218650817871094e+00
4.645341873168945312e+00
5.341424942016601562e+00
5.457529067993164062e+00
5.238628387451171875e+00
5.419481754302978516e+00
1.295276832580566406e+01
2.816599369049072266e+00
1.134482192993164062e+01
5.380384922027587891e+00
5.171548366546630859e+00
2.899958610534667969e+00
5.463367938995361328e+00
5.573519706726074219e+00
4.380503177642822266e+00
3.404147624969482422e+00
4.401962757110595703e+00
6.936655521392822266e+00
2.470408439636230469e+00
1.084772491455078125e+01
5.454662799835205078e+00
5.448710918426513672e+00
4.170948028564453125e+00
5.463204860687255859e+00
1.219567298889160156e+01
3.294186592102050781e+00
2.874568939208984375e+00
5.447492599487304688e+00
3.026014328002929688e+00
5.544015407562255859e+00
2.576257705688476562e+00
7.401363372802734375e+00
4.715222358703613281e+00
2.767293357849121094e+01
5.441038608551025391e+00
5.449023723602294922e+00
1.014285469055175781e+01
5.003604888916015625e+00
5.452780246734619141e+00
5.438597679138183594e+00
3.920991897583007812e+00
4.257109642028808594e+00
5.101408481597900391e+00
2.880905628204345703e+00
5.959835529327392578e+00
2.714760780334472656e+00
4.938426494598388672e+00
4.279517650604248047e+00
1.755811309814453125e+01
5.415647506713867188e+00
4.032230377197265625e+00
3.316928482055664062e+01
2.661871433258056641e+00
2.335594654083251953e+00
1.886691665649414062e+01
5.454569816589355469e+00
5.457031726837158203e+00
6.023495674133300781e+00
5.614500522613525391e+00
1.393892097473144531e+01
5.422659397125244141e+00
5.467986583709716797e+00
3.962920665740966797e+00
6.167896747589111328e+00
7.437217235565185547e+00
5.458852291107177734e+00
1.024625968933105469e+01
6.193126201629638672e+00
2.468146800994873047e+00
5.460453033447265625e+00
1.529059600830078125e+01
5.436993598937988281e+00
5.449029922485351562e+00
3.903004169464111328e+00
7.317212581634521484e+00
9.071888923645019531e+00
4.460394859313964844e+00
3.326014041900634766e+00
3.437799930572509766e+00
3.816260814666748047e+00
2.596913814544677734e+00
2.724164009094238281e+00
6.886502265930175781e+00
5.563719272613525391e+00
2.934875965118408203e+00
8.451417922973632812e+00
3.565172195434570312e+00
5.452900409698486328e+00
8.491125106811523438e+00
2.734400272369384766e+00
5.593341827392578125e+00
5.224250793457031250e+00
6.728247642517089844e+00
5.437159061431884766e+00
5.446123600006103516e+00
4.201971530914306641e+00
5.449760913848876953e+00
6.955307483673095703e+00
4.310907363891601562e+00
3.718444824218750000e+00
4.400535106658935547e+00
1.333418273925781250e+01
4.211885929107666016e+00
5.255084514617919922e+00
3.660108089447021484e+00
1.974317169189453125e+01
4.314443588256835938e+00
5.416612148284912109e+00
4.150526046752929688e+00
3.427021026611328125e+00
8.784717559814453125e+00
3.379923248291015625e+01
1.305643463134765625e+01
3.434040546417236328e+00
2.839027881622314453e+00
6.657718658447265625e+00
5.662232398986816406e+00
1.832396888732910156e+01
6.372821331024169922e+00
3.296246337890625000e+01
5.592366695404052734e+00
7.294924259185791016e+00
3.680545330047607422e+00
3.078173637390136719e+00
2.531080722808837891e+00
2.601562976837158203e+00
5.456897258758544922e+00
6.689575672149658203e+00
5.903747558593750000e+00
4.712887287139892578e+00
5.452054500579833984e+00
5.440480709075927734e+00
5.954734325408935547e+00
5.040235042572021484e+00
5.448413848876953125e+00
5.457386016845703125e+00
3.308469772338867188e+00
5.914675712585449219e+00
5.453244686126708984e+00
7.467279434204101562e+00
6.225471019744873047e+00
5.297226428985595703e+00
3.206383895874023438e+01
1.346540927886962891e+01
5.461896419525146484e+00
4.322268486022949219e+00
3.190262317657470703e+00
4.477713108062744141e+00
5.460061550140380859e+00
2.687174797058105469e+00
5.418857574462890625e+00
6.945363044738769531e+00
6.317667007446289062e+00
4.949825763702392578e+00
9.365018844604492188e+00
1.001264572143554688e+01
5.466031551361083984e+00
3.551989078521728516e+00
4.081125736236572266e+00
3.378950595855712891e+00
5.549376487731933594e+00
7.779023170471191406e+00
1.391175174713134766e+01
2.936893939971923828e+00
8.226363182067871094e+00
2.366657257080078125e+00
3.303785324096679688e+00
4.374745845794677734e+00
4.944209575653076172e+00
1.225161933898925781e+01
2.704329967498779297e+00
4.013919830322265625e+00
2.483934402465820312e+00
7.531027793884277344e+00
5.461095333099365234e+00
4.318429946899414062e+00
5.454892158508300781e+00
7.862363338470458984e+00
7.965866088867187500e+00
2.560431957244873047e+00
5.414871215820312500e+00
5.453826427459716797e+00
4.667536258697509766e+00
7.675041675567626953e+00
5.464144706726074219e+00
4.098819732666015625e+00
5.435019493103027344e+00
1.114477252960205078e+01
5.437541484832763672e+00
3.901672363281250000e+00
1.487950992584228516e+01
5.723577022552490234e+00
2.439560890197753906e+00
5.446962356567382812e+00
5.510615825653076172e+00
3.615175247192382812e+00
5.439300537109375000e+00
5.925446987152099609e+00
3.909608840942382812e+00
2.549397945404052734e+00
2.602125644683837891e+00
3.010511398315429688e+00
5.626223087310791016e+00
5.450316905975341797e+00
4.791849613189697266e+00
5.421789169311523438e+00
4.732889652252197266e+00
4.727868556976318359e+00
1.453604316711425781e+01
5.396659374237060547e+00
3.531056404113769531e+00
5.164546489715576172e+00
1.016032791137695312e+01
8.655303955078125000e+00
3.204335689544677734e+00
2.416122817993164062e+01
3.471995830535888672e+00
4.926140785217285156e+00
2.120974540710449219e+01
3.236040592193603516e+00
2.858690261840820312e+00
4.626574993133544922e+00
3.009020328521728516e+00
6.183970928192138672e+00
8.642427444458007812e+00
5.454391002655029297e+00
3.678902149200439453e+00
5.460953712463378906e+00
5.393885135650634766e+00
3.964287757873535156e+00
7.395357608795166016e+00
1.687888526916503906e+01
5.996561527252197266e+00
6.765844345092773438e+00
2.787832736968994141e+00
4.614567756652832031e+00
4.738799571990966797e+00
7.865705966949462891e+00
2.774826049804687500e+00
5.458413124084472656e+00
4.087879657745361328e+00
5.434163570404052734e+00
2.749300956726074219e+00
3.170564651489257812e+00
2.680463600158691406e+01
3.180569171905517578e+00
2.395071983337402344e+00
3.741404056549072266e+00
6.486765384674072266e+00
6.892503738403320312e+00
5.974034309387207031e+00
1.621916007995605469e+01
3.406825542449951172e+00
3.754627227783203125e+00
6.255130290985107422e+00
5.348328113555908203e+00
8.011444091796875000e+00
5.460071086883544922e+00
4.647052764892578125e+00
5.922900676727294922e+00
5.948698043823242188e+00
5.455577373504638672e+00
3.833416461944580078e+00
5.457243442535400391e+00
5.568296432495117188e+00
5.524388790130615234e+00
5.377571105957031250e+00
6.417550563812255859e+00
2.434402275085449219e+01
5.458227157592773438e+00
5.472354412078857422e+00
2.371565246582031250e+01
3.756946086883544922e+00
8.372949600219726562e+00
2.769318580627441406e+00
8.793502807617187500e+00
4.394939899444580078e+00
4.585610389709472656e+00
4.605839729309082031e+00
5.766024589538574219e+00
9.265566825866699219e+00
8.432346343994140625e+00
1.295523262023925781e+01
2.853445053100585938e+00
4.219656944274902344e+00
9.480197906494140625e+00
2.363910675048828125e+00
5.451168060302734375e+00
5.350796222686767578e+00
3.647155284881591797e+00
4.309933662414550781e+00
2.821412086486816406e+00
5.396336555480957031e+00
1.105429172515869141e+01
7.061316013336181641e+00
3.938343048095703125e+00
2.669890403747558594e+00
5.340256214141845703e+00
3.910155296325683594e+00
3.281588077545166016e+00
1.477273750305175781e+01
2.940069198608398438e+00
4.686405181884765625e+00
8.629197120666503906e+00
3.840030193328857422e+00
3.018606662750244141e+00
1.273505783081054688e+01
5.456274986267089844e+00
3.162907600402832031e+00
5.458550453186035156e+00
3.413326740264892578e+00
8.393939971923828125e+00
9.065302848815917969e+00
5.994688034057617188e+00
4.775589466094970703e+00
9.727352142333984375e+00
5.458690166473388672e+00
5.303869724273681641e+00
5.309520721435546875e+00
2.457537841796875000e+01
5.464993476867675781e+00
6.459722995758056641e+00
1.830550575256347656e+01
5.442232608795166016e+00
6.019647121429443359e+00
2.662749290466308594e+00
5.452044963836669922e+00
5.451489448547363281e+00
5.461571216583251953e+00
2.825509071350097656e+00
1.400179290771484375e+01
2.374966621398925781e+00
3.130596733093261719e+01
7.305066585540771484e+00
2.349242687225341797e+00
7.822010517120361328e+00
5.430902481079101562e+00
2.921482563018798828e+00
5.462991237640380859e+00
9.822294235229492188e+00
2.358508110046386719e+00
5.373391628265380859e+00
4.098229408264160156e+00
2.443828582763671875e+00
7.693425178527832031e+00
8.469451904296875000e+00
1.294762802124023438e+01
5.157726287841796875e+00
5.449430465698242188e+00
5.418631553649902344e+00
4.648005008697509766e+00
1.301362514495849609e+01
1.256260490417480469e+01
6.948955535888671875e+00
2.867820262908935547e+00
5.413309097290039062e+00
5.450109004974365234e+00
5.424925327301025391e+00
1.541537380218505859e+01
7.601852893829345703e+00
5.455685138702392578e+00
1.488297367095947266e+01
2.678317546844482422e+00
6.208330154418945312e+00
4.097695827484130859e+00
3.639926433563232422e+00
3.538096427917480469e+00
4.064140319824218750e+00
5.461525440216064453e+00
4.353322505950927734e+00
5.246472835540771484e+00
8.269266128540039062e+00
1.069882488250732422e+01
2.863767147064208984e+00
4.594294548034667969e+00
7.424029827117919922e+00
5.461111068725585938e+00
2.824594974517822266e+00
4.937553405761718750e+00
8.198551177978515625e+00
6.399462699890136719e+00
5.106087684631347656e+00
2.939672470092773438e+00
4.784370422363281250e+00
6.609776020050048828e+00
5.420254230499267578e+00
3.177886962890625000e+01
5.501865386962890625e+00
5.451261043548583984e+00
3.046710491180419922e+00
4.439127922058105469e+00
3.297835826873779297e+00
4.082179069519042969e+00
5.413345813751220703e+00
3.805459976196289062e+00
1.187623405456542969e+01
5.448954582214355469e+00
9.038508415222167969e+00
1.315630149841308594e+01
5.452196598052978516e+00
5.434330463409423828e+00
2.572486877441406250e+00
3.874207973480224609e+00
5.462225914001464844e+00
4.073154926300048828e+00
1.261056137084960938e+01
3.180879020690917969e+01
1.251521015167236328e+01
6.349240303039550781e+00
7.296813964843750000e+00
5.447439670562744141e+00
3.418634414672851562e+00
2.924325466156005859e+00
5.435193061828613281e+00
3.175121307373046875e+00
9.772409439086914062e+00
5.449525356292724609e+00
3.801509857177734375e+00
4.058422565460205078e+00
7.701506137847900391e+00
2.377161788940429688e+01
5.333487987518310547e+00
5.435708999633789062e+00
5.459538936614990234e+00
5.463528633117675781e+00
7.810776710510253906e+00
1.722038459777832031e+01
6.476997852325439453e+00
3.356150627136230469e+00
3.144524574279785156e+00
7.250161647796630859e+00
4.028983116149902344e+00
3.191342830657958984e+00
2.428617954254150391e+00
5.444653511047363281e+00
3.305440902709960938e+00
5.372728347778320312e+00
4.249288082122802734e+00
2.723313331604003906e+00
2.467364311218261719e+01
5.369881629943847656e+00
1.294979190826416016e+01
6.454242229461669922e+00
1.127309131622314453e+01
2.103746795654296875e+01
7.254940509796142578e+00
5.438640594482421875e+00
3.331792831420898438e+00
7.234463214874267578e+00
2.332926273345947266e+00
2.767924308776855469e+00
7.062523365020751953e+00
5.367372989654541016e+00
4.673806190490722656e+00
6.375276565551757812e+00
4.781710147857666016e+00
5.467084407806396484e+00
5.442034721374511719e+00
2.469110012054443359e+00
5.457755088806152344e+00
1.003722190856933594e+01
2.723042488098144531e+00
1.682799339294433594e+01
2.378679275512695312e+00
6.992511749267578125e+00
5.422463893890380859e+00
8.927219390869140625e+00
3.581248760223388672e+00
5.421731948852539062e+00
4.131504058837890625e+00
4.608734130859375000e+00
8.894199371337890625e+00
3.997335910797119141e+00
3.503570556640625000e+00
3.019647121429443359e+00
1.368654251098632812e+01
5.459867000579833984e+00
4.284208774566650391e+00
5.430498123168945312e+00
5.729158878326416016e+00
3.168596744537353516e+00
6.707417488098144531e+00
5.422307491302490234e+00
5.739600181579589844e+00
5.412393569946289062e+00
5.466922283172607422e+00
3.691313266754150391e+00
9.646197319030761719e+00
6.454966068267822266e+00
3.077356338500976562e+00
2.703126907348632812e+00
2.359547042846679688e+01
9.332302093505859375e+00
5.442502498626708984e+00
3.192671298980712891e+00
9.339447021484375000e+00
4.321437358856201172e+00
3.214262008666992188e+00
9.049427032470703125e+00
4.354921340942382812e+00
4.384534358978271484e+00
5.548845291137695312e+00
1.737085342407226562e+01
5.454274654388427734e+00
5.280374050140380859e+00
7.130567550659179688e+00
1.234173488616943359e+01
1.308846759796142578e+01
2.678363227844238281e+01
2.899208545684814453e+00
5.438377857208251953e+00
2.548969650268554688e+01
3.194732666015625000e+00
5.461530208587646484e+00
5.234520912170410156e+00
5.415040493011474609e+00
6.206001758575439453e+00
4.282842636108398438e+00
1.264771080017089844e+01
9.053020477294921875e+00
5.408621788024902344e+00
4.113971710205078125e+00
5.166718959808349609e+00
7.337961196899414062e+00
4.394660472869873047e+00
5.452001094818115234e+00
2.847102642059326172e+00
2.904052734375000000e+00
4.272444248199462891e+00
2.448098659515380859e+00
4.664834976196289062e+00
2.460654258728027344e+00
5.461825370788574219e+00
5.458284378051757812e+00
4.645184040069580078e+00
5.019045829772949219e+00
4.180865287780761719e+00
5.420674324035644531e+00
7.450646877288818359e+00
2.516416072845458984e+00
5.454280853271484375e+00
2.755354881286621094e+00
3.721235275268554688e+00
2.357087612152099609e+00
4.951772689819335938e+00
5.450632095336914062e+00
3.568262577056884766e+00
5.447418212890625000e+00
4.550508975982666016e+00
5.411713600158691406e+00
9.023021697998046875e+00
5.664337635040283203e+00
6.632724285125732422e+00
2.573458194732666016e+00
2.438063621520996094e+00
5.462080478668212891e+00
3.446550369262695312e+00
4.084486007690429688e+00
4.267516613006591797e+00
3.641181468963623047e+00
4.936968326568603516e+00
5.446389198303222656e+00
4.322607040405273438e+00
1.421178627014160156e+01
5.438728809356689453e+00
6.709670066833496094e+00
5.339606285095214844e+00
5.440174102783203125e+00
9.385947227478027344e+00
4.558140277862548828e+00
3.994940757751464844e+00
4.659982204437255859e+00
3.920083045959472656e+00
5.451373577117919922e+00
4.132368087768554688e+00
2.389615058898925781e+00
5.899951934814453125e+00
3.677306175231933594e+00
4.136131763458251953e+00
1.888200187683105469e+01
5.434476375579833984e+00
8.857967376708984375e+00
6.489470005035400391e+00
5.403589725494384766e+00
2.984384059906005859e+00
4.040693759918212891e+00
7.478371143341064453e+00
3.142138957977294922e+00
3.254465484619140625e+01
5.530941963195800781e+00
3.700051307678222656e+00
6.489871978759765625e+00
3.015321254730224609e+00
6.814499378204345703e+00
5.111744880676269531e+00
3.789959430694580078e+00
1.283403968811035156e+01
5.469317913055419922e+00
5.458966255187988281e+00
3.713399887084960938e+00
5.412704944610595703e+00
5.426077842712402344e+00
1.233572959899902344e+01
4.413556575775146484e+00
5.448820590972900391e+00
8.793736457824707031e+00
1.209841632843017578e+01
5.334633350372314453e+00
3.909973144531250000e+00
5.436031818389892578e+00
2.619349002838134766e+00
5.459146499633789062e+00
5.054471015930175781e+00
4.101056575775146484e+00
9.184316635131835938e+00
2.649896621704101562e+00
4.217645168304443359e+00
3.690883159637451172e+00
4.122855186462402344e+00
3.285776615142822266e+00
1.287400722503662109e+01
7.072949886322021484e+00
4.312672138214111328e+00
5.460107326507568359e+00
5.852263927459716797e+00
2.125096511840820312e+01
5.463363170623779297e+00
9.187394142150878906e+00
5.394348621368408203e+00
5.262350559234619141e+00
5.135421276092529297e+00
5.452188491821289062e+00
4.739740371704101562e+00
6.563040256500244141e+00
7.092255592346191406e+00
7.506574630737304688e+00
5.513449668884277344e+00
4.861294269561767578e+00
5.709762096405029297e+00
1.179772949218750000e+01
5.380059242248535156e+00
4.883414745330810547e+00
2.745915889739990234e+00
4.659305095672607422e+00
5.445336818695068359e+00
1.312537765502929688e+01
2.867568016052246094e+00
5.461484909057617188e+00
1.158629608154296875e+01
4.194683551788330078e+00
1.278298950195312500e+01
3.278950214385986328e+00
1.473093700408935547e+01
5.231999874114990234e+00
7.714273452758789062e+00
2.590648651123046875e+00
4.728087425231933594e+00
6.303711414337158203e+00
3.826384067535400391e+00
5.467790126800537109e+00
4.839444160461425781e+00
3.300196170806884766e+00
1.097389221191406250e+01
1.653669166564941406e+01
1.369712448120117188e+01
4.644138813018798828e+00
2.707419872283935547e+00
9.182843208312988281e+00
3.737156867980957031e+00
7.489359855651855469e+00
3.727527618408203125e+00
5.241180896759033203e+00
5.431623935699462891e+00
5.460119247436523438e+00
2.402976512908935547e+00
6.918114185333251953e+00
5.464590072631835938e+00
5.419925689697265625e+00
4.907961845397949219e+00
5.448655605316162109e+00
5.427748680114746094e+00
7.798439979553222656e+00
2.631583595275878906e+01
1.433617305755615234e+01
7.494343280792236328e+00
3.688920021057128906e+00
6.099435329437255859e+00
4.055282115936279297e+00
5.241305351257324219e+00
1.610081291198730469e+01
5.420238018035888672e+00
6.396801471710205078e+00
7.005152702331542969e+00
2.836531639099121094e+00
3.864041328430175781e+00
2.430392456054687500e+01
8.900562286376953125e+00
5.259271621704101562e+00
2.375887870788574219e+00
7.187619209289550781e+00
5.456368923187255859e+00
1.899966049194335938e+01
1.419740295410156250e+01
5.442383289337158203e+00
5.442653656005859375e+00
4.398170948028564453e+00
3.558281898498535156e+00
1.104142189025878906e+01
3.116322040557861328e+00
5.517579078674316406e+00
3.117028236389160156e+00
2.968628883361816406e+00
3.840972900390625000e+00
8.762083053588867188e+00
4.548796653747558594e+00
2.832631111145019531e+00
2.839874744415283203e+00
3.398405075073242188e+00
6.597421169281005859e+00
5.423298835754394531e+00
4.508582592010498047e+00
6.706925392150878906e+00
3.711209774017333984e+00
8.584268569946289062e+00
2.452954292297363281e+00
5.462126255035400391e+00
5.456435203552246094e+00
7.736998558044433594e+00
2.573222637176513672e+00
2.651425838470458984e+00
5.446732997894287109e+00
5.017168998718261719e+00
8.043262481689453125e+00
5.296722888946533203e+00
6.390347003936767578e+00
9.871721267700195312e+00
4.637660026550292969e+00
4.336118221282958984e+00
5.463540077209472656e+00
5.427874088287353516e+00
8.683469772338867188e+00
5.455204010009765625e+00
9.184900283813476562e+00
4.646874904632568359e+00
2.477378368377685547e+00
5.451622962951660156e+00
5.421862125396728516e+00
6.141085147857666016e+00
3.619737148284912109e+00
6.613864898681640625e+00
3.761577129364013672e+00
2.170012283325195312e+01
4.249451637268066406e+00
2.939900970458984375e+01
5.457998752593994141e+00
1.115579891204833984e+01
1.323325729370117188e+01
3.473972320556640625e+00
1.119927406311035156e+01
5.360544204711914062e+00
3.211089611053466797e+00
1.381045532226562500e+01
3.167044639587402344e+00
7.888077259063720703e+00
1.189169788360595703e+01
3.582318305969238281e+00
5.409083843231201172e+00
6.896217346191406250e+00
8.080945014953613281e+00
5.341768741607666016e+00
4.246935367584228516e+00
4.453420162200927734e+00
5.552061557769775391e+00
9.722322463989257812e+00
5.237117290496826172e+00
5.384173393249511719e+00
2.465521812438964844e+00
2.874105930328369141e+00
5.474724769592285156e+00
8.484180450439453125e+00
1.280979824066162109e+01
9.171546936035156250e+00
3.542971134185791016e+00
5.463969230651855469e+00
5.421613693237304688e+00
5.441642284393310547e+00
2.491011142730712891e+00
2.823467731475830078e+00
5.455102443695068359e+00
5.117610454559326172e+00
1.549168205261230469e+01
5.453869819641113281e+00
7.341897487640380859e+00
8.107242584228515625e+00
4.780329704284667969e+00
2.821645259857177734e+00
6.227076530456542969e+00
6.370470523834228516e+00
8.138424873352050781e+00
1.242912292480468750e+01
5.450365543365478516e+00
4.851757049560546875e+00
4.307960510253906250e+00
6.155228137969970703e+00
3.584158897399902344e+00
5.213351726531982422e+00
2.580397605895996094e+00
8.984815597534179688e+00
5.401877880096435547e+00
6.808757781982421875e+00
5.727970600128173828e+00
5.539119243621826172e+00
2.998661041259765625e+00
2.594716548919677734e+00
2.919188499450683594e+00
5.400270938873291016e+00
4.535123348236083984e+00
6.008233070373535156e+00
2.383172035217285156e+00
2.577773571014404297e+00
2.999786376953125000e+00
5.957138061523437500e+00
8.406600952148437500e+00
5.865520954132080078e+00
5.828286647796630859e+00
1.811828613281250000e+01
5.836618900299072266e+00
3.709070682525634766e+00
5.364531993865966797e+00
6.074305534362792969e+00
5.436009883880615234e+00
3.632324695587158203e+00
5.461251735687255859e+00
5.476460456848144531e+00
4.452441215515136719e+00
3.023921966552734375e+00
5.451931476593017578e+00
2.555966186523437500e+01
5.227560520172119141e+00
3.747235774993896484e+00
5.457608699798583984e+00
7.346201419830322266e+00
3.265088081359863281e+00
4.510438442230224609e+00
1.332189083099365234e+01
6.055830478668212891e+00
4.565455436706542969e+00
9.914541244506835938e+00
5.453040599822998047e+00
3.967809677124023438e+00
1.169644832611083984e+01
3.351324558258056641e+00
8.823760986328125000e+00
5.445434093475341797e+00
5.387152194976806641e+00
5.440778255462646484e+00
4.089841365814208984e+00
2.751911163330078125e+00
7.108301639556884766e+00
9.430184364318847656e+00
6.948112964630126953e+00
1.069604492187500000e+01
5.460753917694091797e+00
6.074645519256591797e+00
2.637164592742919922e+00
8.779840469360351562e+00
6.440235614776611328e+00
2.666450023651123047e+00
2.833811759948730469e+00
6.065043449401855469e+00
3.016481399536132812e+00
1.275339698791503906e+01
1.327604675292968750e+01
3.367103099822998047e+00
4.651621818542480469e+00
2.898652553558349609e+00
6.167687416076660156e+00
4.145919799804687500e+00
5.725994110107421875e+00
6.104362010955810547e+00
5.436234474182128906e+00
8.391027450561523438e+00
2.821744918823242188e+00
5.373850345611572266e+00
8.886693000793457031e+00
4.891006469726562500e+00
4.235496520996093750e+00
2.139479255676269531e+01
2.937297344207763672e+00
5.454038143157958984e+00
3.597453117370605469e+00
5.453286170959472656e+00
7.614495754241943359e+00
5.154025554656982422e+00
2.995549678802490234e+00
2.606670379638671875e+00
8.589174270629882812e+00
1.351810455322265625e+01
2.489055156707763672e+00
5.089088916778564453e+00
2.782573699951171875e+00
3.828010082244873047e+00
3.698065757751464844e+00
1.500313758850097656e+01
5.034154415130615234e+00
5.412935733795166016e+00
9.922882080078125000e+00
4.330116748809814453e+00
5.241508483886718750e+00
4.684063911437988281e+00
5.460483551025390625e+00
2.533159255981445312e+00
1.240038013458251953e+01
3.606451511383056641e+00
5.441528320312500000e+00
4.716778755187988281e+00
8.820636749267578125e+00
2.819724559783935547e+00
2.709175109863281250e+00
5.673399448394775391e+00
4.536489963531494141e+00
3.127707481384277344e+00
5.449160575866699219e+00
5.446378707885742188e+00
3.614285469055175781e+00
1.235758304595947266e+01
1.070723247528076172e+01
4.424134254455566406e+00
5.531967639923095703e+00
8.378730773925781250e+00
5.217556476593017578e+00
2.815227508544921875e+00
5.454259872436523438e+00
5.449872493743896484e+00
2.440885543823242188e+00
5.251252651214599609e+00
1.136549758911132812e+01
1.001001644134521484e+01
5.424082279205322266e+00
4.129082679748535156e+00
3.207425594329833984e+00
5.450822353363037109e+00
4.030160903930664062e+00
4.992482185363769531e+00
4.956120014190673828e+00
3.219192028045654297e+00
3.782187938690185547e+00
5.464449405670166016e+00
1.395478153228759766e+01
9.906110763549804688e+00
4.770117282867431641e+00
5.394970417022705078e+00
1.073878669738769531e+01
5.298794746398925781e+00
3.056627273559570312e+00
4.483877182006835938e+00
5.414698123931884766e+00
3.597303867340087891e+00
8.059061050415039062e+00
4.986822128295898438e+00
3.132157802581787109e+00
7.909135341644287109e+00
5.438778877258300781e+00
2.402499198913574219e+01
5.450898170471191406e+00
6.337248802185058594e+00
3.133257389068603516e+00
4.841958522796630859e+00
5.757236480712890625e+00
7.930703639984130859e+00
2.972306251525878906e+00
4.505755424499511719e+00
5.446989059448242188e+00
5.402527332305908203e+00
3.393601417541503906e+00
4.191843509674072266e+00
2.796218395233154297e+00
4.744212627410888672e+00
3.364594936370849609e+00
3.761625766754150391e+00
3.303265571594238281e+00
6.480380535125732422e+00
2.584365367889404297e+00
4.248519420623779297e+00
1.280753517150878906e+01
3.263968944549560547e+00
4.445094108581542969e+00
5.274810314178466797e+00
3.591387271881103516e+00
5.445898056030273438e+00
6.450427055358886719e+00
2.696630954742431641e+00
2.881759643554687500e+00
1.858699226379394531e+01
3.955126285552978516e+00
3.071950912475585938e+00
1.068250656127929688e+01
4.957571983337402344e+00
5.159221649169921875e+00
1.893673133850097656e+01
5.457649230957031250e+00
1.022427845001220703e+01
5.083236694335937500e+00
5.866166114807128906e+00
3.593512058258056641e+00
5.442153930664062500e+00
5.462420940399169922e+00
3.877678394317626953e+00
5.457966804504394531e+00
8.982906341552734375e+00
5.335072517395019531e+00
5.288795948028564453e+00
1.419653511047363281e+01
8.412317276000976562e+00
9.721610069274902344e+00
7.354373455047607422e+00
5.451939105987548828e+00
2.735765457153320312e+00
4.645244121551513672e+00
5.921115398406982422e+00
5.458803176879882812e+00
4.046127796173095703e+00
8.226331710815429688e+00
2.827576637268066406e+00
4.022921085357666016e+00
5.380452632904052734e+00
3.620405673980712891e+00
1.040137290954589844e+01
4.392658233642578125e+00
4.557612895965576172e+00
8.568782806396484375e+00
3.850512504577636719e+00
5.462009906768798828e+00
2.581576824188232422e+00
4.405648231506347656e+00
6.975918769836425781e+00
2.871338367462158203e+00
2.857965946197509766e+00
5.459650516510009766e+00
2.576792240142822266e+00
5.515656471252441406e+00
3.647433757781982422e+00
2.820802211761474609e+00
6.624945163726806641e+00
4.610781669616699219e+00
5.449484825134277344e+00
3.565834522247314453e+00
1.233451175689697266e+01
4.891451358795166016e+00
3.809559345245361328e+00
6.547189235687255859e+00
1.312575340270996094e+01
3.402519702911376953e+00
9.694143295288085938e+00
5.459846973419189453e+00
5.156417369842529297e+00
5.658750534057617188e+00
5.422337532043457031e+00
5.438827037811279297e+00
5.449295043945312500e+00
5.360557079315185547e+00
7.117888927459716797e+00
6.776120662689208984e+00
1.067648696899414062e+01
4.490574359893798828e+00
2.471099472045898438e+01
2.657814025878906250e+00
2.785857677459716797e+00
1.672593307495117188e+01
5.652783870697021484e+00
1.636365127563476562e+01
1.272757434844970703e+01
8.357398986816406250e+00
6.876071929931640625e+00
5.416498184204101562e+00
3.101049423217773438e+00
3.816193103790283203e+00
4.882108211517333984e+00
2.550108432769775391e+00
3.291496753692626953e+00
4.768438816070556641e+00
5.659060001373291016e+00
3.946125507354736328e+00
5.434406757354736328e+00
1.880379486083984375e+01
5.439594268798828125e+00
6.303773880004882812e+00
3.120405673980712891e+00
4.568817615509033203e+00
5.456376552581787109e+00
3.178250312805175781e+00
5.452853202819824219e+00
3.810560703277587891e+00
7.728213787078857422e+00
5.464529991149902344e+00
5.258316040039062500e+00
6.560164928436279297e+00
5.463275909423828125e+00
6.286399364471435547e+00
7.330029964447021484e+00
4.070327281951904297e+00
2.574390888214111328e+00
1.357214736938476562e+01
8.624559402465820312e+00
4.471815586090087891e+00
1.081918144226074219e+01
2.759951591491699219e+00
3.949608802795410156e+00
4.093498706817626953e+00
3.228664875030517578e+00
2.375675201416015625e+00
7.301431179046630859e+00
5.457871913909912109e+00
2.913565158843994141e+00
5.773625850677490234e+00
6.991552829742431641e+00
5.442568302154541016e+00
4.741605281829833984e+00
4.712924957275390625e+00
8.090734481811523438e+00
3.727890491485595703e+00
5.431128501892089844e+00
7.322874546051025391e+00
5.878036975860595703e+00
6.412416934967041016e+00
3.553711414337158203e+00
1.075489807128906250e+01
1.079623985290527344e+01
8.603639602661132812e+00
5.464378356933593750e+00
4.331428050994873047e+00
3.749397754669189453e+00
5.219701290130615234e+00
3.360541820526123047e+00
2.450204277038574219e+01
3.241447830200195312e+01
4.329812049865722656e+00
1.860062789916992188e+01
3.365864276885986328e+00
1.572472858428955078e+01
3.787291049957275391e+00
3.917233467102050781e+00
5.569374561309814453e+00
5.450371742248535156e+00
5.380157947540283203e+00
3.406641006469726562e+00
5.095952510833740234e+00
5.889522552490234375e+00
1.497751140594482422e+01
5.447000026702880859e+00
2.733303546905517578e+00
3.850279331207275391e+00
1.226463127136230469e+01
2.664372444152832031e+00
3.086362075805664062e+01
2.891412734985351562e+00
1.170312118530273438e+01
2.867624759674072266e+00
2.232585716247558594e+01
4.713968753814697266e+00
1.158565139770507812e+01
5.456118106842041016e+00
4.819504737854003906e+00
9.430965423583984375e+00
5.780849933624267578e+00
5.456040382385253906e+00
2.797022438049316406e+01
6.824361801147460938e+00
4.330561161041259766e+00
8.164422988891601562e+00
2.340748786926269531e+00
3.685003757476806641e+00
5.684432506561279297e+00
7.880309581756591797e+00
2.589916419982910156e+01
5.268581867218017578e+00
7.656764507293701172e+00
5.449627876281738281e+00
5.434737682342529297e+00
5.518192768096923828e+00
5.406292438507080078e+00
7.530753135681152344e+00
5.463206768035888672e+00
6.774288177490234375e+00
1.597572517395019531e+01
5.430344104766845703e+00
2.975788879394531250e+01
5.418906688690185547e+00
8.977451324462890625e+00
4.442298412322998047e+00
1.005131912231445312e+01
5.451586723327636719e+00
8.572280883789062500e+00
4.260781288146972656e+00
4.500575065612792969e+00
5.432541847229003906e+00
5.452568531036376953e+00
2.410214900970458984e+00
5.426159381866455078e+00
4.157282829284667969e+00
4.499200344085693359e+00
4.549717426300048828e+00
7.548431873321533203e+00
3.214015483856201172e+00
5.389394283294677734e+00
8.931856155395507812e+00
6.494204521179199219e+00
3.217986106872558594e+00
6.427752017974853516e+00
4.777100086212158203e+00
5.449980735778808594e+00
4.968759536743164062e+00
8.684013366699218750e+00
5.450876712799072266e+00
4.598809719085693359e+00
5.434949874877929688e+00
2.901721000671386719e+00
4.931830406188964844e+00
1.175907135009765625e+01
7.824620246887207031e+00
4.448299884796142578e+00
2.784352779388427734e+00
5.459798336029052734e+00
4.259027481079101562e+00
5.457656860351562500e+00
3.251073837280273438e+00
1.965420722961425781e+01
4.169820308685302734e+00
5.440025806427001953e+00
4.417511463165283203e+00
5.374794006347656250e+00
4.847039699554443359e+00
5.111244678497314453e+00
5.501162528991699219e+00
8.090942382812500000e+00
5.141115665435791016e+00
2.609684467315673828e+00
5.463260173797607422e+00
9.329033851623535156e+00
8.152385711669921875e+00
1.217653083801269531e+01
3.508449077606201172e+00
5.458878040313720703e+00
5.313207626342773438e+00
4.252808094024658203e+00
5.454465866088867188e+00
4.945383548736572266e+00
5.459155082702636719e+00
5.655704975128173828e+00
3.137051582336425781e+00
9.251338958740234375e+00
2.514827251434326172e+00
3.766458988189697266e+00
5.452184677124023438e+00
2.505563259124755859e+00
3.285591125488281250e+00
2.752994060516357422e+00
8.457632064819335938e+00
5.479547500610351562e+00
5.459018230438232422e+00
3.371136665344238281e+00
5.436492919921875000e+00
1.080831336975097656e+01
3.819586753845214844e+00
5.484596729278564453e+00
3.517274856567382812e+00
9.460010528564453125e+00
1.551125240325927734e+01
4.706625461578369141e+00
3.243137359619140625e+00
2.717796325683593750e+00
4.659628391265869141e+00
2.415868949890136719e+01
2.092272377014160156e+01
2.872841835021972656e+00
8.010726928710937500e+00
3.936164855957031250e+00
3.430373191833496094e+00
3.651628017425537109e+00
5.318879604339599609e+00
5.387801647186279297e+00
1.427157783508300781e+01
5.463588714599609375e+00
4.888934612274169922e+00
5.388720989227294922e+00
5.319334506988525391e+00
5.465849876403808594e+00
1.056590461730957031e+01
5.452294349670410156e+00
2.934009075164794922e+00
5.451492309570312500e+00
5.440177917480468750e+00
1.160172653198242188e+01
5.006271839141845703e+00
5.439778327941894531e+00
3.758812904357910156e+00
2.325033187866210938e+01
2.949362754821777344e+00
9.327457427978515625e+00
5.408874511718750000e+00
5.445662498474121094e+00
3.526095867156982422e+00
7.798729419708251953e+00
2.916346073150634766e+00
5.437429428100585938e+00
9.294153213500976562e+00
4.788082122802734375e+00
1.068460845947265625e+01
7.541825294494628906e+00
6.435900211334228516e+00
4.887170314788818359e+00
2.810979366302490234e+00
2.801011085510253906e+00
4.664578437805175781e+00
8.828804016113281250e+00
2.783187389373779297e+00
3.921427726745605469e+00
5.452590942382812500e+00
5.450198650360107422e+00
4.137626647949218750e+00
8.638195991516113281e+00
2.835770130157470703e+00
2.405440807342529297e+00
2.786100387573242188e+00
8.050704002380371094e+00
5.332972049713134766e+00
4.810007572174072266e+00
6.692002773284912109e+00
2.898580551147460938e+00
5.443860530853271484e+00
2.746328830718994141e+00
3.359661102294921875e+00
2.337857246398925781e+00
3.684557914733886719e+00
7.888395786285400391e+00
2.426759719848632812e+00
5.398545742034912109e+00
4.462926387786865234e+00
5.398859500885009766e+00
5.341237068176269531e+00
5.452044963836669922e+00
7.448795318603515625e+00
3.903143882751464844e+00
6.338698863983154297e+00
2.829753398895263672e+00
5.459006309509277344e+00
3.420910835266113281e+00
7.655412673950195312e+00
3.878133296966552734e+00
3.246854782104492188e+00
1.556517791748046875e+01
5.456856250762939453e+00
2.578259468078613281e+00
2.830671310424804688e+00
6.778322219848632812e+00
8.033678054809570312e+00
5.709888935089111328e+00
4.151526451110839844e+00
3.232275485992431641e+00
4.282007694244384766e+00
5.352954387664794922e+00
4.491826057434082031e+00
7.453601360321044922e+00
4.887155532836914062e+00
5.441071033477783203e+00
5.442501068115234375e+00
3.626229763031005859e+00
2.981132030487060547e+00
3.152802944183349609e+00
3.892860889434814453e+00
2.776551723480224609e+00
2.602371215820312500e+00
5.464020729064941406e+00
8.937702178955078125e+00
2.482741832733154297e+00
5.415134906768798828e+00
4.758263587951660156e+00
3.529177665710449219e+00
8.431310653686523438e+00
4.833592891693115234e+00
1.402449607849121094e+01
4.842967510223388672e+00
2.992691516876220703e+00
5.454953670501708984e+00
5.250951290130615234e+00
3.957825183868408203e+00
7.980726242065429688e+00
5.194697380065917969e+00
2.611836433410644531e+00
1.292624855041503906e+01
5.444739818572998047e+00
6.506811141967773438e+00
3.209362792968750000e+01
3.833316326141357422e+00
5.412970066070556641e+00
1.338630485534667969e+01
5.058185100555419922e+00
5.420783996582031250e+00
5.444340705871582031e+00
2.874540328979492188e+00
5.461650371551513672e+00
3.041150856018066406e+01
5.447351932525634766e+00
5.451308727264404297e+00
8.598032951354980469e+00
4.171926975250244141e+00
