4.742546081542968750e+00
3.825558662414550781e+00
7.100449562072753906e+00
4.627894401550292969e+00
5.027415275573730469e+00
8.248180150985717773e-01
7.946274280548095703e-01
8.082103729248046875e-01
7.942909002304077148e-01
6.615984439849853516e+00
3.637088775634765625e+00
3.424512863159179688e+00
3.657088994979858398e+00
5.329507827758789062e+00
1.494971513748168945e+00
1.423374414443969727e+00
4.841412067413330078e+00
2.351655244827270508e+00
8.039559125900268555e-01
1.030867004394531250e+01
8.232356905937194824e-01
1.450461030006408691e+00
9.638290405273437500e+00
8.080606460571289062e-01
4.698949813842773438e+00
7.999645471572875977e-01
8.355700373649597168e-01
6.472996234893798828e+00
3.153293609619140625e+00
4.790057659149169922e+00
2.114866256713867188e+00
5.414506912231445312e+00
9.802233576774597168e-01
8.007617592811584473e-01
2.842842102050781250e+00
3.007114887237548828e+00
2.254478931427001953e+00
8.279175758361816406e-01
6.427163124084472656e+00
3.395603656768798828e+00
1.664502024650573730e+00
3.781121730804443359e+00
1.292288422584533691e+00
3.300879716873168945e+00
2.137091159820556641e+00
2.525414705276489258e+00
4.632775306701660156e+00
3.057778120040893555e+00
5.297759532928466797e+00
8.001375198364257812e-01
1.740886449813842773e+00
8.004605770111083984e-01
4.555855751037597656e+00
3.446496963500976562e+00
7.970426082611083984e-01
8.057471513748168945e-01
7.994865179061889648e-01
6.960116386413574219e+00
2.076640844345092773e+00
2.634887695312500000e+00
3.014752626419067383e+00
6.858248710632324219e-01
4.996913909912109375e+00
1.511787176132202148e+00
8.400177955627441406e-01
1.481565713882446289e+00
1.222922205924987793e+00
1.011990261077880859e+01
1.500526428222656250e+00
7.972956299781799316e-01
6.805660724639892578e-01
3.718459844589233398e+00
4.513177871704101562e+00
1.337683916091918945e+00
4.896806240081787109e+00
3.215943813323974609e+00
2.330143928527832031e+00
2.835240364074707031e+00
8.196825981140136719e-01
2.303975582122802734e+00
2.390419483184814453e+00
1.152965784072875977e+00
1.467689990997314453e+00
3.810256481170654297e+00
1.125221490859985352e+00
2.064404249191284180e+00
7.764140129089355469e+00
8.152220249176025391e-01
2.302212953567504883e+00
4.623805046081542969e+00
8.411966562271118164e-01
3.072065830230712891e+00
5.290420532226562500e+00
1.285030126571655273e+00
4.054863929748535156e+00
8.018425703048706055e-01
4.243525028228759766e+00
5.245127677917480469e+00
4.069120407104492188e+00
3.952943086624145508e+00
1.007286429405212402e+00
4.010860919952392578e+00
9.799115657806396484e-01
3.385530948638916016e+00
3.007867813110351562e+00
8.026650428771972656e+00
8.105692863464355469e-01
2.627536773681640625e+00
2.550453424453735352e+00
2.360648393630981445e+00
4.345349311828613281e+00
1.924509525299072266e+00
5.411670207977294922e+00
2.278144598007202148e+00
9.863475799560546875e+00
1.402194857597351074e+00
7.373108267784118652e-01
2.736404180526733398e+00
8.005245923995971680e-01
3.084969520568847656e+00
6.807048797607421875e+00
2.304223537445068359e+00
2.144984006881713867e+00
1.518867850303649902e+00
8.072245121002197266e-01
1.362229466438293457e+00
1.042325115203857422e+01
2.039901494979858398e+00
1.290466785430908203e+00
7.976352572441101074e-01
4.503827095031738281e+00
1.711557388305664062e+00
1.545936584472656250e+00
7.944449782371520996e-01
2.710039138793945312e+00
8.022841215133666992e-01
2.189200878143310547e+00
8.039103150367736816e-01
3.708228111267089844e+00
7.998787164688110352e-01
7.902405261993408203e-01
2.688302755355834961e+00
3.936229467391967773e+00
2.220975399017333984e+00
1.427718400955200195e+00
1.707167983055114746e+00
4.158893585205078125e+00
3.518637418746948242e+00
2.528182268142700195e+00
3.496869802474975586e+00
1.476782441139221191e+00
2.120042324066162109e+00
5.391408443450927734e+00
1.671298146247863770e+00
1.450021147727966309e+00
1.119805693626403809e+00
8.006854057312011719e-01
5.552017211914062500e+00
1.196494936943054199e+00
7.971084117889404297e-01
4.614876747131347656e+00
7.575037002563476562e+00
4.265565872192382812e+00
3.412663698196411133e+00
1.978430747985839844e+00
2.923816442489624023e+00
1.810067415237426758e+00
7.066107392311096191e-01
1.938106417655944824e+00
1.556564450263977051e+00
2.610785722732543945e+00
1.671577095985412598e+00
2.593389272689819336e+00
8.003268241882324219e-01
4.524396896362304688e+00
8.030563592910766602e-01
4.004541397094726562e+00
7.475807666778564453e-01
7.965548038482666016e-01
8.017057180404663086e-01
8.745369911193847656e-01
3.391355276107788086e+00
2.220540761947631836e+00
1.300032734870910645e+00
2.361750125885009766e+00
2.769176483154296875e+00
3.437958240509033203e+00
2.424479007720947266e+00
2.882446527481079102e+00
8.087385296821594238e-01
2.544645309448242188e+00
2.111433982849121094e+00
3.987274885177612305e+00
1.824579238891601562e+00
8.113269805908203125e-01
7.480860352516174316e-01
2.579779386520385742e+00
5.662516593933105469e+00
2.422086238861083984e+00
2.149129152297973633e+00
3.356726408004760742e+00
2.428709030151367188e+00
7.989751696586608887e-01
2.355653524398803711e+00
1.973581910133361816e+00
4.579831600189208984e+00
8.036333918571472168e-01
2.428672075271606445e+00
4.316394329071044922e+00
3.096226215362548828e+00
5.926178455352783203e+00
7.967370748519897461e-01
2.124924898147583008e+00
3.326491832733154297e+00
2.761411190032958984e+00
4.023094654083251953e+00
2.653252601623535156e+00
8.023598194122314453e-01
4.492059707641601562e+00
2.832191944122314453e+00
1.251611471176147461e+00
2.662440776824951172e+00
2.841376781463623047e+00
1.276118159294128418e+00
8.077905774116516113e-01
4.016269683837890625e+00
2.152146816253662109e+00
2.077752828598022461e+00
8.098974227905273438e-01
3.858403682708740234e+00
1.999023079872131348e+00
8.051172494888305664e-01
7.984514236450195312e-01
6.330471038818359375e+00
8.047373294830322266e-01
8.183712959289550781e-01
1.590558290481567383e+00
2.047391891479492188e+00
8.171983957290649414e-01
1.344252824783325195e+00
4.364017963409423828e+00
3.895961046218872070e+00
2.157263278961181641e+00
4.051198482513427734e+00
2.731364727020263672e+00
7.712440490722656250e-01
6.992319822311401367e-01
5.043474197387695312e+00
2.190913438796997070e+00
2.175086975097656250e+00
4.536688327789306641e+00
3.225016593933105469e+00
8.129562139511108398e-01
8.045148849487304688e-01
2.022104501724243164e+00
8.020557165145874023e-01
2.641717433929443359e+00
1.220168471336364746e+00
3.811858654022216797e+00
8.088220953941345215e-01
2.188713073730468750e+00
1.464008331298828125e+00
2.236364126205444336e+00
2.004284620285034180e+00
4.378811359405517578e+00
1.077065467834472656e+01
4.982691287994384766e+00
8.064419627189636230e-01
8.068442344665527344e-01
5.106091022491455078e+00
1.371360301971435547e+00
2.800761699676513672e+00
1.593120694160461426e+00
1.752558708190917969e+00
3.126950263977050781e+00
3.535695552825927734e+00
4.349016189575195312e+00
7.958509922027587891e-01
7.959098219871520996e-01
2.073321342468261719e+00
4.739344596862792969e+00
4.923022270202636719e+00
5.390383720397949219e+00
5.144996166229248047e+00
2.418131828308105469e+00
3.364750385284423828e+00
5.240228652954101562e+00
6.075523376464843750e+00
1.325705170631408691e+00
8.189148902893066406e-01
2.969209194183349609e+00
2.220853090286254883e+00
4.155044555664062500e+00
2.255434989929199219e+00
1.824070453643798828e+00
7.955325841903686523e-01
8.037708997726440430e-01
2.568613290786743164e+00
3.471362829208374023e+00
3.922224998474121094e+00
4.174295902252197266e+00
2.314660549163818359e+00
2.585399866104125977e+00
7.960875034332275391e-01
7.921761274337768555e-01
2.187108993530273438e+00
9.670578956604003906e+00
3.753798484802246094e+00
7.455056190490722656e+00
2.147856235504150391e+00
2.044245719909667969e+00
1.299181103706359863e+00
1.831095814704895020e+00
8.032129406929016113e-01
4.561505794525146484e+00
1.523885011672973633e+00
8.376060724258422852e-01
1.356021642684936523e+00
2.844094514846801758e+00
2.383452892303466797e+00
8.096582293510437012e-01
1.080961585044860840e+00
2.313533306121826172e+00
4.097921371459960938e+00
1.919297933578491211e+00
1.959269404411315918e+00
2.483436107635498047e+00
1.241591095924377441e+00
1.618000030517578125e+00
3.025107383728027344e+00
3.943731546401977539e+00
2.107084751129150391e+00
3.951559543609619141e+00
8.032618761062622070e-01
7.992969155311584473e-01
4.720087528228759766e+00
1.797440767288208008e+00
3.965381145477294922e+00
9.632849693298339844e+00
1.077738761901855469e+00
2.561413049697875977e+00
1.831992268562316895e+00
1.260248184204101562e+00
1.297356128692626953e+00
8.107192516326904297e-01
9.611467361450195312e+00
5.342146873474121094e+00
2.615381479263305664e+00
2.919395208358764648e+00
5.710852146148681641e+00
5.858667373657226562e+00
8.242599368095397949e-01
7.102329254150390625e+00
1.218558311462402344e+00
8.013719916343688965e-01
1.952032208442687988e+00
3.011991500854492188e+00
7.974164485931396484e-01
4.835847854614257812e+00
5.788176536560058594e+00
8.476605415344238281e-01
4.145918369293212891e+00
4.348237991333007812e+00
5.138014316558837891e+00
8.360513687133789062e+00
1.267790794372558594e+00
1.991376996040344238e+00
1.067044448852539062e+01
1.451163291931152344e+00
8.076751232147216797e-01
1.070309543609619141e+01
1.064179658889770508e+00
4.475302696228027344e+00
1.894993066787719727e+00
2.348423957824707031e+00
8.349109888076782227e-01
8.181879520416259766e-01
1.071119880676269531e+01
1.870172619819641113e+00
6.184180736541748047e+00
6.438214778900146484e+00
1.473082423210144043e+00
8.006103038787841797e-01
8.590367436408996582e-01
7.938266992568969727e-01
8.067084550857543945e-01
3.126339912414550781e+00
8.134336471557617188e-01
7.963761687278747559e-01
3.575120925903320312e+00
1.478280663490295410e+00
2.097183227539062500e+00
7.937595844268798828e-01
8.132717013359069824e-01
7.977791428565979004e-01
8.238165974617004395e-01
1.802325367927551270e+00
3.986075401306152344e+00
2.642734050750732422e+00
2.332635641098022461e+00
1.390980243682861328e+00
7.966312170028686523e-01
4.035090446472167969e+00
3.865841388702392578e+00
8.286086320877075195e-01
4.850866317749023438e+00
8.077198863029479980e-01
2.588315010070800781e+00
1.459730863571166992e+00
2.047954559326171875e+00
3.734761953353881836e+00
2.030730247497558594e+00
7.996209859848022461e-01
5.444533824920654297e+00
2.068459749221801758e+00
2.638356924057006836e+00
8.051025867462158203e-01
8.048734068870544434e-01
1.709950327873229980e+00
4.945481777191162109e+00
4.226518154144287109e+00
1.484236001968383789e+00
7.014308571815490723e-01
3.835726737976074219e+00
3.556780815124511719e+00
3.688620567321777344e+00
3.209433555603027344e+00
1.945531010627746582e+00
6.445146083831787109e+00
8.749809265136718750e-01
3.318774223327636719e+00
7.969675660133361816e-01
7.152234315872192383e-01
3.200143337249755859e+00
8.006268739700317383e-01
1.564379811286926270e+00
9.368856430053710938e+00
1.561944842338562012e+00
3.488276004791259766e+00
1.887127280235290527e+00
1.368667483329772949e+00
2.644808530807495117e+00
2.918925285339355469e+00
7.967327833175659180e-01
2.097870588302612305e+00
5.231137752532958984e+00
2.768211364746093750e+00
1.863097190856933594e+00
1.384211063385009766e+00
1.404919385910034180e+00
2.258184194564819336e+00
3.616980552673339844e+00
7.984526157379150391e-01
4.548523902893066406e+00
3.305390357971191406e+00
3.237515687942504883e+00
3.853419780731201172e+00
2.075070142745971680e+00
9.396185278892517090e-01
4.678071022033691406e+00
5.532467365264892578e+00
3.341872930526733398e+00
8.042016029357910156e-01
4.373462200164794922e+00
1.246551752090454102e+00
7.941778302192687988e-01
3.598955154418945312e+00
1.764803767204284668e+00
1.980514883995056152e+00
2.661001205444335938e+00
3.260678529739379883e+00
2.072699785232543945e+00
2.742721796035766602e+00
3.270411729812622070e+00
1.508702635765075684e+00
2.179214954376220703e+00
3.084515094757080078e+00
2.071891069412231445e+00
2.034927606582641602e+00
2.951475858688354492e+00
2.410610675811767578e+00
2.841875314712524414e+00
1.978091239929199219e+00
7.927142977714538574e-01
3.108198642730712891e+00
3.834489345550537109e+00
7.075750827789306641e+00
6.545771121978759766e+00
1.197965860366821289e+00
7.322607636451721191e-01
4.746463775634765625e+00
3.724681854248046875e+00
9.353137016296386719e+00
2.358302116394042969e+00
5.606999397277832031e+00
1.921418905258178711e+00
1.451339721679687500e+00
1.412814855575561523e+00
1.040106892585754395e+00
5.944921970367431641e+00
2.542126893997192383e+00
7.249885559082031250e+00
5.659504890441894531e+00
8.035458922386169434e-01
3.965859889984130859e+00
6.979564666748046875e+00
2.226177930831909180e+00
4.575254917144775391e+00
3.676090240478515625e+00
8.246752619743347168e-01
1.598232150077819824e+00
4.351535320281982422e+00
4.597591400146484375e+00
8.903753280639648438e+00
2.297940969467163086e+00
8.047122359275817871e-01
8.092498779296875000e+00
7.591182708740234375e+00
2.177902221679687500e+00
8.088836073875427246e-01
1.507717370986938477e+00
3.624680519104003906e+00
3.063115119934082031e+00
2.282571077346801758e+00
1.443811178207397461e+00
1.984648346900939941e+00
4.240612983703613281e+00
8.001695871353149414e-01
1.044620513916015625e+01
9.084061622619628906e+00
5.625634193420410156e+00
1.878464698791503906e+00
2.794346570968627930e+00
3.886375665664672852e+00
1.055757284164428711e+00
1.335655212402343750e+00
7.973538637161254883e-01
1.201850175857543945e+00
7.901973128318786621e-01
2.108253717422485352e+00
3.437807321548461914e+00
8.788793087005615234e-01
7.983080148696899414e-01
4.911213397979736328e+00
4.345794677734375000e+00
2.738064765930175781e+00
7.922796607017517090e-01
6.621619224548339844e+00
4.395015239715576172e+00
3.335825681686401367e+00
8.150117993354797363e-01
3.123660564422607422e+00
2.367594003677368164e+00
2.911032915115356445e+00
1.444849729537963867e+00
8.139649629592895508e-01
2.607793331146240234e+00
5.325618267059326172e+00
1.475620031356811523e+00
7.994604110717773438e-01
1.297786831855773926e+00
5.683684349060058594e+00
1.908575415611267090e+00
8.146675229072570801e-01
2.902255773544311523e+00
1.078374862670898438e+01
2.733747959136962891e+00
2.819440603256225586e+00
6.078996658325195312e+00
2.053065538406372070e+00
8.086230754852294922e-01
1.939899325370788574e+00
4.538006782531738281e+00
6.737080216407775879e-01
2.958064794540405273e+00
7.971513271331787109e-01
8.030443191528320312e-01
1.000392913818359375e+01
8.019288778305053711e-01
8.075688481330871582e-01
2.291294097900390625e+00
1.965343475341796875e+00
3.308605670928955078e+00
3.519276857376098633e+00
7.952724099159240723e-01
1.554379582405090332e+00
9.351110458374023438e+00
1.815407633781433105e+00
8.656737804412841797e-01
4.699892044067382812e+00
8.038655519485473633e-01
1.139624238014221191e+00
4.495952606201171875e+00
1.092494249343872070e+00
2.322937250137329102e+00
2.750122070312500000e+00
8.514879941940307617e-01
7.982461452484130859e-01
2.734939813613891602e+00
8.153883218765258789e-01
6.495364189147949219e+00
1.466794490814208984e+00
5.947430133819580078e+00
8.333127498626708984e-01
2.980625152587890625e+00
1.585792541503906250e+00
7.956398725509643555e-01
2.975385665893554688e+00
2.605033874511718750e+00
1.884037971496582031e+00
2.435448408126831055e+00
3.757099628448486328e+00
1.310058832168579102e+00
4.925002098083496094e+00
7.995253801345825195e-01
8.021901845932006836e-01
2.304854869842529297e+00
7.957118749618530273e-01
6.033366203308105469e+00
1.254342317581176758e+00
1.080304265022277832e+00
8.027395606040954590e-01
1.604119062423706055e+00
3.175523042678833008e+00
8.444274067878723145e-01
4.062637329101562500e+00
2.764293670654296875e+00
1.071322536468505859e+01
8.056373596191406250e-01
8.020521402359008789e-01
5.528285503387451172e+00
2.936605930328369141e+00
8.003689646720886230e-01
8.067391514778137207e-01
2.373924255371093750e+00
2.094191789627075195e+00
2.680348157882690430e+00
1.137356996536254883e+00
3.261039495468139648e+00
1.408121943473815918e+00
2.377165555953979492e+00
2.334746360778808594e+00
6.356298923492431641e+00
8.171310424804687500e-01
2.107551813125610352e+00
9.912694931030273438e+00
1.340833067893981934e+00
1.197112083435058594e+00
8.400350570678710938e+00
7.995667457580566406e-01
7.984647750854492188e-01
3.406999349594116211e+00
3.452645778656005859e+00
7.187892913818359375e+00
8.139422535896301270e-01
7.935838699340820312e-01
2.045603275299072266e+00
3.641604900360107422e+00
4.352913379669189453e+00
7.976541519165039062e-01
5.272632122039794922e+00
3.301717281341552734e+00
1.022797107696533203e+00
7.969380617141723633e-01
7.403988838195800781e+00
8.074587583541870117e-01
8.020496368408203125e-01
2.000961542129516602e+00
4.119068622589111328e+00
3.848249912261962891e+00
2.499125957489013672e+00
1.974926829338073730e+00
7.174685001373291016e-01
2.324429988861083984e+00
1.286906599998474121e+00
8.907022476196289062e-01
3.834643602371215820e+00
3.189853191375732422e+00
1.581426262855529785e+00
4.463293075561523438e+00
1.989002346992492676e+00
8.003145456314086914e-01
4.848735332489013672e+00
1.466649055480957031e+00
2.995758533477783203e+00
8.248894214630126953e-01
4.092590332031250000e+00
8.073846101760864258e-01
8.033545613288879395e-01
2.437555789947509766e+00
8.017207980155944824e-01
3.722239971160888672e+00
2.561146497726440430e+00
2.116149902343750000e+00
1.085776925086975098e+00
6.670750617980957031e+00
2.053426742553710938e+00
2.580154418945312500e+00
1.567560791969299316e+00
9.042050361633300781e+00
2.591156482696533203e+00
8.166882395744323730e-01
2.289094686508178711e+00
1.954249382019042969e+00
4.665831089019775391e+00
9.670420646667480469e+00
6.440824985504150391e+00
1.857330918312072754e+00
1.110596060752868652e+00
3.528469324111938477e+00
3.633648395538330078e+00
8.240135192871093750e+00
3.518619537353515625e+00
9.928703308105468750e+00
3.200869321823120117e+00
4.018275737762451172e+00
2.107529878616333008e+00
1.526343822479248047e+00
1.335186004638671875e+00
1.346922874450683594e+00
7.985251545906066895e-01
3.876002788543701172e+00
3.294677972793579102e+00
2.287908315658569336e+00
8.006930351257324219e-01
8.058900833129882812e-01
3.432053565979003906e+00
2.976692199707031250e+00
8.023246526718139648e-01
7.983083724975585938e-01
1.038471460342407227e+00
3.141283512115478516e+00
8.001598119735717773e-01
4.283094406127929688e+00
3.482216119766235352e+00
8.724524974822998047e-01
1.018771553039550781e+01
6.750473022460937500e+00
7.962944507598876953e-01
2.637478113174438477e+00
7.581040263175964355e-01
2.141652107238769531e+00
7.971167564392089844e-01
1.386929750442504883e+00
8.156712055206298828e-01
3.504784345626831055e+00
3.501796722412109375e+00
2.507754325866699219e+00
5.131440162658691406e+00
4.291139602661132812e+00
7.944567203521728516e-01
2.014617919921875000e+00
1.085317015647888184e+00
1.996895909309387207e+00
3.161324739456176758e+00
4.088285446166992188e+00
6.736812591552734375e+00
1.524336338043212891e+00
4.426576614379882812e+00
1.093013405799865723e+00
1.947235703468322754e+00
2.094001293182373047e+00
8.015828728675842285e-01
6.056067466735839844e+00
1.105980753898620605e+00
2.456649541854858398e+00
9.145445823669433594e-01
4.062595367431640625e+00
7.966551184654235840e-01
2.711490392684936523e+00
7.994226217269897461e-01
4.214679718017578125e+00
4.266584873199462891e+00
1.186990618705749512e+00
8.174844384193420410e-01
7.998986244201660156e-01
2.360332965850830078e+00
4.432823657989501953e+00
7.952926754951477051e-01
2.463825225830078125e+00
3.176994562149047852e+00
5.630783557891845703e+00
8.072102069854736328e-01
2.264357089996337891e+00
7.541539192199707031e+00
3.516117095947265625e+00
1.223256707191467285e+00
8.029765486717224121e-01
3.187158823013305664e+00
2.116705894470214844e+00
8.064194917678833008e-01
3.517310142517089844e+00
2.327751398086547852e+00
1.116438627243041992e+00
1.107969284057617188e+00
1.637865066528320312e+00
3.194368839263916016e+00
8.014691472053527832e-01
2.625786781311035156e+00
8.143356442451477051e-01
2.193356513977050781e+00
2.403533697128295898e+00
7.064578056335449219e+00
8.258121013641357422e-01
2.053088903427124023e+00
3.075439691543579102e+00
5.184372425079345703e+00
4.543925285339355469e+00
1.725369215011596680e+00
1.000197315216064453e+01
2.008558988571166992e+00
2.859167814254760742e+00
9.561565399169921875e+00
1.798823356628417969e+00
1.605862498283386230e+00
1.006222248077392578e+00
1.631408214569091797e+00
3.297536134719848633e+00
4.541193485260009766e+00
7.996466159820556641e-01
2.255567550659179688e+00
7.967153787612915039e-01
8.270871043205261230e-01
2.302760601043701172e+00
3.723490715026855469e+00
5.796021461486816406e+00
3.719588041305541992e+00
1.040370941162109375e+00
1.404514312744140625e+00
2.738154649734497070e+00
2.828082799911499023e+00
4.185863494873046875e+00
1.424249649047851562e+00
7.978494763374328613e-01
2.475929021835327148e+00
8.087357282638549805e-01
1.442044138908386230e+00
1.743361592292785645e+00
1.057148361206054688e+01
1.775613188743591309e+00
1.018034934997558594e+00
2.084564208984375000e+00
3.645446300506591797e+00
3.489207506179809570e+00
3.609222888946533203e+00
7.592682838439941406e+00
1.890203118324279785e+00
2.098347902297973633e+00
3.493052959442138672e+00
8.482460975646972656e-01
4.052202224731445312e+00
7.971088290214538574e-01
2.689270734786987305e+00
3.238353729248046875e+00
3.348968982696533203e+00
7.991172075271606445e-01
1.928496479988098145e+00
7.983700633049011230e-01
3.095132827758789062e+00
3.142643451690673828e+00
8.346135020256042480e-01
3.509015321731567383e+00
1.021143722534179688e+01
7.979333400726318359e-01
3.041585683822631836e+00
9.858206748962402344e+00
1.939740896224975586e+00
4.414546966552734375e+00
1.422768235206604004e+00
5.058684825897216797e+00
2.740474939346313477e+00
2.650404930114746094e+00
2.787519931793212891e+00
3.359025478363037109e+00
5.180834293365478516e+00
4.344758987426757812e+00
6.705962181091308594e+00
1.495972275733947754e+00
2.558380603790283203e+00
4.904605388641357422e+00
1.230274319648742676e+00
8.010884523391723633e-01
8.470891714096069336e-01
1.947667360305786133e+00
2.121991872787475586e+00
1.470194816589355469e+00
8.259602785110473633e-01
5.602603435516357422e+00
4.226565361022949219e+00
9.333271980285644531e-01
1.443018078804016113e+00
3.045479059219360352e+00
2.274992704391479492e+00
2.011683702468872070e+00
7.028297901153564453e+00
1.491803288459777832e+00
1.869236707687377930e+00
4.497323036193847656e+00
2.269091844558715820e+00
1.635095834732055664e+00
6.267672061920166016e+00
7.988078594207763672e-01
1.804482817649841309e+00
7.977865338325500488e-01
1.976802468299865723e+00
4.441591262817382812e+00
4.769596576690673828e+00
3.383539438247680664e+00
2.751734256744384766e+00
5.043906211853027344e+00
7.977272272109985352e-01
8.692783713340759277e-01
3.119615077972412109e+00
1.019256496429443359e+01
7.949180603027343750e-01
3.585320472717285156e+00
8.537021636962890625e+00
8.050997853279113770e-01
3.270470142364501953e+00
1.466822147369384766e+00
8.006983995437622070e-01
8.009442687034606934e-01
7.964395880699157715e-01
1.484347701072692871e+00
6.774474143981933594e+00
1.216855525970458984e+00
9.774686813354492188e+00
3.872473239898681641e+00
1.187852382659912109e+00
3.928970098495483398e+00
8.102090358734130859e-01
1.555550456047058105e+00
7.958070635795593262e-01
5.042161941528320312e+00
1.222160816192626953e+00
3.080010175704956055e+00
2.240510702133178711e+00
1.254344701766967773e+00
3.724190235137939453e+00
4.494622707366943359e+00
6.321039199829101562e+00
9.397337436676025391e-01
8.018633127212524414e-01
8.157720565795898438e-01
2.701036930084228516e+00
6.376218795776367188e+00
6.200993537902832031e+00
3.534167766571044922e+00
1.509523034095764160e+00
8.181951642036437988e-01
8.015645742416381836e-01
8.129161596298217773e-01
7.284079551696777344e+00
4.488428592681884766e+00
7.990698218345642090e-01
7.603676795959472656e+00
1.256487846374511719e+00
3.516369819641113281e+00
2.140067338943481445e+00
2.122180461883544922e+00
2.001728534698486328e+00
2.333859920501708984e+00
7.964612841606140137e-01
2.408044815063476562e+00
1.958468914031982422e+00
4.775718212127685547e+00
5.455624580383300781e+00
1.486425995826721191e+00
2.253576993942260742e+00
3.908966064453125000e+00
7.966445088386535645e-01
1.527488708496093750e+00
2.883072614669799805e+00
4.166920661926269531e+00
3.490579366683959961e+00
8.221420645713806152e-01
1.552120923995971680e+00
7.808070182800292969e-01
3.643565177917480469e+00
8.150342702865600586e-01
1.040413856506347656e+01
3.106341838836669922e+00
8.010496497154235840e-01
1.649779558181762695e+00
7.542291879653930664e-01
1.837939023971557617e+00
2.021129131317138672e+00
8.181815743446350098e-01
2.047536134719848633e+00
6.030758857727050781e+00
8.020790219306945801e-01
4.775751113891601562e+00
6.405030250549316406e+00
8.006284832954406738e-01
8.086597919464111328e-01
1.380742073059082031e+00
2.209886789321899414e+00
7.961472272872924805e-01
2.292130231857299805e+00
6.224882602691650391e+00
1.031821060180664062e+01
6.352388858795166016e+00
3.844573259353637695e+00
4.129962444305419922e+00
8.027616143226623535e-01
2.015277624130249023e+00
1.189349651336669922e+00
8.082711696624755859e-01
1.918624639511108398e+00
5.050928592681884766e+00
8.018262982368469238e-01
1.391181111335754395e+00
7.221294045448303223e-01
4.157712459564208984e+00
1.014799594879150391e+01
3.123955726623535156e+00
8.080389499664306641e-01
7.973451614379882812e-01
7.955675125122070312e-01
3.364860773086547852e+00
8.123370170593261719e+00
3.666718006134033203e+00
1.808869957923889160e+00
1.906969189643859863e+00
4.318919658660888672e+00
2.416234970092773438e+00
1.919461369514465332e+00
1.266357660293579102e+00
8.040142059326171875e-01
1.692513465881347656e+00
8.368596434593200684e-01
2.644030570983886719e+00
1.390993118286132812e+00
1.030686759948730469e+01
8.381833434104919434e-01
5.518579483032226562e+00
3.627159357070922852e+00
5.808964252471923828e+00
9.126550674438476562e+00
3.973365068435668945e+00
8.067168593406677246e-01
1.966928839683532715e+00
3.844871044158935547e+00
1.140026092529296875e+00
1.453221559524536133e+00
3.852572917938232422e+00
2.685065269470214844e+00
2.848543882369995117e+00
3.551149368286132812e+00
1.096400022506713867e+00
7.939873933792114258e-01
8.051891326904296875e-01
1.311487555503845215e+00
7.981445789337158203e-01
5.177111625671386719e+00
1.268046617507934570e+00
7.795210838317871094e+00
1.230665802955627441e+00
3.826240777969360352e+00
8.140343427658081055e-01
4.967766761779785156e+00
1.847519278526306152e+00
8.143644332885742188e-01
2.251168251037597656e+00
2.243690729141235352e+00
4.917059898376464844e+00
2.328661203384399414e+00
1.975656628608703613e+00
1.560876250267028809e+00
6.627276897430419922e+00
7.971999645233154297e-01
2.559151649475097656e+00
8.103922009468078613e-01
3.403071165084838867e+00
1.064528226852416992e+00
3.665534973144531250e+00
8.141024112701416016e-01
3.220045089721679688e+00
8.186140656471252441e-01
7.940578460693359375e-01
1.961494803428649902e+00
5.423779010772705078e+00
3.715754032135009766e+00
1.722785592079162598e+00
1.437951683998107910e+00
1.005925273895263672e+01
5.024717807769775391e+00
8.049785494804382324e-01
1.829111695289611816e+00
4.877016544342041016e+00
2.213409662246704102e+00
1.654244661331176758e+00
4.704391002655029297e+00
2.429566144943237305e+00
2.678094387054443359e+00
2.843241214752197266e+00
8.041647911071777344e+00
7.997003793716430664e-01
8.805290460586547852e-01
4.210566997528076172e+00
6.097843170166015625e+00
6.415772914886474609e+00
1.063181114196777344e+01
1.115275740623474121e+00
8.068341016769409180e-01
9.279692649841308594e+00
1.547173738479614258e+00
7.964584827423095703e-01
3.069370746612548828e+00
8.174076080322265625e-01
3.961486101150512695e+00
2.537596464157104492e+00
6.193090438842773438e+00
4.707308292388916016e+00
2.810640096664428711e+00
6.939297914505004883e-01
2.832367658615112305e+00
3.985861301422119141e+00
8.106681704521179199e-01
8.007142543792724609e-01
1.489232659339904785e+00
7.644029855728149414e-01
2.616195201873779297e+00
1.270051240921020508e+00
2.275892019271850586e+00
9.215615987777709961e-01
7.963265180587768555e-01
7.979078292846679688e-01
2.746455430984497070e+00
2.600848913192749023e+00
2.607223272323608398e+00
3.114364862442016602e+00
4.089341163635253906e+00
9.685511589050292969e-01
7.996950149536132812e-01
1.402323246002197266e+00
1.912561893463134766e+00
1.222530364990234375e+00
2.854514837265014648e+00
8.013289570808410645e-01
2.088322877883911133e+00
8.027719259262084961e-01
2.766701221466064453e+00
8.189213275909423828e-01
4.849514484405517578e+00
3.195281744003295898e+00
3.629891872406005859e+00
1.335853576660156250e+00
1.290779948234558105e+00
7.962157130241394043e-01
1.821494460105895996e+00
2.372810125350952148e+00
2.533446311950683594e+00
1.568238496780395508e+00
2.377740621566772461e+00
8.032321929931640625e-01
2.669953346252441406e+00
6.925049304962158203e+00
8.066788911819458008e-01
3.915370464324951172e+00
3.096848964691162109e+00
8.060260415077209473e-01
4.944500923156738281e+00
2.738906383514404297e+00
2.487848281860351562e+00
2.820003032684326172e+00
2.338431358337402344e+00
8.009968996047973633e-01
2.325066089630126953e+00
1.257872343063354492e+00
3.328916788101196289e+00
2.091489553451538086e+00
2.366272449493408203e+00
8.441046714782714844e+00
8.085970878601074219e-01
4.636054992675781250e+00
3.607198953628540039e+00
8.226320147514343262e-01
1.003736734390258789e+00
2.308726072311401367e+00
4.061885833740234375e+00
1.698675632476806641e+00
1.016515159606933594e+01
2.271895408630371094e+00
2.133344888687133789e+00
3.982487440109252930e+00
8.491355776786804199e-01
3.758618593215942383e+00
3.120288848876953125e+00
2.221187829971313477e+00
6.292976379394531250e+00
7.929919958114624023e-01
7.976019382476806641e-01
2.154506921768188477e+00
8.184714913368225098e-01
8.123906254768371582e-01
6.218248844146728516e+00
2.620147466659545898e+00
8.021391630172729492e-01
5.002398014068603516e+00
6.164813041687011719e+00
8.546866774559020996e-01
2.268373489379882812e+00
8.078911304473876953e-01
1.353760480880737305e+00
7.975214719772338867e-01
2.606134653091430664e+00
2.143410921096801758e+00
4.929057121276855469e+00
1.378126382827758789e+00
2.147920370101928711e+00
2.135746479034423828e+00
2.276991605758666992e+00
8.658419847488403320e-01
6.619413852691650391e+00
3.669349193572998047e+00
7.073825001716613770e-01
7.970928549766540527e-01
3.515798568725585938e+00
9.083864212036132812e+00
7.956418991088867188e-01
4.846119880676269531e+00
8.268730044364929199e-01
3.081070661544799805e+00
2.883258819580078125e+00
8.006333112716674805e-01
2.771529197692871094e+00
3.643869161605834961e+00
3.878309249877929688e+00
4.425680637359619141e+00
3.132640361785888672e+00
9.956513047218322754e-01
3.331438302993774414e+00
6.201162815093994141e+00
8.334624171257019043e-01
2.996495723724365234e+00
1.435834765434265137e+00
2.395203113555908203e+00
8.037025332450866699e-01
6.543063640594482422e+00
1.510653853416442871e+00
7.964799404144287109e-01
5.808119773864746094e+00
2.201174259185791016e+00
6.673532485961914062e+00
1.854020595550537109e+00
5.703670501708984375e+00
3.168767929077148438e+00
4.245865821838378906e+00
1.355585098266601562e+00
2.841205358505249023e+00
3.516948223114013672e+00
2.194098949432373047e+00
7.936704754829406738e-01
2.766247749328613281e+00
2.064048767089843750e+00
5.195591449737548828e+00
7.680938720703125000e+00
6.753868579864501953e+00
2.758033514022827148e+00
1.185978889465332031e+00
5.097663879394531250e+00
2.061794042587280273e+00
4.135002136230468750e+00
2.157572269439697266e+00
2.745092868804931641e+00
8.098838329315185547e-01
7.970877885818481445e-01
1.040608406066894531e+00
3.756571054458618164e+00
7.950949668884277344e-01
8.151838183403015137e-01
2.924039840698242188e+00
8.022153377532958984e-01
8.116357922554016113e-01
1.109900951385498047e+00
1.049936103820800781e+01
6.849229812622070312e+00
3.692198991775512695e+00
2.068974494934082031e+00
3.265361547470092773e+00
2.084981679916381836e+00
3.046123743057250977e+00
7.893758773803710938e+00
8.150413036346435547e-01
3.536206483840942383e+00
3.897831916809082031e+00
1.502394914627075195e+00
2.078857421875000000e+00
1.011427021026611328e+01
4.688130378723144531e+00
2.833576440811157227e+00
1.253544569015502930e+00
4.109469890594482422e+00
7.987639904022216797e-01
8.505801200866699219e+00
6.874240875244140625e+00
3.053514003753662109e+00
8.049123883247375488e-01
9.659788608551025391e-01
7.211790084838867188e-01
4.629999637603759766e+00
7.093099355697631836e-01
2.912794113159179688e+00
1.711241960525512695e+00
1.594866394996643066e+00
2.255871534347534180e+00
4.603217601776123047e+00
7.235757112503051758e-01
1.436404824256896973e+00
1.489730358123779297e+00
1.933485627174377441e+00
3.895665645599365234e+00
8.136525154113769531e-01
2.726262092590332031e+00
3.680174350738525391e+00
1.980530500411987305e+00
4.579151153564453125e+00
1.311712741851806641e+00
7.961914539337158203e-01
7.987321615219116211e-01
4.164197921752929688e+00
1.364469170570373535e+00
1.395645618438720703e+00
8.030756115913391113e-01
8.605797290802001953e-01
4.280808448791503906e+00
3.058237791061401367e+00
3.465161800384521484e+00
5.353535175323486328e+00
2.818099021911621094e+00
2.565057277679443359e+00
7.955631613731384277e-01
8.115779161453247070e-01
4.542398929595947266e+00
7.992858886718750000e-01
4.776570320129394531e+00
7.053991556167602539e-01
1.309721350669860840e+00
8.008860945701599121e-01
8.143069148063659668e-01
3.719092845916748047e+00
2.100151062011718750e+00
3.641319990158081055e+00
2.181081295013427734e+00
9.363606452941894531e+00
2.312411785125732422e+00
1.078225517272949219e+01
7.980349659919738770e-01
4.446353912353515625e+00
6.465167045593261719e+00
1.938773393630981445e+00
5.649827003479003906e+00
8.425303697586059570e-01
1.873899817466735840e+00
6.787610054016113281e+00
1.860398888587951660e+00
4.811450004577636719e+00
6.035240173339843750e+00
2.084845781326293945e+00
8.201258778572082520e-01
4.314351081848144531e+00
4.377856254577636719e+00
8.513251543045043945e-01
2.639936923980712891e+00
2.651257276535034180e+00
2.812269449234008789e+00
5.055938720703125000e+00
2.770836591720581055e+00
3.035186767578125000e+00
9.786461591720581055e-01
1.535039305686950684e+00
7.905919551849365234e-01
4.778584003448486328e+00
6.244214057922363281e+00
5.107384204864501953e+00
6.790552139282226562e-01
7.953709363937377930e-01
8.144191503524780273e-01
8.053665161132812500e-01
1.285113096237182617e+00
1.326552629470825195e+00
7.993309497833251953e-01
2.897800445556640625e+00
7.316450119018554688e+00
7.998800277709960938e-01
3.968164443969726562e+00
4.306702136993408203e+00
2.768521070480346680e+00
1.399850845336914062e+00
3.463723182678222656e+00
3.902015686035156250e+00
4.317691802978515625e+00
6.589432716369628906e+00
8.014504909515380859e-01
2.486331462860107422e+00
2.390948057174682617e+00
3.469358205795288086e+00
2.125533103942871094e+00
2.241887092590332031e+00
1.393015861511230469e+00
4.718595504760742188e+00
8.234171867370605469e-01
3.733995676040649414e+00
3.220484018325805664e+00
3.138698101043701172e+00
1.629967927932739258e+00
1.417289853096008301e+00
1.612649202346801758e+00
8.241528868675231934e-01
2.287873268127441406e+00
3.549345016479492188e+00
1.257483482360839844e+00
1.389800786972045898e+00
1.621667504310607910e+00
3.228930950164794922e+00
4.451769828796386719e+00
3.167555332183837891e+00
3.366880178451538086e+00
8.270245552062988281e+00
3.145720243453979492e+00
2.126225948333740234e+00
2.073622941970825195e+00
3.681469678878784180e+00
8.079047203063964844e-01
2.091684818267822266e+00
7.965819835662841797e-01
7.898233532905578613e-01
2.559615135192871094e+00
1.619266867637634277e+00
8.007478117942810059e-01
9.691596984863281250e+00
3.085628747940063477e+00
6.772906184196472168e-01
7.982071638107299805e-01
4.129272460937500000e+00
1.330342769622802734e+00
2.328642368316650391e+00
6.487602233886718750e+00
3.395413637161254883e+00
2.408154249191284180e+00
5.176651954650878906e+00
8.002513647079467773e-01
2.073275566101074219e+00
6.084012508392333984e+00
1.940231323242187500e+00
4.607004642486572266e+00
8.036633729934692383e-01
8.301880359649658203e-01
8.057562708854675293e-01
2.208816289901733398e+00
1.413418531417846680e+00
3.633014917373657227e+00
5.285744190216064453e+00
3.762361526489257812e+00
5.563526153564453125e+00
7.968050241470336914e-01
3.535980939865112305e+00
1.186187863349914551e+00
5.125241279602050781e+00
3.587888002395629883e+00
1.386583447456359863e+00
1.566444873809814453e+00
3.443050384521484375e+00
1.405883193016052246e+00
6.273116111755371094e+00
6.490398406982421875e+00
6.796886920928955078e-01
8.713535070419311523e-01
1.501061081886291504e+00
3.410190820693969727e+00
2.212538480758666992e+00
3.289510726928710938e+00
3.473856925964355469e+00
8.078014850616455078e-01
4.610248565673828125e+00
1.418812751770019531e+00
8.363385796546936035e-01
4.675621032714843750e+00
2.815824747085571289e+00
2.320073604583740234e+00
9.245571136474609375e+00
1.545794129371643066e+00
7.998049259185791016e-01
2.053975105285644531e+00
8.001403808593750000e-01
4.110691070556640625e+00
2.908898353576660156e+00
1.589970469474792480e+00
1.366786122322082520e+00
4.487802505493164062e+00
6.578848361968994141e+00
1.283084750175476074e+00
2.923120260238647461e+00
1.463103175163269043e+00
2.267937183380126953e+00
7.356034517288208008e-01
7.186810493469238281e+00
2.905376195907592773e+00
8.183650374412536621e-01
5.241885185241699219e+00
2.434308290481567383e+00
2.799884319305419922e+00
2.690165042877197266e+00
7.969259023666381836e-01
1.325846195220947266e+00
6.195693969726562500e+00
1.945149302482604980e+00
8.054189682006835938e-01
2.481566429138183594e+00
4.777899742126464844e+00
1.453211665153503418e+00
1.343231439590454102e+00
3.272770166397094727e+00
2.358491420745849609e+00
1.704606533050537109e+00
8.019914627075195312e-01
8.032352328300476074e-01
2.159136056900024414e+00
6.312624454498291016e+00
5.481942176818847656e+00
2.434848308563232422e+00
3.155703544616699219e+00
4.869373321533203125e+00
3.206001281738281250e+00
1.444722414016723633e+00
7.997038364410400391e-01
8.016686439514160156e-01
1.292330741882324219e+00
2.902506589889526367e+00
5.696331977844238281e+00
5.172806739807128906e+00
3.073581457138061523e+00
2.283161163330078125e+00
1.748711109161376953e+00
8.012454509735107422e-01
2.326856613159179688e+00
2.758559703826904297e+00
3.023210287094116211e+00
1.906619906425476074e+00
8.264146447181701660e-01
7.951585054397583008e-01
6.931417465209960938e+00
5.182067871093750000e+00
2.552352428436279297e+00
3.104945659637451172e+00
5.799334526062011719e+00
3.118789196014404297e+00
1.744318842887878418e+00
1.885679364204406738e+00
8.175606131553649902e-01
1.806076407432556152e+00
4.404069423675537109e+00
2.875415086746215820e+00
1.737510561943054199e+00
4.223843097686767578e+00
8.066531419754028320e-01
9.998586654663085938e+00
8.012099862098693848e-01
3.612380981445312500e+00
1.731110572814941406e+00
2.510548353195190430e+00
3.194820404052734375e+00
4.292905807495117188e+00
7.587304115295410156e-01
2.718390703201293945e+00
8.029620051383972168e-01
8.231179714202880859e-01
1.473757863044738770e+00
2.505845308303833008e+00
8.647540807723999023e-01
2.980156898498535156e+00
1.907055735588073730e+00
2.067913055419921875e+00
1.843336582183837891e+00
3.558906316757202148e+00
8.549021482467651367e-01
2.145428657531738281e+00
6.338580131530761719e+00
1.088028669357299805e+00
2.107293367385864258e+00
2.805570363998413086e+00
2.099407911300659180e+00
8.034524321556091309e-01
3.359066486358642578e+00
1.208586573600769043e+00
1.412392377853393555e+00
8.334336280822753906e+00
7.723921537399291992e-01
1.745448470115661621e+00
5.489016532897949219e+00
2.898222684860229492e+00
3.049633979797363281e+00
8.481004714965820312e+00
7.981891632080078125e-01
5.632867813110351562e+00
2.747340917587280273e+00
3.129910469055175781e+00
2.001822948455810547e+00
8.051363825798034668e-01
7.960616350173950195e-01
2.047365903854370117e+00
7.980501651763916016e-01
5.092941284179687500e+00
2.685693025588989258e+00
2.291930675506591797e+00
6.475720405578613281e+00
4.490773200988769531e+00
5.044449806213378906e+00
3.927325963973999023e+00
8.007452487945556641e-01
1.479980826377868652e+00
2.730273246765136719e+00
3.424793243408203125e+00
7.976769804954528809e-01
2.343793153762817383e+00
4.318658351898193359e+00
1.313493847846984863e+00
2.443121433258056641e+00
3.095279455184936523e+00
2.085716724395751953e+00
5.320418357849121094e+00
2.561344385147094727e+00
7.299663424491882324e-01
4.466366291046142578e+00
2.198330402374267578e+00
7.962434291839599609e-01
1.405374407768249512e+00
2.413102626800537109e+00
3.798540592193603516e+00
1.494596481323242188e+00
1.463385343551635742e+00
7.972971796989440918e-01
8.832514286041259766e-01
2.334631443023681641e+00
6.754616498947143555e-01
1.186776638031005859e+00
4.150557994842529297e+00
2.761411905288696289e+00
8.018430471420288086e-01
1.914459824562072754e+00
6.115904331207275391e+00
2.438502073287963867e+00
2.046558141708374023e+00
3.557513952255249023e+00
6.506115436553955078e+00
1.943723797798156738e+00
5.281705379486083984e+00
7.972092032432556152e-01
3.032730817794799805e+00
3.364567995071411133e+00
8.140891790390014648e-01
8.066334128379821777e-01
8.019289970397949219e-01
8.425261378288269043e-01
3.875217437744140625e+00
3.663110733032226562e+00
5.511647701263427734e+00
2.758849143981933594e+00
1.022333145141601562e+01
1.296128392219543457e+00
1.383931636810302734e+00
7.806597709655761719e+00
3.242025613784790039e+00
7.637938022613525391e+00
6.294568061828613281e+00
4.929626941680908203e+00
3.757556676864624023e+00
8.167443275451660156e-01
1.688263058662414551e+00
2.274622678756713867e+00
2.773089885711669922e+00
1.350847244262695312e+00
1.819018483161926270e+00
2.365472793579101562e+00
3.179508209228515625e+00
2.342550516128540039e+00
8.086280226707458496e-01
8.617843627929687500e+00
8.062878847122192383e-01
4.092932224273681641e+00
1.149829387664794922e+00
2.587986230850219727e+00
7.987584471702575684e-01
1.845188379287719727e+00
8.003349900245666504e-01
2.304394483566284180e+00
4.254326343536376953e+00
7.951204776763916016e-01
2.572236299514770508e+00
3.724603414535522461e+00
7.956799268722534180e-01
3.425489425659179688e+00
4.309194087982177734e+00
2.307261466979980469e+00
1.401656866073608398e+00
6.792490005493164062e+00
4.959862709045410156e+00
2.665189266204833984e+00
5.481920719146728516e+00
7.728058099746704102e-01
1.864464402198791504e+00
2.521247863769531250e+00
1.919293284416198730e+00
1.104874968528747559e+00
4.470121383666992188e+00
7.980929017066955566e-01
1.537333607673645020e+00
3.358530521392822266e+00
3.773043394088745117e+00
8.049507141113281250e-01
2.752987861633300781e+00
7.403340339660644531e-01
4.592263221740722656e+00
2.207544326782226562e+00
8.101061582565307617e-01
4.495574474334716797e+00
3.319163322448730469e+00
3.576412916183471680e+00
1.971860647201538086e+00
5.470375537872314453e+00
5.455969333648681641e+00
4.876305580139160156e+00
7.951860427856445312e-01
2.545517206192016602e+00
1.848407626152038574e+00
3.022719144821166992e+00
1.958930015563964844e+00
1.007644557952880859e+01
1.023887920379638672e+01
2.567624092102050781e+00
8.598547935485839844e+00
9.446998834609985352e-01
7.468969345092773438e+00
2.027027368545532227e+00
2.293727159500122070e+00
3.222278833389282227e+00
8.014455437660217285e-01
8.334155678749084473e-01
1.943312525749206543e+00
2.455094337463378906e+00
3.425107717514038086e+00
7.561753273010253906e+00
8.029584884643554688e-01
1.364165663719177246e+00
2.156913995742797852e+00
6.247584342956542969e+00
1.387930035591125488e+00
1.070249271392822266e+01
1.543067693710327148e+00
6.022800445556640625e+00
1.337898612022399902e+00
9.422077178955078125e+00
2.714669704437255859e+00
5.817537307739257812e+00
7.988721728324890137e-01
1.081270813941955566e+00
5.356172561645507812e+00
3.246680974960327148e+00
7.989077568054199219e-01
1.073088359832763672e+01
3.490668296813964844e+00
2.657666206359863281e+00
4.385891437530517578e+00
1.181354761123657227e+00
2.121330738067626953e+00
2.587378263473510742e+00
4.185771465301513672e+00
1.035998535156250000e+01
8.815388679504394531e-01
4.129097938537597656e+00
8.017814755439758301e-01
8.084771633148193359e-01
3.094483137130737305e+00
8.213979005813598633e-01
3.700374126434326172e+00
7.957086563110351562e-01
3.601353168487548828e+00
7.968150138854980469e+00
8.104620575904846191e-01
1.077746582031250000e+01
3.175511121749877930e+00
5.058876991271972656e+00
2.688635110855102539e+00
5.217080593109130859e+00
8.009039759635925293e-01
4.569067955017089844e+00
2.416557073593139648e+00
2.751468896865844727e+00
3.142660856246948242e+00
8.004653453826904297e-01
1.269178748130798340e+00
8.123589158058166504e-01
6.866078376770019531e-01
2.687432289123535156e+00
2.187248945236206055e+00
4.127197265625000000e+00
1.724339127540588379e+00
8.291544914245605469e-01
5.063218593597412109e+00
3.568897962570190430e+00
8.864777684211730957e-01
3.479536533355712891e+00
2.771148443222045898e+00
8.016218543052673340e-01
2.757184028625488281e+00
4.578021049499511719e+00
8.012199401855468750e-01
2.637902975082397461e+00
8.083831071853637695e-01
1.540907979011535645e+00
2.538511991500854492e+00
6.062451839447021484e+00
4.259284019470214844e+00
2.601824998855590820e+00
1.068416833877563477e+00
7.972301840782165527e-01
7.737583518028259277e-01
7.981872558593750000e-01
1.932399749755859375e+00
8.773670196533203125e+00
7.674505710601806641e-01
8.060920238494873047e-01
2.406185626983642578e+00
8.359047770500183105e-01
2.300868988037109375e+00
2.206068038940429688e+00
2.482844352722167969e+00
4.419505596160888672e+00
2.969648361206054688e+00
1.378554821014404297e+00
7.956873178482055664e-01
5.212799072265625000e+00
4.341454029083251953e+00
6.469856262207031250e+00
1.919813513755798340e+00
7.976446151733398438e-01
3.071692705154418945e+00
2.440826654434204102e+00
7.996128797531127930e-01
2.944864988327026367e+00
7.975189089775085449e-01
3.231294631958007812e+00
8.568022251129150391e-01
4.807544231414794922e+00
1.356228828430175781e+00
7.475383877754211426e-01
8.006340265274047852e-01
1.325927019119262695e+00
2.055238246917724609e+00
1.428968071937561035e+00
4.447409629821777344e+00
3.138744831085205078e+00
7.975809574127197266e-01
1.447333693504333496e+00
8.076839447021484375e-01
5.469580173492431641e+00
2.102435588836669922e+00
2.938745975494384766e+00
1.868596792221069336e+00
4.964591979980468750e+00
7.398861885070800781e+00
2.801775217056274414e+00
1.839508414268493652e+00
1.442158818244934082e+00
2.797142505645751953e+00
9.959413528442382812e+00
8.985580444335937500e+00
7.765346765518188477e-01
4.274713993072509766e+00
2.309826612472534180e+00
1.917680859565734863e+00
2.198479413986206055e+00
3.001178979873657227e+00
8.298878073692321777e-01
7.027719974517822266e+00
7.955411672592163086e-01
2.880265235900878906e+00
8.294656276702880859e-01
3.071748018264770508e+00
7.945352196693420410e-01
5.669896125793457031e+00
8.005883097648620605e-01
1.551807284355163574e+00
8.009463548660278320e-01
8.060256242752075195e-01
5.867271900177001953e+00
8.413661718368530273e-01
8.062049746513366699e-01
2.189373493194580078e+00
9.802319526672363281e+00
7.858033180236816406e-01
4.956740379333496094e+00
3.141999006271362305e+00
8.035594224929809570e-01
2.058978319168090820e+00
4.306224346160888672e+00
1.575925350189208984e+00
8.072645664215087891e-01
4.884773731231689453e+00
2.789991855621337891e+00
5.448284626007080078e+00
4.688346385955810547e+00
3.504466056823730469e+00
2.849851846694946289e+00
1.437793254852294922e+00
1.464879989624023438e+00
2.849192380905151367e+00
4.615355491638183594e+00
1.421952247619628906e+00
2.276372194290161133e+00
8.004527688026428223e-01
8.015217185020446777e-01
2.421103000640869141e+00
4.507910728454589844e+00
1.088991522789001465e+00
1.230335354804992676e+00
1.482447624206542969e+00
4.291736602783203125e+00
8.068714141845703125e-01
2.850451469421386719e+00
3.718193531036376953e+00
1.491155862808227539e+00
8.043690919876098633e-01
7.881488800048828125e-01
1.977997899055480957e+00
1.042139053344726562e+00
2.224314451217651367e+00
4.216746330261230469e+00
1.276403427124023438e+00
8.249456882476806641e-01
6.929877400398254395e-01
8.248029947280883789e-01
8.515774607658386230e-01
8.006957769393920898e-01
4.165022373199462891e+00
2.338277339935302734e+00
3.535234212875366211e+00
1.456380128860473633e+00
7.975856065750122070e-01
1.970489501953125000e+00
4.146814346313476562e+00
2.291950464248657227e+00
1.884114980697631836e+00
7.521758556365966797e+00
1.199559092521667480e+00
1.161933183670043945e+00
1.041275858879089355e+00
3.775435447692871094e+00
4.286490917205810547e+00
3.119223594665527344e+00
2.378042697906494141e+00
1.777699232101440430e+00
2.519634008407592773e+00
8.460803031921386719e-01
2.306550979614257812e+00
4.132188796997070312e+00
2.913183212280273438e+00
8.056219816207885742e-01
8.049788475036621094e-01
2.227331399917602539e+00
1.523803472518920898e+00
1.900860190391540527e+00
1.667053699493408203e+00
1.103427648544311523e+00
1.344712853431701660e+00
7.953493595123291016e-01
4.709209918975830078e+00
1.300261020660400391e+00
8.173616528511047363e-01
2.829292774200439453e+00
2.024613857269287109e+00
4.515515327453613281e+00
2.897103309631347656e+00
6.893214225769042969e+00
2.498460531234741211e+00
8.018530607223510742e-01
7.993972301483154297e-01
3.015933036804199219e+00
2.302355766296386719e+00
4.533602714538574219e+00
2.739943027496337891e+00
1.410283803939819336e+00
6.332277297973632812e+00
8.039740920066833496e-01
3.583268165588378906e+00
1.019565200805664062e+01
1.006224989891052246e+00
8.183499574661254883e-01
6.944101810455322266e+00
2.975248813629150391e+00
8.147952556610107422e-01
8.041539788246154785e-01
1.452239394187927246e+00
7.964043617248535156e-01
9.553686141967773438e+00
8.028025627136230469e-01
8.010268807411193848e-01
4.579308032989501953e+00
2.368149042129516602e+00
