3.829153252817509706e-02
3.831253196515106707e-02
3.796626401271312179e-02
3.789138036909490276e-02
3.780973354925352276e-02
3.788510995784659385e-02
3.785436542910618901e-02
3.775354101845503074e-02
3.770285249458960042e-02
3.765369851842179788e-02
3.766942778343235904e-02
3.763654420799858458e-02
3.761217464671862132e-02
3.758160079742239867e-02
3.755518358194173678e-02
3.752233631337591191e-02
3.750934218655244817e-02
3.745604466907082736e-02
3.741732784661492422e-02
3.738208597759860863e-02
3.736929794701775859e-02
3.732956608285100536e-02
3.728220670252695851e-02
3.724641199504613587e-02
3.721449848238279901e-02
3.718431912656537663e-02
3.713743710157548644e-02
3.711388687787840063e-02
3.707412285878879110e-02
3.704108019042384736e-02
3.701694149067250028e-02
3.698005012139733011e-02
3.695367345838861811e-02
3.692228412880617372e-02
3.689296685024214678e-02
3.687055813422045886e-02
3.683887100859509212e-02
3.681212879751773193e-02
3.678405469876678408e-02
3.674905187112244287e-02
3.671603272214496450e-02
3.668482989759148938e-02
3.665949051116557805e-02
3.662816952834119927e-02
3.660356881296476100e-02
3.657932280006602477e-02
3.655227898633321704e-02
3.653281845829197544e-02
3.651161088331386639e-02
3.648458474015600639e-02
3.645711152153339324e-02
3.643347065904264936e-02
3.642011852780444037e-02
3.640129177397204152e-02
3.637207277104345660e-02
3.634763324664992690e-02
3.632359249828470693e-02
3.629814786262897108e-02
3.627823852379451208e-02
3.625620526172797231e-02
3.623042218810523796e-02
3.621131248124519891e-02
3.619239785462206871e-02
3.617219408143877019e-02
3.615870085250220273e-02
3.613453550085990451e-02
3.611475487573637122e-02
3.610229377805820178e-02
3.607550080244994323e-02
3.605127496815851290e-02
3.603708627897879435e-02
3.601240681469074223e-02
3.599308711550570916e-02
3.597387142815786087e-02
3.595162492430462736e-02
3.593355827207157099e-02
3.591895151754321419e-02
3.590274251502443420e-02
3.589030810158617274e-02
3.587555644326236720e-02
3.586599909349714316e-02
3.585005002099692778e-02
3.582721072648323984e-02
3.582111985426068151e-02
3.581684327609142848e-02
3.581001012339052325e-02
3.581163818631117463e-02
3.582199362360180550e-02
3.582749123158638499e-02
3.581785704117274732e-02
3.580390827729391240e-02
3.578068061451452481e-02
3.578513364684955678e-02
3.577398897238642100e-02
3.575887766291750008e-02
3.576482372855328828e-02
3.575207626338609140e-02
3.576786474907490271e-02
3.577082108462414228e-02
3.576605247159674039e-02
3.576457783811052421e-02
3.576206180368619869e-02
3.576048557142796902e-02
3.577095627072376938e-02
3.577354092682010628e-02
3.577031588346201579e-02
3.579075662869896091e-02
3.579207183324201874e-02
3.581373435818962364e-02
3.582440049486903394e-02
3.583355300516261749e-02
3.587393042420285172e-02
3.588505371105406988e-02
3.588070443216267308e-02
3.591078621718688663e-02
3.590567902699345199e-02
3.592089069094746290e-02
3.592395086069993110e-02
3.593425117265834634e-02
3.595635155585235471e-02
3.597909151084362211e-02
3.600030798322162440e-02
3.603995082912957865e-02
3.607775151622453352e-02
3.606320713542213868e-02
3.607239313598534225e-02
3.609998615091432328e-02
3.609577421709660866e-02
3.609985012566437057e-02
3.609077495050848350e-02
3.611622724299509701e-02
3.613399010083363089e-02
3.614565097507135838e-02
3.614393140042995722e-02
3.614657477141629272e-02
3.614144176207529507e-02
3.618858023051786665e-02
3.619081312308815995e-02
3.621060328739957729e-02
3.622529232066853261e-02
3.624335594459233978e-02
3.624404737500271090e-02
3.627690393630021715e-02
3.631102260423672845e-02
3.633395794581470439e-02
3.635443008696392225e-02
3.639468147402034198e-02
3.639576613140629163e-02
3.640580205462277952e-02
3.643703904823736989e-02
3.645584989088924283e-02
3.648516861913439491e-02
3.652562352624435377e-02
3.657281000312131297e-02
3.661149742482874836e-02
3.664777975755922901e-02
3.668476950685207322e-02
3.672712915919900539e-02
3.677070082406343199e-02
3.680859909348718068e-02
3.680959403095247773e-02
3.683988684740530095e-02
3.689288466433696123e-02
3.694189599050132916e-02
3.698238585909489201e-02
3.697356001913208040e-02
3.696408376630055947e-02
3.697628130178558931e-02
3.699436353562991775e-02
3.701465567035260723e-02
3.702539641616526406e-02
3.708289434508987847e-02
3.712010608221971014e-02
3.716171870967565488e-02
3.717975385515211173e-02
3.720797173474175989e-02
3.722268698904855622e-02
3.725992248933954198e-02
3.731455745202311158e-02
3.732217394606186095e-02
3.733831120840249568e-02
3.734400156202160453e-02
3.735289949473358934e-02
3.738664318543293008e-02
3.742619492397461500e-02
3.747756162383411582e-02
3.749898328636590283e-02
3.755010914155099827e-02
3.757191656813774205e-02
3.758391657196734348e-02
3.761495513845983935e-02
3.764538434498488489e-02
3.766987093593097968e-02
3.768613568282790094e-02
3.773921223179541040e-02
3.775767481940902476e-02
3.780309812044806150e-02
3.780955592189065573e-02
3.783990949923254216e-02
3.786017031427554164e-02
3.788215837925754115e-02
3.792666567461646515e-02
3.794000524539153929e-02
3.796687925817098658e-02
3.800000685058187860e-02
3.802541177783730353e-02
3.805673494812670393e-02
3.809403163970516426e-02
3.812967134716988699e-02
3.815723016330109518e-02
3.819565492154167186e-02
3.822616785659790212e-02
3.826188488525673892e-02
3.830659341055304284e-02
3.832503690908067168e-02
3.835812870941658626e-02
3.839563502407405959e-02
3.842067767063860051e-02
3.844533774432499357e-02
3.848178862700012137e-02
3.850753972901736072e-02
3.853343000741448615e-02
3.855506752013467681e-02
3.859018152065422230e-02
3.861561012731711678e-02
3.863908607662036587e-02
3.867632278349377589e-02
3.870686526352550005e-02
3.876062307067625751e-02
3.879941309065046418e-02
3.883394980988535278e-02
3.887833639314394740e-02
3.890100968935193693e-02
3.893415155926892302e-02
3.896264413565337509e-02
3.901101253581652079e-02
3.905398285869634417e-02
3.908254814998255583e-02
3.913053437194796008e-02
3.916555688041736816e-02
3.921023284947042914e-02
3.924721559696374429e-02
3.927517769881998938e-02
3.931853502640043907e-02
3.935029421793771742e-02
3.937446206878413707e-02
3.941256310837817911e-02
3.945228743623485634e-02
3.949771312601407791e-02
3.953374855616604427e-02
3.957781493420232943e-02
3.959363395663430263e-02
3.964284507826422443e-02
3.964381813852568132e-02
3.968844163407091868e-02
3.971017348998964747e-02
3.973458108119474336e-02
3.976936263078631462e-02
3.977594819059403208e-02
3.981982525377960463e-02
3.984631412323059313e-02
3.987778837453068853e-02
3.992007740839002838e-02
3.995049449085495696e-02
3.998759948305092432e-02
4.000536796060628897e-02
4.004355879127852180e-02
4.009144774824124902e-02
4.013837858037698492e-02
4.017297678910802805e-02
4.020425309920359208e-02
4.023849130009593544e-02
4.025909496687645611e-02
4.030024473806670393e-02
4.032858285000374965e-02
4.037172469142651793e-02
4.041055682079738171e-02
4.044817856929869282e-02
4.047352530535332227e-02
4.049375013089061975e-02
4.053694644675079339e-02
4.057167998734070163e-02
4.059781479214501221e-02
4.062939554622419652e-02
4.066447851113818429e-02
4.069145994545735057e-02
4.072705764567555869e-02
4.076585992466036368e-02
4.078533764386858829e-02
4.081267305247794630e-02
4.084004763794943371e-02
4.087202873816128679e-02
4.090098427342597071e-02
4.092711083278405965e-02
4.095794352016347839e-02
4.099154853970356227e-02
4.102875914283175135e-02
4.105338681173123505e-02
4.107428868485692858e-02
4.110819304427519583e-02
4.113184391301279857e-02
4.115709059780153084e-02
4.118395320998623210e-02
4.121055208351988991e-02
4.122203280282937116e-02
4.125176463663576126e-02
4.128841674729830796e-02
4.132596666308002015e-02
4.133381321025428323e-02
4.135985322005928527e-02
4.138876648492061799e-02
4.141064014111527081e-02
4.141969929251701488e-02
4.144686470018115604e-02
4.146779202740055736e-02
4.149804682354790025e-02
4.153522274631888528e-02
4.156833299668852982e-02
4.159565680115240999e-02
4.162259264088691291e-02
4.164376089970450723e-02
4.167420389187523333e-02
4.170290178231939732e-02
4.173412003457730585e-02
4.176400162401211480e-02
4.178553287352503726e-02
4.181639380397343675e-02
4.184690436237094302e-02
4.185235527675201100e-02
4.185883208311231424e-02
4.188084818970441020e-02
4.189382862016648168e-02
