1.800774073600769132e+00
1.100218570232391446e+00
9.433020114898681419e-01
7.979517683386803117e-01
7.177415557205677477e-01
6.888018816709517989e-01
6.949439808726310952e-01
6.538143053650855574e-01
6.001923680305480957e-01
5.870568968355656114e-01
5.846338897943497148e-01
5.736154951155185699e-01
5.525591410696506500e-01
5.363175474107265694e-01
5.322003528475761636e-01
5.067211166024208069e-01
5.441155239939690080e-01
4.967839568853378296e-01
5.168284438550472260e-01
4.958961986005306355e-01
4.802880108356475941e-01
4.755608931183815113e-01
4.773861691355705261e-01
4.935155436396598816e-01
4.812948599457740895e-01
4.569928884506225808e-01
4.599850594997406117e-01
4.586018018424510845e-01
4.529240109026432259e-01
4.545404285192489735e-01
4.507277198135852814e-01
4.545181244611740112e-01
4.625232711434364430e-01
4.858354821801185719e-01
4.467116206884383933e-01
4.381224021315574535e-01
4.485878035426139609e-01
4.477448143064975961e-01
4.445168077945709229e-01
4.453428529202937969e-01
4.438870444893837086e-01
4.316302590072155221e-01
4.355149745941161998e-01
4.505907818675041199e-01
4.343125298619270325e-01
4.387716628611088021e-01
4.382296465337276459e-01
4.332451153546571510e-01
4.398394271731376759e-01
4.277663975954055786e-01
4.309728395193815342e-01
4.227967225015163422e-01
4.486849568784236908e-01
4.291465558111667855e-01
4.299856863915920147e-01
4.356618568301200978e-01
4.228565823286771774e-01
4.484021820127964131e-01
4.187542196363210900e-01
4.206192705780267826e-01
4.189471427351236232e-01
4.214609920978545921e-01
4.138204328715801017e-01
4.359457671642303356e-01
4.095509693026542775e-01
4.233872003853321186e-01
4.191461861133575217e-01
4.164087109267711750e-01
4.108512401580810547e-01
4.401046901941299549e-01
4.204194031655788533e-01
4.153957176953554375e-01
4.157634567469358222e-01
4.294445976614952309e-01
4.036207452416419872e-01
4.154042053967714199e-01
4.062978558242321125e-01
4.244945980608463287e-01
4.089404195547103882e-01
4.089163862168788688e-01
4.065101914107799308e-01
4.629667930305004231e-01
4.503772489726543538e-01
4.319010764360428078e-01
4.010966941714286804e-01
4.281476624310016632e-01
4.115212693810462730e-01
4.023431684821844323e-01
4.238992683589458688e-01
4.074201207607984765e-01
4.011419385671615712e-01
4.113268937915563472e-01
3.982682820409536584e-01
4.204449295997619851e-01
4.039006993174553140e-01
4.002939514815807565e-01
3.968947596848010906e-01
4.195112258195877186e-01
3.966410391032695881e-01
4.099757730960845725e-01
4.130220707505941613e-01
3.982524748891592137e-01
4.166081577539443859e-01
4.292778044939041249e-01
3.973098561167717202e-01
3.924540884792804829e-01
4.024661105126142724e-01
3.943900041282176749e-01
3.979320451617240906e-01
3.981258220970630424e-01
4.333615735173225181e-01
4.255405016243457572e-01
3.933177351951598899e-01
4.009387344121932983e-01
3.938078410923481210e-01
3.950035594403743522e-01
4.024782449007034413e-01
3.933357369154691918e-01
4.031423546373844036e-01
3.997502140700817108e-01
4.078133344650268777e-01
3.895502574741840363e-01
3.952185869216918723e-01
4.176693379878997914e-01
3.895924117416143528e-01
4.082537166774272697e-01
3.908018562942743301e-01
4.012062743306160084e-01
4.232351578772067802e-01
3.890726268291473389e-01
3.961842354387045129e-01
4.179112069308758004e-01
4.123081423342228047e-01
4.016550812870264275e-01
4.142171051353216171e-01
3.991425629705190881e-01
3.999577242881059425e-01
4.032280378043651692e-01
3.892587389796972053e-01
3.962877355515956879e-01
3.909615509212017170e-01
3.821703448891639598e-01
3.985368244349956623e-01
3.890455972403287777e-01
4.147600047290325165e-01
3.918521605432033761e-01
3.977074671536683925e-01
4.126633808016776928e-01
3.887938138097524754e-01
4.199928559362888225e-01
3.916483238339424355e-01
3.936943560838699341e-01
3.982919331640005223e-01
3.924972694367170334e-01
3.862599827349185722e-01
3.902673393487930409e-01
4.040241740643978341e-01
3.928011503070593102e-01
4.104829013347625621e-01
3.871371656656265037e-01
3.822347044944763295e-01
3.953784413635730854e-01
3.993830151855945476e-01
4.011452458798885345e-01
3.947643250226974265e-01
4.012461274862289540e-01
4.077831085771322361e-01
3.974586583673954121e-01
3.895448587834834941e-01
3.918104775249958149e-01
3.998747784644365311e-01
3.846328791230916866e-01
3.857537779957055935e-01
3.890961226075887458e-01
3.928312756121158378e-01
3.880489591509103664e-01
3.912061538547277340e-01
3.863753743469715007e-01
3.997412741184234730e-01
3.797842066735029332e-01
3.982843071222305076e-01
3.815426513552665488e-01
4.032232545316219441e-01
4.007333144545555115e-01
3.822474967688321845e-01
3.985567338764667289e-01
3.800287615507841332e-01
3.803549580276012199e-01
3.934289112687111012e-01
3.880898047238588444e-01
3.906181305646896362e-01
4.031367540359497292e-01
4.056529082357883675e-01
3.958037883043289407e-01
3.835852731019258610e-01
3.913065098226070626e-01
3.848509423434734456e-01
3.881619509309530147e-01
3.810019835829734913e-01
3.964979480952024460e-01
3.867463015019893535e-01
3.928712964057922141e-01
3.835915800184011570e-01
4.126090884208679088e-01
3.797739211469888798e-01
3.870447680354118236e-01
3.833523087203502544e-01
4.199230998754501232e-01
3.955492638051509857e-01
3.788700886070728302e-01
3.944987654685974121e-01
3.879679769277572521e-01
3.834102045744657294e-01
3.820906206965446472e-01
3.943506699055433495e-01
3.813572350889444240e-01
3.752050898969173653e-01
3.815677519887685776e-01
3.784294079989194981e-01
3.832238804548978583e-01
3.751878511160612328e-01
3.759521353989839776e-01
3.871965587139129528e-01
3.950917441397905350e-01
3.799646064639091714e-01
3.877711776643991692e-01
3.778123565018177143e-01
3.736083623021840827e-01
3.832923732697963715e-01
3.710602354258298874e-01
3.911481279879808204e-01
3.919558577239513619e-01
3.855592913925647847e-01
3.816603686660527961e-01
3.812896564602851757e-01
4.203391656279563682e-01
3.782716408371925576e-01
3.712109260261058918e-01
4.070111252367496490e-01
4.000104453414678463e-01
3.919372994452715031e-01
3.843342445790767781e-01
3.825779385864734872e-01
3.928328543901443703e-01
3.875475481152534374e-01
3.809476923197507858e-01
3.708589322865009086e-01
3.939167499542236550e-01
3.816114958375692590e-01
3.747624382376670837e-01
3.813651207834481971e-01
3.776324700564145931e-01
3.904647503048181423e-01
3.951026819646358268e-01
3.876218996942043526e-01
3.794674195349216350e-01
3.864603642374276893e-01
3.726067803800106049e-01
3.745895884931087494e-01
3.744305554777384026e-01
3.907227512449026330e-01
3.932088699191808590e-01
3.925237920135259406e-01
3.736604742705821880e-01
3.790591362863778846e-01
3.779974509030580299e-01
3.896684072911739127e-01
3.782439529895782471e-01
3.769985314458608738e-01
3.696401499211788289e-01
3.969098746776580922e-01
3.981879971921443717e-01
3.730700757354498132e-01
3.747744966298341973e-01
3.871265579015016334e-01
3.740459468215703853e-01
3.868984557688236459e-01
3.807978849858045800e-01
3.776976775377988704e-01
3.916571006178856118e-01
3.758859671652317047e-01
3.685453560203313939e-01
3.860735740512609704e-01
3.720919664949178807e-01
4.073323164135217445e-01
3.710898302495479473e-01
3.692444555461406597e-01
3.913582693785429001e-01
4.006744936108589394e-01
3.862412683665752411e-01
3.834603533148765453e-01
3.849295262247324212e-01
3.756914701312780158e-01
3.948654748499393352e-01
3.851529352366924175e-01
3.878247167915105931e-01
3.813747167587280273e-01
3.998968221247196086e-01
3.959817305207252724e-01
4.378648400306701660e-01
3.739785812795162201e-01
3.784382648766040913e-01
3.843867808580398449e-01
4.039061903953552468e-01
3.741158880293369293e-01
3.720322348177432792e-01
4.345743328332901112e-01
3.831969313323497772e-01
3.694220341742038838e-01
3.677963227033614890e-01
3.717141646891832241e-01
3.690400794148445129e-01
3.729128718376159557e-01
3.797610156238079293e-01
3.750811409205198066e-01
3.764306984841823689e-01
3.843329831957816856e-01
3.836521111428737862e-01
3.948258582502603420e-01
3.740537423640489800e-01
3.736065708100795857e-01
3.723851863294839748e-01
4.167275868356227764e-01
3.945151586085557938e-01
3.737642999738454708e-01
3.961141411215066688e-01
3.815229754894972070e-01
3.682804871350526810e-01
3.711932115256786346e-01
3.725030995905399545e-01
3.991650253534316795e-01
3.730532627552747837e-01
3.816393345594406017e-01
3.700248274952173122e-01
3.663677409291267173e-01
3.723713438957929611e-01
3.852054648101329581e-01
4.047649085521697887e-01
3.891211025416850822e-01
3.822369862347841374e-01
3.770993050187826379e-01
3.762972138822078816e-01
3.781050082296132930e-01
3.692527774721384159e-01
3.706603474915027840e-01
3.713797252625227197e-01
3.858533158898353466e-01
3.707265991717577092e-01
3.717566709965467453e-01
3.673301942646503560e-01
3.756877098232507817e-01
3.699247196316718944e-01
3.667201865464448929e-01
3.805972218513488659e-01
3.714926999062299617e-01
3.837875682860613091e-01
3.752413876354694366e-01
3.874137308448553085e-01
3.705166634172201157e-01
3.680377259850501903e-01
3.772670838981866948e-01
3.787583712488412635e-01
3.807249568402767403e-01
3.771848969161510357e-01
3.974589701741934045e-01
3.939035765826702229e-01
3.785194288939237595e-01
3.763114180415868537e-01
3.679752625524997933e-01
3.803559310734271892e-01
3.705199327319860236e-01
3.769664570689201244e-01
4.013095341622829326e-01
3.765758037567138450e-01
3.715863153338432312e-01
3.671454712748527527e-01
3.672548659145832284e-01
3.840368613600730896e-01
3.761602088809013478e-01
3.724349580705165752e-01
3.681567549705505593e-01
3.767297089099884144e-01
3.810993775725364796e-01
3.726029578596353753e-01
3.773621622473001258e-01
3.773338302969932445e-01
3.771133564412593731e-01
3.946422591805457958e-01
3.667197868227958790e-01
4.003292031586170308e-01
3.919844947755336539e-01
3.628790903836488502e-01
3.718654334545135609e-01
3.998816490173339733e-01
3.953524749726057275e-01
3.773927684873342736e-01
3.752783656120300404e-01
3.692784626036882401e-01
3.868224225938320382e-01
3.674736499786376842e-01
