6.354376316070556641e+00
5.304611206054687500e+00
1.215900993347167969e+01
5.007192611694335938e+00
6.167349815368652344e+00
1.520577311515808105e+00
1.822526216506958008e+00
1.694060683250427246e+00
1.842799305915832520e+00
8.114504814147949219e+00
4.794638633728027344e+00
4.030473709106445312e+00
4.897064208984375000e+00
1.090190029144287109e+01
2.208526134490966797e+00
2.068663120269775391e+00
5.966309547424316406e+00
3.157034397125244141e+00
1.078227758407592773e+00
1.622803115844726562e+01
1.494343280792236328e+00
1.851830005645751953e+00
3.261267852783203125e+01
1.676083683967590332e+00
6.455507278442382812e+00
1.782876014709472656e+00
1.327164888381958008e+00
8.032726287841796875e+00
3.763793945312500000e+00
6.105985641479492188e+00
2.985486984252929688e+00
7.605384349822998047e+00
1.652953028678894043e+00
1.761127829551696777e+00
3.859030961990356445e+00
3.827692508697509766e+00
4.172341823577880859e+00
1.462362289428710938e+00
9.283016204833984375e+00
4.485657215118408203e+00
2.278289794921875000e+00
4.702195167541503906e+00
1.675300836563110352e+00
4.182363033294677734e+00
2.811508893966674805e+00
3.098191022872924805e+00
5.798321723937988281e+00
3.649894237518310547e+00
6.197571754455566406e+00
1.781637072563171387e+00
2.799407958984375000e+00
1.781876802444458008e+00
5.263041973114013672e+00
4.689389228820800781e+00
1.816508769989013672e+00
1.721237897872924805e+00
1.791288614273071289e+00
8.099349021911621094e+00
2.726842880249023438e+00
3.057349443435668945e+00
4.401399612426757812e+00
1.453113555908203125e+00
6.877837181091308594e+00
2.230494260787963867e+00
1.309317708015441895e+00
2.234499692916870117e+00
2.108635187149047852e+00
1.390332317352294922e+01
2.207485198974609375e+00
1.813404440879821777e+00
1.549261331558227539e+00
5.211946964263916016e+00
5.922915458679199219e+00
2.058554410934448242e+00
5.518684864044189453e+00
4.185437202453613281e+00
2.897316217422485352e+00
3.863319873809814453e+00
1.560217618942260742e+00
2.479596614837646484e+00
2.945466041564941406e+00
1.653844356536865234e+00
2.152669429779052734e+00
4.354310989379882812e+00
1.783016324043273926e+00
2.891578674316406250e+00
9.202795982360839844e+00
1.519246220588684082e+00
4.817457675933837891e+00
5.083540439605712891e+00
1.341786384582519531e+00
5.179733276367187500e+00
7.829946994781494141e+00
1.785775303840637207e+00
5.463148117065429688e+00
1.761714816093444824e+00
6.841610908508300781e+00
6.620319366455078125e+00
4.616125583648681641e+00
5.184354305267333984e+00
1.161455273628234863e+00
4.756157875061035156e+00
1.056694984436035156e+00
4.502399444580078125e+00
3.496597290039062500e+00
9.934914588928222656e+00
1.676154375076293945e+00
3.607969284057617188e+00
3.333386182785034180e+00
3.203984498977661133e+00
5.770278930664062500e+00
2.368643999099731445e+00
6.386454582214355469e+00
2.925328969955444336e+00
1.630533218383789062e+01
1.799507260322570801e+00
1.099564194679260254e+00
3.631377458572387695e+00
1.772372364997863770e+00
4.130073547363281250e+00
1.033198738098144531e+01
2.870918035507202148e+00
2.917407512664794922e+00
2.386443614959716797e+00
1.700097799301147461e+00
1.666974067687988281e+00
1.725353813171386719e+01
2.766519308090209961e+00
1.523558616638183594e+00
1.805791735649108887e+00
6.722790718078613281e+00
2.580804347991943359e+00
2.860289096832275391e+00
1.839513778686523438e+00
3.774338483810424805e+00
1.737065553665161133e+00
3.253012418746948242e+00
1.725382089614868164e+00
4.252882003784179688e+00
1.764976620674133301e+00
1.161955833435058594e+00
3.316147327423095703e+00
4.927118301391601562e+00
2.739964008331298828e+00
1.981049656867980957e+00
2.566062211990356445e+00
4.626151084899902344e+00
4.152553081512451172e+00
3.183360099792480469e+00
4.046575069427490234e+00
2.184141397476196289e+00
2.581694602966308594e+00
5.952929973602294922e+00
2.357256650924682617e+00
2.352577686309814453e+00
2.193746328353881836e+00
1.769290089607238770e+00
8.204846382141113281e+00
2.363198041915893555e+00
1.814509510993957520e+00
4.785482406616210938e+00
1.019963550567626953e+01
6.091968536376953125e+00
4.610167026519775391e+00
2.370927810668945312e+00
3.852841854095458984e+00
2.294155836105346680e+00
1.472364783287048340e+00
2.674919128417968750e+00
2.408435106277465820e+00
3.478239059448242188e+00
2.262945175170898438e+00
3.500617504119873047e+00
1.782558321952819824e+00
9.264180183410644531e+00
1.710552692413330078e+00
4.776830673217773438e+00
1.623535990715026855e+00
1.820288181304931641e+00
1.705589771270751953e+00
1.167705416679382324e+00
5.914470672607421875e+00
2.926514863967895508e+00
1.573014855384826660e+00
3.073179721832275391e+00
4.534724712371826172e+00
4.605103492736816406e+00
3.682811021804809570e+00
3.153298139572143555e+00
1.640917658805847168e+00
3.247130155563354492e+00
2.860144138336181641e+00
4.871952056884765625e+00
2.537248849868774414e+00
1.053576946258544922e+00
1.085064649581909180e+00
3.158318996429443359e+00
8.094655990600585938e+00
2.671962738037109375e+00
2.953923225402832031e+00
4.078024864196777344e+00
3.239564657211303711e+00
1.794917225837707520e+00
2.660335063934326172e+00
2.676674842834472656e+00
5.044525146484375000e+00
1.738885641098022461e+00
3.070625066757202148e+00
5.177144050598144531e+00
3.783859491348266602e+00
1.127083206176757812e+01
1.802857637405395508e+00
3.618582248687744141e+00
4.437790870666503906e+00
3.550254821777343750e+00
6.708154678344726562e+00
3.211553096771240234e+00
1.747792601585388184e+00
5.675408840179443359e+00
3.945052146911621094e+00
1.766601562500000000e+00
3.776976585388183594e+00
3.233443260192871094e+00
1.908360719680786133e+00
1.696110367774963379e+00
5.199454784393310547e+00
2.557361602783203125e+00
2.508265256881713867e+00
1.684443354606628418e+00
5.576997280120849609e+00
2.444124937057495117e+00
1.705926895141601562e+00
1.798760890960693359e+00
1.166104602813720703e+01
1.733480691909790039e+00
1.573472499847412109e+00
2.249591112136840820e+00
2.682944774627685547e+00
1.618762016296386719e+00
1.911161065101623535e+00
6.752523422241210938e+00
4.361212253570556641e+00
2.334394931793212891e+00
4.917840480804443359e+00
3.621042966842651367e+00
1.042046785354614258e+00
1.461055755615234375e+00
5.785297870635986328e+00
2.818312168121337891e+00
3.206649541854858398e+00
6.535588264465332031e+00
4.286729812622070312e+00
1.586402535438537598e+00
1.689157485961914062e+00
2.364936113357543945e+00
1.763796448707580566e+00
3.187359571456909180e+00
1.687081694602966309e+00
5.124542713165283203e+00
1.656364679336547852e+00
2.580155611038208008e+00
2.015398263931274414e+00
3.938992261886596680e+00
2.942617654800415039e+00
5.326082706451416016e+00
1.621671104431152344e+01
7.207055091857910156e+00
1.695721745491027832e+00
1.684913039207458496e+00
7.716351509094238281e+00
1.858099699020385742e+00
3.680960893630981445e+00
2.504964828491210938e+00
2.074539184570312500e+00
4.214949131011962891e+00
4.607619285583496094e+00
7.000031948089599609e+00
1.823051333427429199e+00
1.827153563499450684e+00
3.333682298660278320e+00
6.186594486236572266e+00
6.631159305572509766e+00
8.874632835388183594e+00
5.870980739593505859e+00
2.946679830551147461e+00
5.173733711242675781e+00
7.100238323211669922e+00
9.158927917480468750e+00
1.519598126411437988e+00
1.560275316238403320e+00
3.534172296524047852e+00
2.402086973190307617e+00
4.183164596557617188e+00
2.728032112121582031e+00
2.526311397552490234e+00
1.287477135658264160e+00
1.711646676063537598e+00
2.876656293869018555e+00
4.299624443054199219e+00
4.535593986511230469e+00
5.364636421203613281e+00
3.158730983734130859e+00
3.732467174530029297e+00
1.822641372680664062e+00
1.864064812660217285e+00
2.981591939926147461e+00
3.898505783081054688e+01
5.351820945739746094e+00
9.008968353271484375e+00
3.114980459213256836e+00
2.388583421707153320e+00
1.841656684875488281e+00
2.113857984542846680e+00
1.746952295303344727e+00
5.304657936096191406e+00
1.999626874923706055e+00
1.181207895278930664e+00
1.969464659690856934e+00
4.110878944396972656e+00
2.873857736587524414e+00
1.647630691528320312e+00
1.097269535064697266e+00
3.131189107894897461e+00
4.728695392608642578e+00
2.444531440734863281e+00
2.548476219177246094e+00
2.740847110748291016e+00
2.123080730438232422e+00
2.317648887634277344e+00
3.601733684539794922e+00
5.088685512542724609e+00
4.282557964324951172e+00
4.221214771270751953e+00
1.749789357185363770e+00
1.788118243217468262e+00
5.440303802490234375e+00
2.445667743682861328e+00
4.911904811859130859e+00
3.591204071044921875e+01
1.982318401336669922e+00
2.800906896591186523e+00
2.526312351226806641e+00
1.758342266082763672e+00
2.026880264282226562e+00
1.642737865447998047e+00
1.194006538391113281e+01
6.432353496551513672e+00
3.080596685409545898e+00
4.063269138336181641e+00
8.090372085571289062e+00
7.164781570434570312e+00
1.463424801826477051e+00
1.202098560333251953e+01
1.488644599914550781e+00
1.764597177505493164e+00
2.407492876052856445e+00
3.662270784378051758e+00
1.780913472175598145e+00
5.982088088989257812e+00
8.380606651306152344e+00
1.324273824691772461e+00
4.787948608398437500e+00
5.460037708282470703e+00
5.496557235717773438e+00
1.457030105590820312e+01
1.864951610565185547e+00
2.496397256851196289e+00
2.274132537841796875e+01
2.181192636489868164e+00
1.697022438049316406e+00
1.845059967041015625e+01
1.843052625656127930e+00
5.356728076934814453e+00
2.314965009689331055e+00
3.063133001327514648e+00
1.425836324691772461e+00
1.548554301261901855e+00
1.514448451995849609e+01
2.278048992156982422e+00
7.786776065826416016e+00
8.252196311950683594e+00
1.913344621658325195e+00
1.777444362640380859e+00
1.159646749496459961e+00
1.840242624282836914e+00
1.683824896812438965e+00
3.969051122665405273e+00
1.610864281654357910e+00
1.820764422416687012e+00
4.191243171691894531e+00
2.183325767517089844e+00
2.781696796417236328e+00
1.851105213165283203e+00
1.629606723785400391e+00
1.805475354194641113e+00
1.519722104072570801e+00
2.223320007324218750e+00
5.310110569000244141e+00
3.303687572479248047e+00
2.662963390350341797e+00
2.049497127532958984e+00
1.818202495574951172e+00
6.059023857116699219e+00
3.637184858322143555e+00
1.451097130775451660e+00
6.820738315582275391e+00
1.703558087348937988e+00
3.626237392425537109e+00
2.322351694107055664e+00
3.087781190872192383e+00
4.176573753356933594e+00
2.744038105010986328e+00
1.778281211853027344e+00
6.868776321411132812e+00
2.429148912429809570e+00
3.362404108047485352e+00
1.710093855857849121e+00
1.726645588874816895e+00
2.406893968582153320e+00
6.158465385437011719e+00
4.697788715362548828e+00
2.402960062026977539e+00
1.217922568321228027e+00
4.353959560394287109e+00
4.121013641357421875e+00
4.692014217376708984e+00
4.760956287384033203e+00
2.398819923400878906e+00
8.384704589843750000e+00
1.109688162803649902e+00
3.494807720184326172e+00
1.809174776077270508e+00
1.236147880554199219e+00
3.872411012649536133e+00
1.765802025794982910e+00
2.035792112350463867e+00
6.100430679321289062e+01
2.154292821884155273e+00
3.027976512908935547e+00
2.390945196151733398e+00
1.611114740371704102e+00
3.455224037170410156e+00
3.801725387573242188e+00
1.819304704666137695e+00
3.015686035156250000e+00
8.189042091369628906e+00
3.202893733978271484e+00
2.454156875610351562e+00
2.183652639389038086e+00
1.925484776496887207e+00
2.665208339691162109e+00
3.943237304687500000e+00
1.799141883850097656e+00
5.873959541320800781e+00
4.011404991149902344e+00
3.708173036575317383e+00
5.240260601043701172e+00
2.695878982543945312e+00
1.797934770584106445e+00
6.608662128448486328e+00
1.347230434417724609e+01
4.436966896057128906e+00
1.649449825286865234e+00
4.588439941406250000e+00
1.558086633682250977e+00
1.817928075790405273e+00
4.469066619873046875e+00
2.740051984786987305e+00
2.514126300811767578e+00
3.291016817092895508e+00
4.690694808959960938e+00
2.980507373809814453e+00
3.504149913787841797e+00
4.255495071411132812e+00
2.211665868759155273e+00
2.972887039184570312e+00
3.933900594711303711e+00
3.217839956283569336e+00
2.518346309661865234e+00
3.292304039001464844e+00
2.957792520523071289e+00
3.536266803741455078e+00
2.607843399047851562e+00
1.862074375152587891e+00
4.509609699249267578e+00
4.063799858093261719e+00
8.900206565856933594e+00
8.956562995910644531e+00
1.768379449844360352e+00
1.125614285469055176e+00
5.112556934356689453e+00
5.197793960571289062e+00
1.220094680786132812e+01
2.490148782730102539e+00
6.341570377349853516e+00
3.133618831634521484e+00
2.033803462982177734e+00
2.020439624786376953e+00
1.788284540176391602e+00
9.745584487915039062e+00
3.109144449234008789e+00
9.574380874633789062e+00
1.022644996643066406e+01
1.733108639717102051e+00
5.002297401428222656e+00
8.619288444519042969e+00
3.474879980087280273e+00
5.915167331695556641e+00
4.228115558624267578e+00
1.533354282379150391e+00
2.412690162658691406e+00
6.173522949218750000e+00
6.281487464904785156e+00
1.359027099609375000e+01
3.090241909027099609e+00
1.724829792976379395e+00
1.219417285919189453e+01
1.015026664733886719e+01
2.603354930877685547e+00
1.675042510032653809e+00
2.190248250961303711e+00
5.180678367614746094e+00
4.074040889739990234e+00
3.707671880722045898e+00
2.034236907958984375e+00
2.528938770294189453e+00
4.546180248260498047e+00
1.759474754333496094e+00
2.893279457092285156e+01
1.688125991821289062e+01
7.081202030181884766e+00
2.432134151458740234e+00
3.442095041275024414e+00
5.105660915374755859e+00
2.028716087341308594e+00
1.986013174057006836e+00
1.805847406387329102e+00
1.801286220550537109e+00
1.526211977005004883e+00
2.775716304779052734e+00
4.751991271972656250e+00
1.101513624191284180e+00
1.797053098678588867e+00
5.194403648376464844e+00
5.541681289672851562e+00
4.223660469055175781e+00
1.865758895874023438e+00
1.096638298034667969e+01
5.227427482604980469e+00
4.366424083709716797e+00
1.610296010971069336e+00
3.742331981658935547e+00
5.194931507110595703e+00
4.467154502868652344e+00
1.988249063491821289e+00
1.099150896072387695e+00
3.604060411453247070e+00
8.095104217529296875e+00
2.249178409576416016e+00
1.782451152801513672e+00
1.785195827484130859e+00
8.098036766052246094e+00
2.458938121795654297e+00
1.578074097633361816e+00
4.902490139007568359e+00
1.668833541870117188e+01
3.984103441238403320e+00
3.239349603652954102e+00
8.766676902770996094e+00
2.411993026733398438e+00
1.665604829788208008e+00
2.491581916809082031e+00
5.611655235290527344e+00
1.497074365615844727e+00
3.743052482604980469e+00
1.805912017822265625e+00
1.626990795135498047e+00
1.450513362884521484e+01
1.750345349311828613e+00
1.685796141624450684e+00
3.537532567977905273e+00
2.767076969146728516e+00
4.857648849487304688e+00
4.452837944030761719e+00
1.834346532821655273e+00
1.994327783584594727e+00
1.618461799621582031e+01
1.837956547737121582e+00
1.194329261779785156e+00
5.920847892761230469e+00
1.739579200744628906e+00
2.014482736587524414e+00
5.487761020660400391e+00
2.034014225006103516e+00
3.164244413375854492e+00
3.515294075012207031e+00
1.227436780929565430e+00
1.803315401077270508e+00
3.599062681198120117e+00
1.598919987678527832e+00
9.624840736389160156e+00
2.022623538970947266e+00
7.072667121887207031e+00
1.387050867080688477e+00
4.360982418060302734e+00
2.267807006835937500e+00
1.824765086174011230e+00
4.290338516235351562e+00
3.128267765045166016e+00
2.370858192443847656e+00
2.983062028884887695e+00
5.172571659088134766e+00
1.976392745971679688e+00
8.414761543273925781e+00
1.738043665885925293e+00
1.757575035095214844e+00
3.224251031875610352e+00
1.829912185668945312e+00
1.030183696746826172e+01
2.139805793762207031e+00
2.068673849105834961e+00
1.757019519805908203e+00
2.195759296417236328e+00
3.596165895462036133e+00
1.127102851867675781e+00
5.124988079071044922e+00
3.679479598999023438e+00
2.609304618835449219e+01
1.684425473213195801e+00
1.693934440612792969e+00
7.958550930023193359e+00
4.055133819580078125e+00
1.782317638397216797e+00
1.689388155937194824e+00
3.076002597808837891e+00
3.275049924850463867e+00
4.219264507293701172e+00
1.820338726043701172e+00
4.471897602081298828e+00
1.844311833381652832e+00
3.060785770416259766e+00
2.970116615295410156e+00
1.438263988494873047e+01
1.585380434989929199e+00
2.645628452301025391e+00
2.455694580078125000e+01
1.790403366088867188e+00
1.356288790702819824e+00
9.290881156921386719e+00
1.765571236610412598e+00
1.797634720802307129e+00
4.531488418579101562e+00
4.386090278625488281e+00
1.140933418273925781e+01
1.555232405662536621e+00
1.846228003501892090e+00
2.814739227294921875e+00
4.810615062713623047e+00
5.188282012939453125e+00
1.794096946716308594e+00
7.251516819000244141e+00
4.608937740325927734e+00
1.438975095748901367e+00
1.806177854537963867e+00
1.106315422058105469e+01
1.695155382156372070e+00
1.762204408645629883e+00
2.585287570953369141e+00
5.698953151702880859e+00
6.138714313507080078e+00
3.295192480087280273e+00
2.399002552032470703e+00
1.118606686592102051e+00
2.770798206329345703e+00
1.981174707412719727e+00
1.455293297767639160e+00
5.338632583618164062e+00
3.688570022583007812e+00
2.430341243743896484e+00
5.084489345550537109e+00
2.542945146560668945e+00
1.768594980239868164e+00
7.978483676910400391e+00
1.394438982009887695e+00
4.136221885681152344e+00
1.188786983489990234e+00
5.132288932800292969e+00
1.675637960433959961e+00
1.740286111831665039e+00
3.622852325439453125e+00
1.739235401153564453e+00
4.404668331146240234e+00
3.416788101196289062e+00
2.826654434204101562e+00
1.794534564018249512e+00
9.182808876037597656e+00
3.081210613250732422e+00
4.247965812683105469e+00
2.096815824508666992e+00
1.440617847442626953e+01
2.655313014984130859e+00
1.563116431236267090e+00
2.601010084152221680e+00
2.464725255966186523e+00
6.390284538269042969e+00
3.712648391723632812e+01
1.034601593017578125e+01
2.374031543731689453e+00
1.603084087371826172e+00
3.829026699066162109e+00
4.016819000244140625e+00
1.745382690429687500e+01
4.613467216491699219e+00
2.156562614440917969e+01
3.416804313659667969e+00
4.820178031921386719e+00
2.745379209518432617e+00
2.601548671722412109e+00
2.017222166061401367e+00
1.775301337242126465e+00
1.797840714454650879e+00
4.934523105621337891e+00
5.004961490631103516e+00
3.273483753204345703e+00
1.768357992172241211e+00
1.700556278228759766e+00
5.214354991912841797e+00
3.635892629623413086e+00
1.718728899955749512e+00
1.799488782882690430e+00
1.774400711059570312e+00
3.902267932891845703e+00
1.769926071166992188e+00
5.286706447601318359e+00
4.258697032928466797e+00
1.071500897407531738e+00
1.905688095092773438e+01
7.867670059204101562e+00
1.822688937187194824e+00
3.361952304840087891e+00
9.916913509368896484e-01
3.552027702331542969e+00
1.815399885177612305e+00
2.106351137161254883e+00
1.595530271530151367e+00
4.453145503997802734e+00
4.172961235046386719e+00
3.337441682815551758e+00
8.481050491333007812e+00
7.408622741699218750e+00
1.834800601005554199e+00
2.553246259689331055e+00
2.370714664459228516e+00
2.617115974426269531e+00
4.208246707916259766e+00
4.359917640686035156e+00
8.301304817199707031e+00
2.275115489959716797e+00
5.114346981048583984e+00
1.302380084991455078e+00
2.270617008209228516e+00
2.594455718994140625e+00
1.222385406494140625e+00
8.250323295593261719e+00
1.811771273612976074e+00
2.770549297332763672e+00
1.038359761238098145e+00
4.798116683959960938e+00
1.815680503845214844e+00
3.141797065734863281e+00
1.777807235717773438e+00
4.825244903564453125e+00
4.396541595458984375e+00
1.660887360572814941e+00
1.614350676536560059e+00
1.785327196121215820e+00
3.256797313690185547e+00
5.615675449371337891e+00
1.833203792572021484e+00
3.174004554748535156e+00
4.438217163085937500e+00
7.871540069580078125e+00
1.710948467254638672e+00
3.076357126235961914e+00
1.151078033447265625e+01
4.675459384918212891e+00
1.794279932975769043e+00
1.736404180526733398e+00
4.491897106170654297e+00
2.649387121200561523e+00
1.713005185127258301e+00
5.031141281127929688e+00
2.799187660217285156e+00
1.860557794570922852e+00
1.757044315338134766e+00
2.203748941421508789e+00
4.263672351837158203e+00
1.761750221252441406e+00
3.098132133483886719e+00
1.558602809906005859e+00
3.829002618789672852e+00
3.080908298492431641e+00
8.360053062438964844e+00
1.401992559432983398e+00
2.635342121124267578e+00
4.336079597473144531e+00
5.960367202758789062e+00
4.983863353729248047e+00
2.095575094223022461e+00
1.759749984741210938e+01
2.758351564407348633e+00
3.946407318115234375e+00
1.342118644714355469e+01
2.426237583160400391e+00
2.178843259811401367e+00
1.627831697463989258e+00
2.076606750488281250e+00
4.284589767456054688e+00
5.828433990478515625e+00
1.784293293952941895e+00
3.094786882400512695e+00
1.817725777626037598e+00
1.447378396987915039e+00
3.053933382034301758e+00
4.027169227600097656e+00
1.418979263305664062e+01
4.755232810974121094e+00
3.322796344757080078e+00
1.915551900863647461e+00
4.092706203460693359e+00
3.352191686630249023e+00
4.484856605529785156e+00
1.781239390373229980e+00
1.801386475563049316e+00
2.936975717544555664e+00
1.665374517440795898e+00
2.096910476684570312e+00
2.294585943222045898e+00
2.634638786315917969e+01
2.333309650421142578e+00
1.264163732528686523e+00
2.312152862548828125e+00
5.008638858795166016e+00
5.216658592224121094e+00
4.466164588928222656e+00
1.060649776458740234e+01
2.210715770721435547e+00
2.606802463531494141e+00
3.922661542892456055e+00
1.272855997085571289e+00
6.233714580535888672e+00
1.813272237777709961e+00
3.048002958297729492e+00
4.270751476287841797e+00
4.514036178588867188e+00
1.793799638748168945e+00
2.470210075378417969e+00
1.800953269004821777e+00
3.943175792694091797e+00
3.977786064147949219e+00
1.431805491447448730e+00
4.532085418701171875e+00
1.323174571990966797e+01
1.807996630668640137e+00
3.969730377197265625e+00
1.371179389953613281e+01
2.364902496337890625e+00
6.037237644195556641e+00
1.735620975494384766e+00
6.563402175903320312e+00
3.580933094024658203e+00
3.433818578720092773e+00
4.211737155914306641e+00
5.156346797943115234e+00
6.291760444641113281e+00
7.102803230285644531e+00
9.964354515075683594e+00
2.285760879516601562e+00
3.363569259643554688e+00
5.488115310668945312e+00
1.544361114501953125e+00
1.770044207572937012e+00
1.244616508483886719e+00
2.453019618988037109e+00
4.168399333953857422e+00
1.996269583702087402e+00
1.426033973693847656e+00
1.331320190429687500e+01
5.649870395660400391e+00
1.657890081405639648e+00
2.127961874008178711e+00
4.801816940307617188e+00
3.117501974105834961e+00
2.526475906372070312e+00
1.247639369964599609e+01
1.846508979797363281e+00
3.210909843444824219e+00
5.499294281005859375e+00
2.722459077835083008e+00
2.134563446044921875e+00
5.698562622070312500e+00
1.785403132438659668e+00
2.198900461196899414e+00
1.807626128196716309e+00
2.663849592208862305e+00
5.561283588409423828e+00
7.437911987304687500e+00
4.018169403076171875e+00
3.079050302505493164e+00
6.535894393920898438e+00
1.787252068519592285e+00
1.158452868461608887e+00
3.479527473449707031e+00
1.415831470489501953e+01
1.836036682128906250e+00
4.675954341888427734e+00
1.103669261932373047e+01
1.698692679405212402e+00
3.713605403900146484e+00
2.198044061660766602e+00
1.765836596488952637e+00
1.766118288040161133e+00
1.819545030593872070e+00
2.053662776947021484e+00
8.338522911071777344e+00
1.547358036041259766e+00
4.141595458984375000e+01
3.747984647750854492e+00
1.142465233802795410e+00
6.103298187255859375e+00
1.632202625274658203e+00
2.202340841293334961e+00
1.730503320693969727e+00
6.063750743865966797e+00
1.598542809486389160e+00
4.235398769378662109e+00
2.784049749374389648e+00
1.678011655807495117e+00
5.725795269012451172e+00
5.218580245971679688e+00
1.053320121765136719e+01
1.033352971076965332e+00
1.757100343704223633e+00
1.607161879539489746e+00
4.087695121765136719e+00
1.150664997100830078e+01
7.150969982147216797e+00
4.842180252075195312e+00
2.152601718902587891e+00
1.584564566612243652e+00
1.765736579895019531e+00
1.600338101387023926e+00
1.173219490051269531e+01
4.908983230590820312e+00
1.792909860610961914e+00
1.290690326690673828e+01
1.759324073791503906e+00
6.104820251464843750e+00
2.803641080856323242e+00
2.901451349258422852e+00
2.556505441665649414e+00
2.885767936706542969e+00
1.823027253150939941e+00
3.703031063079833984e+00
2.914880037307739258e+00
5.937010288238525391e+00
6.579882621765136719e+00
1.983827352523803711e+00
3.668282032012939453e+00
5.078347682952880859e+00
1.818356394767761230e+00
2.301361799240112305e+00
3.049337148666381836e+00
6.507019042968750000e+00
4.154003620147705078e+00
1.140274882316589355e+00
1.979211449623107910e+00
1.203057885169982910e+00
4.662545680999755859e+00
1.610254883766174316e+00
2.048218345642089844e+01
2.874558925628662109e+00
1.772954940795898438e+00
2.187106370925903320e+00
1.190013527870178223e+00
2.546459913253784180e+00
2.835770845413208008e+00
1.572208523750305176e+00
2.502226591110229492e+00
7.736054420471191406e+00
1.762789845466613770e+00
5.716726779937744141e+00
6.799987316131591797e+00
1.739753603935241699e+00
1.655068516731262207e+00
2.149553537368774414e+00
2.637584686279296875e+00
1.821467638015747070e+00
2.853219032287597656e+00
8.693797111511230469e+00
1.980006790161132812e+01
8.223065376281738281e+00
4.687611579895019531e+00
4.971765041351318359e+00
1.728303909301757812e+00
2.739008903503417969e+00
2.314825773239135742e+00
1.671375751495361328e+00
2.410144567489624023e+00
6.539887905120849609e+00
1.765303134918212891e+00
2.193095445632934570e+00
1.196982383728027344e+00
5.636185169219970703e+00
1.388123130798339844e+01
3.980191230773925781e+00
1.682288885116577148e+00
1.814033031463623047e+00
1.828562974929809570e+00
5.107231616973876953e+00
9.411895751953125000e+00
4.219328880310058594e+00
2.320718050003051758e+00
2.515716552734375000e+00
5.887102127075195312e+00
2.754481554031372070e+00
2.345546483993530273e+00
1.778249502182006836e+00
1.712324857711791992e+00
3.110409498214721680e+00
1.423138499259948730e+00
3.661307334899902344e+00
1.965622663497924805e+00
1.331554222106933594e+01
1.320989608764648438e+00
1.244286823272705078e+01
6.852506637573242188e+00
7.422679901123046875e+00
1.914918327331542969e+01
4.791211128234863281e+00
1.717009305953979492e+00
2.242461681365966797e+00
4.435504913330078125e+00
1.074445605278015137e+00
1.713960170745849609e+00
5.380449295043945312e+00
4.248189449310302734e+00
4.076336860656738281e+00
3.891441822052001953e+00
2.460547447204589844e+00
1.846531510353088379e+00
1.719653367996215820e+00
1.959805607795715332e+00
1.801791191101074219e+00
5.613671302795410156e+00
1.692789435386657715e+00
1.068101978302001953e+01
1.667824745178222656e+00
4.959551811218261719e+00
1.613685131072998047e+00
7.800815582275390625e+00
2.605740308761596680e+00
1.584116220474243164e+00
2.599621295928955078e+00
3.780952453613281250e+00
6.522793769836425781e+00
2.881105184555053711e+00
2.572008609771728516e+00
1.885998249053955078e+00
9.946743011474609375e+00
1.811684370040893555e+00
3.178556203842163086e+00
1.635407686233520508e+00
4.887799263000488281e+00
2.068457841873168945e+00
5.144567489624023438e+00
1.601405620574951172e+00
4.002101421356201172e+00
1.547017097473144531e+00
1.845350503921508789e+00
2.305752992630004883e+00
7.948164939880371094e+00
5.176329612731933594e+00
2.614053249359130859e+00
2.326123476028442383e+00
1.261535739898681641e+01
7.311211109161376953e+00
1.714771747589111328e+00
2.624245643615722656e+00
5.759879112243652344e+00
2.292740583419799805e+00
2.475600242614746094e+00
5.318984985351562500e+00
3.030605316162109375e+00
3.231525421142578125e+00
3.439271926879882812e+00
1.067195320129394531e+01
1.785482048988342285e+00
1.095695614814758301e+00
5.302079677581787109e+00
7.748427867889404297e+00
8.229365348815917969e+00
1.565302467346191406e+01
1.944655776023864746e+00
1.682407855987548828e+00
4.675924301147460938e+01
2.863463640213012695e+00
1.818874120712280273e+00
4.240934848785400391e+00
1.580732583999633789e+00
5.401728630065917969e+00
2.880277156829833984e+00
8.066370964050292969e+00
6.182331085205078125e+00
4.480588436126708984e+00
1.346054196357727051e+00
3.950293064117431641e+00
5.070823669433593750e+00
1.459342956542968750e+00
1.743858337402343750e+00
2.293200016021728516e+00
1.131114602088928223e+00
3.156517267227172852e+00
1.920771837234497070e+00
3.239851474761962891e+00
1.312295556068420410e+00
1.814034700393676758e+00
1.797413706779479980e+00
4.069362640380859375e+00
3.683915853500366211e+00
2.734255552291870117e+00
3.749540328979492188e+00
5.937506198883056641e+00
1.386341810226440430e+00
1.763787746429443359e+00
1.494470715522766113e+00
2.866806268692016602e+00
1.565811276435852051e+00
3.637650012969970703e+00
1.764951348304748535e+00
2.781463623046875000e+00
1.754205226898193359e+00
3.768669843673706055e+00
1.575876355171203613e+00
6.622858047485351562e+00
4.219623088836669922e+00
4.483428955078125000e+00
2.024805068969726562e+00
1.839209318161010742e+00
1.816406965255737305e+00
2.327225446701049805e+00
2.657603025436401367e+00
2.785064697265625000e+00
3.026579856872558594e+00
2.929188013076782227e+00
1.742892146110534668e+00
3.802683591842651367e+00
1.067152881622314453e+01
1.711398839950561523e+00
4.630580902099609375e+00
3.757463216781616211e+00
1.657766222953796387e+00
6.241547107696533203e+00
3.158007621765136719e+00
3.194488286972045898e+00
3.937348365783691406e+00
2.933661699295043945e+00
1.774968862533569336e+00
3.076737642288208008e+00
1.687273740768432617e+00
4.375694751739501953e+00
2.485409259796142578e+00
2.899376392364501953e+00
1.136838817596435547e+01
1.673060774803161621e+00
5.737358093261718750e+00
3.924082040786743164e+00
1.445996522903442383e+00
1.742220520973205566e+00
3.060731410980224609e+00
5.031442165374755859e+00
2.232471942901611328e+00
2.169479942321777344e+01
3.457775592803955078e+00
2.748469114303588867e+00
5.185668945312500000e+00
1.462895393371582031e+00
4.843133449554443359e+00
4.044388294219970703e+00
2.823762178421020508e+00
1.580545425415039062e+01
1.847054123878479004e+00
1.800192952156066895e+00
2.906753063201904297e+00
1.514557361602783203e+00
1.661449670791625977e+00
7.041773796081542969e+00
3.197803974151611328e+00
1.744595766067504883e+00
7.234591960906982422e+00
8.287659645080566406e+00
1.222277641296386719e+00
3.088059902191162109e+00
1.695419073104858398e+00
2.106763362884521484e+00
1.810467123985290527e+00
3.136563777923583984e+00
2.829178094863891602e+00
5.705924510955810547e+00
2.107796907424926758e+00
3.117792129516601562e+00
2.533420562744140625e+00
2.853460788726806641e+00
1.387583613395690918e+00
1.147124004364013672e+01
3.816417217254638672e+00
1.444484353065490723e+00
1.813546895980834961e+00
4.028648376464843750e+00
1.373382282257080078e+01
1.827857494354248047e+00
5.879378795623779297e+00
1.467979550361633301e+00
3.876215934753417969e+00
3.461831092834472656e+00
1.778428912162780762e+00
2.938702821731567383e+00
6.427218437194824219e+00
4.827576637268066406e+00
5.102260589599609375e+00
3.688005924224853516e+00
1.282923817634582520e+00
3.837259292602539062e+00
8.276100158691406250e+00
1.450286984443664551e+00
4.880263805389404297e+00
1.996784687042236328e+00
3.768906593322753906e+00
1.713245391845703125e+00
9.560618400573730469e+00
2.174205541610717773e+00
1.820127844810485840e+00
7.507373809814453125e+00
2.806426525115966797e+00
9.887428283691406250e+00
2.684585094451904297e+00
1.004162979125976562e+01
4.184384822845458984e+00
4.839560031890869141e+00
1.859664678573608398e+00
3.363960504531860352e+00
4.357091903686523438e+00
2.518985986709594727e+00
1.852615475654602051e+00
3.617044448852539062e+00
2.866894006729125977e+00
8.552925109863281250e+00
1.420673465728759766e+01
1.074089145660400391e+01
3.803498268127441406e+00
2.124603986740112305e+00
7.874547481536865234e+00
2.775721073150634766e+00
5.746442794799804688e+00
2.515551090240478516e+00
3.725874900817871094e+00
1.642476677894592285e+00
1.800952196121215820e+00
1.384840130805969238e+00
4.347321033477783203e+00
1.832814455032348633e+00
1.560309767723083496e+00
3.676967144012451172e+00
1.759636878967285156e+00
1.661275029182434082e+00
3.316777706146240234e+00
1.382006359100341797e+01
9.416254997253417969e+00
4.329171180725097656e+00
2.834344863891601562e+00
4.505389690399169922e+00
3.213023662567138672e+00
4.233049869537353516e+00
1.114132499694824219e+01
1.622508406639099121e+00
4.644476413726806641e+00
4.187005996704101562e+00
2.054890155792236328e+00
2.608290433883666992e+00
1.255345726013183594e+01
5.689709186553955078e+00
4.095560550689697266e+00
1.746316432952880859e+00
5.880441665649414062e+00
1.791743397712707520e+00
1.037765979766845703e+01
1.425257587432861328e+01
4.676243782043457031e+00
1.726203441619873047e+00
1.888765931129455566e+00
1.082008838653564453e+00
8.067454338073730469e+00
1.369435548782348633e+00
3.405748605728149414e+00
2.219917297363281250e+00
2.120737791061401367e+00
3.059405326843261719e+00
5.556814193725585938e+00
1.474299430847167969e+00
1.779483556747436523e+00
1.910302996635437012e+00
2.811325073242187500e+00
5.039120674133300781e+00
1.614852309226989746e+00
3.247036933898925781e+00
4.265733718872070312e+00
2.357554435729980469e+00
7.809830665588378906e+00
2.116599559783935547e+00
1.821653127670288086e+00
1.792196869850158691e+00
4.468756675720214844e+00
2.245135307312011719e+00
1.674400925636291504e+00
1.746330380439758301e+00
3.007945060729980469e+00
5.204877376556396484e+00
3.660298109054565430e+00
3.891872644424438477e+00
1.051422691345214844e+01
3.255249261856079102e+00
3.117158651351928711e+00
1.824819326400756836e+00
1.651660084724426270e+00
5.817893505096435547e+00
1.778187513351440430e+00
6.985876083374023438e+00
1.707041263580322266e+00
1.932129621505737305e+00
1.762450337409973145e+00
1.612699985504150391e+00
4.711229801177978516e+00
2.968331813812255859e+00
4.390590190887451172e+00
2.494709730148315430e+00
2.258510971069335938e+01
2.990529298782348633e+00
1.916101074218750000e+01
1.805180191993713379e+00
8.723048210144042969e+00
8.587049484252929688e+00
2.938722848892211914e+00
7.167567253112792969e+00
1.324071168899536133e+00
2.400390863418579102e+00
8.769182205200195312e+00
2.531657695770263672e+00
7.789890289306640625e+00
7.273611068725585938e+00
2.710041046142578125e+00
1.533117175102233887e+00
6.205899238586425781e+00
5.570725440979003906e+00
1.280920386314392090e+00
3.287738561630249023e+00
2.781322479248046875e+00
4.065653324127197266e+00
6.103780746459960938e+00
3.869284391403198242e+00
4.089923381805419922e+00
1.639530062675476074e+00
2.519726276397705078e+00
1.866832017898559570e+00
7.647658348083496094e+00
7.516192436218261719e+00
6.815002918243408203e+00
1.375887632369995117e+00
1.829740524291992188e+00
1.621248245239257812e+00
1.708097457885742188e+00
1.871678829193115234e+00
2.039950370788574219e+00
1.792498946189880371e+00
3.180796146392822266e+00
1.040944766998291016e+01
1.788228034973144531e+00
4.723361492156982422e+00
4.948513031005859375e+00
3.556219339370727539e+00
1.615783214569091797e+00
4.798150062561035156e+00
4.978917121887207031e+00
4.275039196014404297e+00
1.054593944549560547e+01
1.747327566146850586e+00
3.740869283676147461e+00
2.885476112365722656e+00
4.699759960174560547e+00
2.702133893966674805e+00
4.141030311584472656e+00
1.998853445053100586e+00
7.488136768341064453e+00
1.484718918800354004e+00
4.573794841766357422e+00
3.966635227203369141e+00
4.136147499084472656e+00
2.539332866668701172e+00
2.105437278747558594e+00
2.099368572235107422e+00
1.488371491432189941e+00
3.440164804458618164e+00
4.014980316162109375e+00
1.747992515563964844e+00
2.100650787353515625e+00
2.334757328033447266e+00
4.807528972625732422e+00
5.957162857055664062e+00
4.223355293273925781e+00
5.032585144042968750e+00
1.012804889678955078e+01
4.151393413543701172e+00
2.597826480865478516e+00
4.817142009735107422e+00
5.038142681121826172e+00
1.698328137397766113e+00
2.695318937301635742e+00
1.822895407676696777e+00
1.882716536521911621e+00
3.012914419174194336e+00
2.185333490371704102e+00
1.725622773170471191e+00
2.362927246093750000e+01
4.350457191467285156e+00
1.490658402442932129e+00
1.798518300056457520e+00
6.522907257080078125e+00
2.308279037475585938e+00
3.327637910842895508e+00
8.807975769042968750e+00
4.328257083892822266e+00
2.987608194351196289e+00
6.038484096527099609e+00
1.783383131027221680e+00
2.984695434570312500e+00
9.081228256225585938e+00
2.440578222274780273e+00
5.403083801269531250e+00
1.727957487106323242e+00
1.461275100708007812e+00
1.675325155258178711e+00
3.274909257888793945e+00
2.185465574264526367e+00
4.921056270599365234e+00
8.744609832763671875e+00
6.744945049285888672e+00
7.514444828033447266e+00
1.816464781761169434e+00
4.445944309234619141e+00
1.823468327522277832e+00
6.001258373260498047e+00
4.568585872650146484e+00
2.128551721572875977e+00
2.473086595535278320e+00
4.452960491180419922e+00
2.187220096588134766e+00
8.555576324462890625e+00
1.061577701568603516e+01
1.475425958633422852e+00
1.020909905433654785e+00
2.050167083740234375e+00
4.122626781463623047e+00
3.302748680114746094e+00
5.100530147552490234e+00
4.542551994323730469e+00
1.667730808258056641e+00
6.084617614746093750e+00
2.336090803146362305e+00
1.332696318626403809e+00
6.626929283142089844e+00
3.563848733901977539e+00
3.134969949722290039e+00
1.244973373413085938e+01
2.041871309280395508e+00
1.785672903060913086e+00
2.420668125152587891e+00
1.774665832519531250e+00
5.231105327606201172e+00
3.321643352508544922e+00
1.950103878974914551e+00
2.017412900924682617e+00
5.638042449951171875e+00
8.935882568359375000e+00
1.916733741760253906e+00
4.075781822204589844e+00
2.221798419952392578e+00
2.680983781814575195e+00
1.093262672424316406e+00
1.058748245239257812e+01
3.794418096542358398e+00
1.545674204826354980e+00
6.864671230316162109e+00
4.246253967285156250e+00
3.817170619964599609e+00
3.111804485321044922e+00
1.815235137939453125e+00
2.005938768386840820e+00
7.927937507629394531e+00
2.825294017791748047e+00
1.695472955703735352e+00
3.489096879959106445e+00
7.779607295989990234e+00
2.235360622406005859e+00
2.157376289367675781e+00
4.239383220672607422e+00
3.315589189529418945e+00
2.134261846542358398e+00
1.718926787376403809e+00
1.736991405487060547e+00
2.741950035095214844e+00
7.793429851531982422e+00
7.923552989959716797e+00
2.840780735015869141e+00
3.940443992614746094e+00
7.298442363739013672e+00
3.475014686584472656e+00
1.993726134300231934e+00
1.788756728172302246e+00
1.746906995773315430e+00
1.884810328483581543e+00
3.689884901046752930e+00
7.645665168762207031e+00
6.894724845886230469e+00
3.944337129592895508e+00
2.839399576187133789e+00
2.474457740783691406e+00
1.772973179817199707e+00
3.182821750640869141e+00
3.148259401321411133e+00
3.858115673065185547e+00
2.308715820312500000e+00
1.146169900894165039e+00
1.835157513618469238e+00
8.605803489685058594e+00
8.694672584533691406e+00
3.766921758651733398e+00
4.330016136169433594e+00
8.128676414489746094e+00
3.772302865982055664e+00
2.389034509658813477e+00
3.736895799636840820e+00
1.549040675163269043e+00
2.615838050842285156e+00
6.727789878845214844e+00
3.528862476348876953e+00
2.250333070755004883e+00
4.914289474487304688e+00
1.690223574638366699e+00
1.952643966674804688e+01
1.771947622299194336e+00
4.499815940856933594e+00
2.412168979644775391e+00
3.540304660797119141e+00
4.569477558135986328e+00
4.678423404693603516e+00
1.088637948036193848e+00
3.159085273742675781e+00
1.734561920166015625e+00
1.555836081504821777e+00
2.468719720840454102e+00
3.097624778747558594e+00
1.523333668708801270e+00
4.151377677917480469e+00
2.433290004730224609e+00
2.720778703689575195e+00
2.143961429595947266e+00
4.077199459075927734e+00
1.123038530349731445e+00
2.950210809707641602e+00
1.061656761169433594e+01
2.391890048980712891e+00
3.154221773147583008e+00
4.160187721252441406e+00
2.535190343856811523e+00
1.725963830947875977e+00
3.672084331512451172e+00
2.261604785919189453e+00
2.163533210754394531e+00
1.826378250122070312e+01
1.191439151763916016e+00
2.320316076278686523e+00
6.969015598297119141e+00
3.840768575668334961e+00
4.406000614166259766e+00
1.390997791290283203e+01
1.803764343261718750e+00
8.552939414978027344e+00
3.563643932342529297e+00
4.545879364013671875e+00
2.410232543945312500e+00
1.727611780166625977e+00
1.795947074890136719e+00
3.094352722167968750e+00
1.804865956306457520e+00
6.716885566711425781e+00
3.791951894760131836e+00
3.653741836547851562e+00
1.071885299682617188e+01
5.399372577667236328e+00
5.621029853820800781e+00
4.297086238861083984e+00
1.760058641433715820e+00
2.270634412765502930e+00
3.988399505615234375e+00
3.869392633438110352e+00
1.805120229721069336e+00
3.196161031723022461e+00
5.541283607482910156e+00
1.938147306442260742e+00
3.094293832778930664e+00
3.572360992431640625e+00
3.190432310104370117e+00
8.236099243164062500e+00
3.716725349426269531e+00
1.413546562194824219e+00
5.491585731506347656e+00
2.989855051040649414e+00
1.819934248924255371e+00
2.192139863967895508e+00
3.378495693206787109e+00
4.894825935363769531e+00
2.131305694580078125e+00
2.011315345764160156e+00
1.814581871032714844e+00
1.122061371803283691e+00
4.598883152008056641e+00
1.449779748916625977e+00
2.201946020126342773e+00
5.349829196929931641e+00
3.343794345855712891e+00
1.743101954460144043e+00
2.376063346862792969e+00
9.121726989746093750e+00
3.486571073532104492e+00
2.862041234970092773e+00
4.360516071319580078e+00
8.443810462951660156e+00
2.695740461349487305e+00
7.940385341644287109e+00
1.805054664611816406e+00
2.981664896011352539e+00
4.397417068481445312e+00
1.629611253738403320e+00
1.706329107284545898e+00
1.757523655891418457e+00
1.312364339828491211e+00
5.325725555419921875e+00
3.808005571365356445e+00
8.542904853820800781e+00
3.475153446197509766e+00
1.582481670379638672e+01
1.771237373352050781e+00
1.741051197052001953e+00
1.058647632598876953e+01
3.773495197296142578e+00
1.352632141113281250e+01
8.211604118347167969e+00
7.206063747406005859e+00
4.568941593170166016e+00
1.563679218292236328e+00
2.050569772720336914e+00
2.839687824249267578e+00
3.222321033477783203e+00
1.974929928779602051e+00
2.259736061096191406e+00
3.563269138336181641e+00
3.872751951217651367e+00
3.448072910308837891e+00
1.656794667243957520e+00
1.214210224151611328e+01
1.708980917930603027e+00
4.945874214172363281e+00
1.974749565124511719e+00
3.460113286972045898e+00
1.797235965728759766e+00
2.336153507232666016e+00
1.769481539726257324e+00
2.973575115203857422e+00
5.220613479614257812e+00
1.835691571235656738e+00
3.940062999725341797e+00
4.614021301269531250e+00
1.826083660125732422e+00
4.672255992889404297e+00
5.398571968078613281e+00
2.579631090164184570e+00
1.929496288299560547e+00
9.926662445068359375e+00
7.306513786315917969e+00
3.887549638748168945e+00
6.104622364044189453e+00
1.375324368476867676e+00
2.850532531738281250e+00
3.035016536712646484e+00
2.456852197647094727e+00
1.323450326919555664e+00
5.766200542449951172e+00
1.800470948219299316e+00
2.078992366790771484e+00
4.169348716735839844e+00
4.643630981445312500e+00
1.702094674110412598e+00
3.109076499938964844e+00
1.473111152648925781e+00
5.464199542999267578e+00
3.071640491485595703e+00
1.664219856262207031e+00
6.120582580566406250e+00
4.822065830230712891e+00
4.828687191009521484e+00
2.543330669403076172e+00
6.770970344543457031e+00
6.902152061462402344e+00
6.571724891662597656e+00
1.835215568542480469e+00
3.229451417922973633e+00
2.413365364074707031e+00
3.315905332565307617e+00
2.376235723495483398e+00
1.716121673583984375e+01
2.385174179077148438e+01
3.124549865722656250e+00
1.015843296051025391e+01
2.036165714263916016e+00
1.181615447998046875e+01
2.196204423904418945e+00
3.176406383514404297e+00
4.613038539886474609e+00
1.770321846008300781e+00
1.435378670692443848e+00
2.402409315109252930e+00
3.458784580230712891e+00
4.548888683319091797e+00
1.306431388854980469e+01
1.732765674591064453e+00
1.753089785575866699e+00
2.711285352706909180e+00
8.183178901672363281e+00
1.861364364624023438e+00
1.966334724426269531e+01
2.312167644500732422e+00
7.146646976470947266e+00
2.241698265075683594e+00
1.403261184692382812e+01
3.418664932250976562e+00
7.216597557067871094e+00
1.796074390411376953e+00
1.732896685600280762e+00
8.870016098022460938e+00
3.826487779617309570e+00
1.798443555831909180e+00
2.559818267822265625e+01
4.695708274841308594e+00
3.548328638076782227e+00
5.604694366455078125e+00
1.209951162338256836e+00
2.350429534912109375e+00
4.395481109619140625e+00
5.734181880950927734e+00
1.401881790161132812e+01
1.044983267784118652e+00
5.365296840667724609e+00
1.758712530136108398e+00
1.668499231338500977e+00
4.312842369079589844e+00
1.583027124404907227e+00
5.358306884765625000e+00
1.830616354942321777e+00
5.606276988983154297e+00
1.182921886444091797e+01
1.664344191551208496e+00
1.621458816528320312e+01
3.988614559173583984e+00
7.116391658782958984e+00
3.385192155838012695e+00
6.067363739013671875e+00
1.774143815040588379e+00
5.837213039398193359e+00
3.151334762573242188e+00
3.622240543365478516e+00
3.792324304580688477e+00
1.779068827629089355e+00
1.765513420104980469e+00
1.589900493621826172e+00
1.455985784530639648e+00
2.970397949218750000e+00
3.459154367446899414e+00
4.926217079162597656e+00
2.210351943969726562e+00
1.509538650512695312e+00
7.668092727661132812e+00
4.407201290130615234e+00
1.840654611587524414e+00
4.398327827453613281e+00
3.249316215515136719e+00
1.758438825607299805e+00
4.411117553710937500e+00
6.733372211456298828e+00
1.765672206878662109e+00
3.360641479492187500e+00
1.667208671569824219e+00
2.271681785583496094e+00
3.474083900451660156e+00
8.571242332458496094e+00
6.191313266754150391e+00
3.082990407943725586e+00
1.602517843246459961e+00
1.799723982810974121e+00
9.736127853393554688e-01
1.801183938980102539e+00
2.862031698226928711e+00
1.546006584167480469e+01
1.022017955780029297e+00
1.696625351905822754e+00
3.886429309844970703e+00
1.448200583457946777e+00
3.555081605911254883e+00
4.065012931823730469e+00
3.854626655578613281e+00
6.765774250030517578e+00
3.319874048233032227e+00
2.046434640884399414e+00
1.832498073577880859e+00
7.517405033111572266e+00
5.545475959777832031e+00
9.612517356872558594e+00
2.514818668365478516e+00
1.808973193168640137e+00
3.827819347381591797e+00
3.249634027481079102e+00
1.760716438293457031e+00
3.877950668334960938e+00
1.800777077674865723e+00
3.564564228057861328e+00
2.389031887054443359e+00
5.237809181213378906e+00
2.111099720001220703e+00
9.892309904098510742e-01
1.758888125419616699e+00
1.882416367530822754e+00
2.716293811798095703e+00
1.979967117309570312e+00
4.458089828491210938e+00
3.612677335739135742e+00
1.808992981910705566e+00
2.600210189819335938e+00
1.699104785919189453e+00
7.035753726959228516e+00
2.521076917648315430e+00
6.098944187164306641e+00
2.286798000335693359e+00
1.004479503631591797e+01
1.475927543640136719e+01
3.445272207260131836e+00
2.169501781463623047e+00
2.033822536468505859e+00
3.526062965393066406e+00
1.243547534942626953e+01
1.729235267639160156e+01
1.031844854354858398e+00
5.618678569793701172e+00
2.934922218322753906e+00
2.466696739196777344e+00
2.732497215270996094e+00
3.160473108291625977e+00
1.412482142448425293e+00
9.341037750244140625e+00
1.831131815910339355e+00
3.865238428115844727e+00
1.406342864036560059e+00
3.808145046234130859e+00
1.838610529899597168e+00
7.924583435058593750e+00
1.775104641914367676e+00
2.208669662475585938e+00
1.762772440910339355e+00
1.693492054939270020e+00
7.359002113342285156e+00
1.081466913223266602e+00
1.713068008422851562e+00
2.631248950958251953e+00
1.294556427001953125e+01
1.142964720726013184e+00
7.899498462677001953e+00
3.556122779846191406e+00
1.734616279602050781e+00
2.836562395095825195e+00
6.214858055114746094e+00
2.154722213745117188e+00
1.716728568077087402e+00
6.863366603851318359e+00
3.023089170455932617e+00
9.065401077270507812e+00
5.858745098114013672e+00
5.258300781250000000e+00
3.343247413635253906e+00
1.735744953155517578e+00
2.289151430130004883e+00
3.523065805435180664e+00
5.948031425476074219e+00
1.459507942199707031e+00
2.511567354202270508e+00
1.772144079208374023e+00
1.725871443748474121e+00
2.935747623443603516e+00
5.122731685638427734e+00
1.559860110282897949e+00
1.325581789016723633e+00
2.097294807434082031e+00
5.160549163818359375e+00
1.610070943832397461e+00
3.428197383880615234e+00
5.130637645721435547e+00
1.902200698852539062e+00
1.727778911590576172e+00
1.142905592918395996e+00
2.424628973007202148e+00
1.492150068283081055e+00
2.906684398651123047e+00
5.245494842529296875e+00
1.819609642028808594e+00
1.451366066932678223e+00
1.695665717124938965e+00
1.489946007728576660e+00
1.212129354476928711e+00
1.765432476997375488e+00
6.683347702026367188e+00
3.099933385848999023e+00
4.545325279235839844e+00
1.912691116333007812e+00
1.804211258888244629e+00
2.370838642120361328e+00
5.258019924163818359e+00
2.871616125106811523e+00
2.302201032638549805e+00
9.076086997985839844e+00
2.255624055862426758e+00
1.834599018096923828e+00
1.988508939743041992e+00
4.678450107574462891e+00
5.811006546020507812e+00
3.914509534835815430e+00
2.834930419921875000e+00
2.554877758026123047e+00
3.595682144165039062e+00
1.258703351020812988e+00
3.143152952194213867e+00
5.812950134277343750e+00
4.426234245300292969e+00
1.662483453750610352e+00
1.722389936447143555e+00
3.255785703659057617e+00
2.266656160354614258e+00
2.575215101242065430e+00
3.169976234436035156e+00
1.887573719024658203e+00
1.671008586883544922e+00
1.828759551048278809e+00
5.011452198028564453e+00
1.574490666389465332e+00
1.583771228790283203e+00
3.966105461120605469e+00
2.561855792999267578e+00
6.143680572509765625e+00
5.113843441009521484e+00
8.580216407775878906e+00
4.006893634796142578e+00
1.581516742706298828e+00
1.775710821151733398e+00
3.907011747360229492e+00
3.049131155014038086e+00
5.264851093292236328e+00
3.846385240554809570e+00
2.377177715301513672e+00
8.204366683959960938e+00
1.737797021865844727e+00
4.171588420867919922e+00
2.087513732910156250e+01
3.218394756317138672e+00
1.588955283164978027e+00
1.202950096130371094e+01
3.218481063842773438e+00
1.593928217887878418e+00
1.676044940948486328e+00
2.070791244506835938e+00
1.821294188499450684e+00
7.760055541992187500e+01
1.741469621658325195e+00
1.770708084106445312e+00
5.470510482788085938e+00
3.515912532806396484e+00
