2.988786904359661684e-02
2.495001034370464624e-02
2.447384780159147719e-02
2.410537942828729074e-02
2.313715732047910353e-02
2.295134735622797462e-02
2.271254410284113609e-02
2.267370717460811397e-02
2.257032099920970938e-02
2.257939338220010111e-02
2.263891875575639243e-02
2.219759968314430343e-02
2.230015280590196686e-02
2.228322085750291878e-02
2.264004508196131027e-02
2.258553625261365549e-02
2.258424948297684323e-02
2.246163640451129262e-02
2.253325972694794621e-02
2.261611629785426070e-02
2.254337918555960121e-02
2.245871858537314483e-02
2.244885819263373050e-02
2.279512957377458418e-02
2.259933706381188345e-02
2.256481868920587330e-02
2.247687760688714051e-02
2.252925954242625955e-02
2.241921398883384847e-02
2.228032075068317810e-02
2.238252296188545168e-02
2.239635916169398222e-02
2.240471584508731476e-02
2.240646546726648980e-02
2.246276908214966256e-02
2.241623046698825936e-02
2.240610174917980965e-02
2.230873853087652139e-02
2.233354440031933008e-02
2.235595300154738854e-02
2.230948646157498994e-02
2.223579615719415911e-02
2.226659870753187193e-02
2.256117773496743237e-02
2.260012171091829031e-02
2.240433049755697487e-02
2.245183230494672902e-02
2.277943218215994561e-02
2.233200697816971683e-02
