5.778613567352295366e-01
4.101557284593582153e-01
3.014172285795211903e-01
2.389970958232879583e-01
2.059729620814323425e-01
1.798036053776740917e-01
1.643940120935440119e-01
1.507467284798622020e-01
1.386531949043273981e-01
1.296419441699981634e-01
1.212439790368080167e-01
1.146193943917751257e-01
1.099277347326278742e-01
1.027542196214199094e-01
9.624695181846618097e-02
9.127419814467430115e-02
8.907251954078673761e-02
8.376979678869247992e-02
7.984354421496391019e-02
7.904677912592887601e-02
7.696125097572803497e-02
7.154156714677810391e-02
6.982308365404606143e-02
6.764825321733951291e-02
6.358911842107772827e-02
6.135019920766353330e-02
5.902872495353221616e-02
5.770031809806823453e-02
5.818446204066276412e-02
5.522268526256084165e-02
5.560553744435310641e-02
5.135726705193519731e-02
5.121985413134098192e-02
5.504834353923797330e-02
4.820501022040844102e-02
4.783581383526325226e-02
4.633353687822818617e-02
4.724612012505531589e-02
4.732148796319961270e-02
4.468978419899940352e-02
4.316372834146022658e-02
4.283743165433406830e-02
4.695292599499225478e-02
4.243242628872394284e-02
4.230818971991538724e-02
4.267013594508171220e-02
3.973501883447170396e-02
4.294979758560657501e-02
4.299556836485862732e-02
4.067446552217006406e-02
4.053517095744609694e-02
4.207612574100494385e-02
3.776638656854629239e-02
3.992285579442977905e-02
3.852774873375892917e-02
6.482007615268230161e-02
3.665919043123722076e-02
3.709131106734275818e-02
3.599870540201664110e-02
3.725559264421463013e-02
3.659485429525375505e-02
3.648589402437209944e-02
3.852492570877075195e-02
3.815573304891586165e-02
3.692102879285812100e-02
3.618412539362907132e-02
3.543536867946386199e-02
3.446919359266757688e-02
5.514764487743377408e-02
3.970685414969921112e-02
3.663565814495086531e-02
3.431060500442981859e-02
3.437104560434818545e-02
4.291827380657196184e-02
3.398046437650918683e-02
3.424102384597062926e-02
3.455675318837166110e-02
3.465411812067031860e-02
4.707836620509624204e-02
3.402128089219332019e-02
3.427952043712138852e-02
3.365718331187963347e-02
3.563789874315261702e-02
3.250619787722826282e-02
3.391736336052417894e-02
3.253188468515873233e-02
3.424352854490279874e-02
3.520139455795288225e-02
3.535468652844429155e-02
3.850631751120090623e-02
3.403399307280778607e-02
3.597443811595439633e-02
3.453758582472801070e-02
3.237166851758956770e-02
3.523252457380295077e-02
4.782145284116268158e-02
3.370280954986810962e-02
3.280770722776651244e-02
3.342674821615219255e-02
3.557301908731460433e-02
