2.741364968425360690e-02
2.732487544580903746e-02
2.734582934139386662e-02
2.744665515650271739e-02
2.703295972660894886e-02
2.720323081840785723e-02
2.716412602441115390e-02
2.715855279239991552e-02
2.734905660621089751e-02
2.720085045775808008e-02
2.720503900894031060e-02
2.721083518740079546e-02
2.702444614286464777e-02
2.715221683685108134e-02
2.702323022117083390e-02
2.702986357586704622e-02
2.703571661530245265e-02
2.701246178559965627e-02
2.722431012934250008e-02
2.720277814767430719e-02
2.716432971297402452e-02
2.723508626055394510e-02
2.708482035849124267e-02
2.707597729697147973e-02
2.706542316014241487e-02
2.712898915422081239e-02
2.709550046016578895e-02
2.712311511874353556e-02
2.714477008968746094e-02
2.704109350283589314e-02
2.708981522441941681e-02
2.705556790325757549e-02
2.695627366297003238e-02
2.709290530798773647e-02
2.722545785180629022e-02
2.712840292483109997e-02
2.701440161406141321e-02
2.708279408021513693e-02
2.701222370684756499e-02
2.702742584968084727e-02
2.712145457492936770e-02
2.710308121253761013e-02
2.711497964038362199e-02
2.701070722717041281e-02
2.718476792055848218e-02
2.729306838354451925e-02
2.724217205043956078e-02
2.720801606377751952e-02
2.719103240353631934e-02
2.708010149626332783e-02
2.712335018843494913e-02
2.716494941964236326e-02
2.715669985541073472e-02
2.722100944111043724e-02
2.723471449056698301e-02
2.703809052661170290e-02
2.701138009471718698e-02
2.708406194671594824e-02
2.707539744309250818e-02
2.722374599773494386e-02
2.704841993419315402e-02
2.706750937127565260e-02
2.715569355198793264e-02
2.728821671858700643e-02
2.721772785752473583e-02
2.724894619475460092e-02
2.739132246029182816e-02
2.729176169201297242e-02
2.713308928507676340e-02
2.706456802426924699e-02
2.699254762485588793e-02
2.695423920783356769e-02
2.701116928018410662e-02
2.700687321513816838e-02
2.706591632946145007e-02
2.710039143279871846e-02
2.714916384759506057e-02
2.717143144934914753e-02
2.715322491490403806e-02
2.724548261894384552e-02
2.731379276466927922e-02
2.738020196761125485e-02
2.738974696033552939e-02
2.734260964091609833e-02
2.734200261363315190e-02
2.737957263868910987e-02
2.721843135682724610e-02
2.714198694168183656e-02
2.722670929585632033e-02
2.729410537606226025e-02
2.733516013233244085e-02
2.729880796749201144e-02
2.728222430265072468e-02
2.731504570460442302e-02
2.730069917335551863e-02
2.741286418871612465e-02
2.734296388527532318e-02
2.731459667564730895e-02
2.718097314697347916e-02
2.714205456397940017e-02
2.710377936162636225e-02
2.707343192462179429e-02
2.716788701930867092e-02
2.717749806377161431e-02
2.712569345571164831e-02
2.716460994977714510e-02
2.717895473206239504e-02
2.713199257161295896e-02
2.714483284391310675e-02
2.714442742802050668e-02
2.712550141368314655e-02
2.711705337549153577e-02
2.712150948200628062e-02
2.713569732050236799e-02
2.713883541564282229e-02
2.715837313274678186e-02
2.714470440934237463e-02
2.713694405595597214e-02
2.713553150829534424e-02
2.713815237017823401e-02
2.713669709788455592e-02
2.714291538724307104e-02
2.715087331512574045e-02
2.713899313083723702e-02
2.712073366514280645e-02
2.709618454312428745e-02
2.711056590151625367e-02
2.709036162846719872e-02
2.707039264010134560e-02
2.706331297920885892e-02
2.706603612124444322e-02
2.708106964985707021e-02
2.704264185360039444e-02
2.704428957538127301e-02
2.704795896397351601e-02
2.706250863616609104e-02
2.709004650686637136e-02
2.706388768248948681e-02
2.706183205722685961e-02
2.706778377204499195e-02
2.708637177780775368e-02
2.709233442422683338e-02
2.710426336441067868e-02
2.711239163306291416e-02
2.711012179133231656e-02
2.710313155975873495e-02
2.710582449015910833e-02
2.711650036004121384e-02
2.713861306313584271e-02
2.708925473526624730e-02
2.708113399729637424e-02
2.705013537265460108e-02
2.705116206577335564e-02
2.708015843263233621e-02
2.710073158207005478e-02
2.709367469480599214e-02
2.708894989467330872e-02
2.705007088932710399e-02
2.707804720294564385e-02
2.707611561482502205e-02
2.703489106555014357e-02
2.706936677779957223e-02
2.705121391031087286e-02
2.705758726354273724e-02
2.703415525928344956e-02
2.707198444369087950e-02
2.712924604292824005e-02
2.704941734101488221e-02
2.705592580701064731e-02
2.703862529650315899e-02
2.705092066380323373e-02
2.703902935318253792e-02
2.706170864272237214e-02
2.708343906894714048e-02
2.711848372535531626e-02
2.714148175513531741e-02
2.710307123619211736e-02
2.705199056426496260e-02
2.706361587425717974e-02
2.709066384831218186e-02
2.712029079245716415e-02
2.719083765692808033e-02
2.715061856232382775e-02
2.705171664449624799e-02
2.701857253768749634e-02
2.699010739157599661e-02
2.699492918248871248e-02
2.699833830745597060e-02
2.701439545475115694e-02
2.700335859889018211e-02
2.702086298949701870e-02
2.706068062247860007e-02
2.709782495591926341e-02
2.715914287736014010e-02
2.716185115691932550e-02
2.719614163843811147e-02
2.718282049951971022e-02
2.715922175643582792e-02
2.712611556814255309e-02
