4.898000000000000131e-01
5.298000000000000487e-01
5.231999999999999984e-01
5.235999999999999543e-01
5.175999999999999490e-01
5.168000000000000371e-01
5.210000000000000187e-01
5.223999999999999755e-01
5.188000000000000389e-01
5.218000000000000416e-01
5.220000000000000195e-01
5.191999999999999948e-01
5.161999999999999922e-01
5.145999999999999464e-01
5.138000000000000345e-01
5.111999999999999877e-01
5.103999999999999648e-01
5.096000000000000529e-01
5.090000000000000080e-01
5.100000000000000089e-01
5.088000000000000300e-01
5.078000000000000291e-01
5.068000000000000282e-01
5.071999999999999842e-01
5.066000000000000503e-01
5.076000000000000512e-01
5.058000000000000274e-01
5.068000000000000282e-01
5.043999999999999595e-01
5.043999999999999595e-01
5.041999999999999815e-01
5.023999999999999577e-01
5.018000000000000238e-01
5.020000000000000018e-01
5.020000000000000018e-01
5.030000000000000027e-01
5.026000000000000467e-01
5.030000000000000027e-01
5.028000000000000247e-01
5.031999999999999806e-01
5.030000000000000027e-01
5.031999999999999806e-01
5.030000000000000027e-01
5.018000000000000238e-01
5.008000000000000229e-01
4.994000000000000106e-01
4.995999999999999885e-01
4.998000000000000220e-01
5.008000000000000229e-01
5.003999999999999559e-01
5.001999999999999780e-01
4.998000000000000220e-01
5.001999999999999780e-01
5.001999999999999780e-01
5.001999999999999780e-01
5.000000000000000000e-01
5.000000000000000000e-01
4.995999999999999885e-01
4.998000000000000220e-01
4.991999999999999771e-01
4.989999999999999991e-01
4.985999999999999877e-01
4.985999999999999877e-01
4.981999999999999762e-01
4.979999999999999982e-01
4.984000000000000097e-01
4.979999999999999982e-01
4.985999999999999877e-01
4.984000000000000097e-01
4.984000000000000097e-01
4.985999999999999877e-01
4.981999999999999762e-01
4.985999999999999877e-01
4.979999999999999982e-01
4.971999999999999753e-01
4.984000000000000097e-01
4.979999999999999982e-01
4.981999999999999762e-01
4.989999999999999991e-01
4.985999999999999877e-01
4.988000000000000211e-01
4.989999999999999991e-01
4.991999999999999771e-01
4.998000000000000220e-01
5.000000000000000000e-01
5.003999999999999559e-01
5.006000000000000449e-01
5.008000000000000229e-01
5.013999999999999568e-01
5.016000000000000458e-01
5.016000000000000458e-01
5.018000000000000238e-01
5.020000000000000018e-01
5.020000000000000018e-01
5.016000000000000458e-01
5.018000000000000238e-01
5.016000000000000458e-01
5.016000000000000458e-01
5.011999999999999789e-01
5.010000000000000009e-01
5.016000000000000458e-01
5.021999999999999797e-01
5.021999999999999797e-01
5.021999999999999797e-01
5.020000000000000018e-01
5.020000000000000018e-01
5.018000000000000238e-01
5.018000000000000238e-01
5.018000000000000238e-01
5.021999999999999797e-01
5.018000000000000238e-01
5.016000000000000458e-01
5.021999999999999797e-01
5.021999999999999797e-01
5.030000000000000027e-01
5.033999999999999586e-01
5.038000000000000256e-01
5.036000000000000476e-01
5.028000000000000247e-01
5.028000000000000247e-01
5.028000000000000247e-01
5.030000000000000027e-01
5.026000000000000467e-01
5.028000000000000247e-01
5.020000000000000018e-01
5.018000000000000238e-01
5.020000000000000018e-01
5.020000000000000018e-01
5.018000000000000238e-01
5.018000000000000238e-01
5.018000000000000238e-01
5.021999999999999797e-01
5.016000000000000458e-01
5.020000000000000018e-01
5.018000000000000238e-01
5.020000000000000018e-01
5.020000000000000018e-01
5.018000000000000238e-01
5.016000000000000458e-01
5.013999999999999568e-01
5.016000000000000458e-01
5.020000000000000018e-01
5.023999999999999577e-01
5.021999999999999797e-01
5.020000000000000018e-01
5.018000000000000238e-01
5.018000000000000238e-01
5.011999999999999789e-01
5.006000000000000449e-01
5.008000000000000229e-01
5.013999999999999568e-01
5.020000000000000018e-01
5.023999999999999577e-01
5.016000000000000458e-01
5.011999999999999789e-01
5.013999999999999568e-01
5.023999999999999577e-01
5.026000000000000467e-01
5.023999999999999577e-01
5.020000000000000018e-01
5.020000000000000018e-01
5.020000000000000018e-01
5.016000000000000458e-01
5.016000000000000458e-01
5.008000000000000229e-01
5.011999999999999789e-01
5.011999999999999789e-01
5.011999999999999789e-01
5.011999999999999789e-01
5.006000000000000449e-01
5.006000000000000449e-01
5.001999999999999780e-01
5.003999999999999559e-01
5.008000000000000229e-01
5.010000000000000009e-01
5.011999999999999789e-01
5.013999999999999568e-01
5.013999999999999568e-01
5.013999999999999568e-01
5.011999999999999789e-01
5.011999999999999789e-01
5.011999999999999789e-01
5.013999999999999568e-01
5.020000000000000018e-01
5.020000000000000018e-01
5.020000000000000018e-01
5.020000000000000018e-01
5.020000000000000018e-01
5.018000000000000238e-01
5.013999999999999568e-01
5.018000000000000238e-01
5.020000000000000018e-01
5.018000000000000238e-01
5.018000000000000238e-01
5.016000000000000458e-01
5.016000000000000458e-01
5.016000000000000458e-01
5.016000000000000458e-01
5.016000000000000458e-01
5.018000000000000238e-01
5.018000000000000238e-01
5.018000000000000238e-01
5.018000000000000238e-01
5.016000000000000458e-01
5.016000000000000458e-01
5.016000000000000458e-01
5.016000000000000458e-01
5.016000000000000458e-01
5.016000000000000458e-01
5.016000000000000458e-01
5.016000000000000458e-01
5.016000000000000458e-01
5.013999999999999568e-01
5.013999999999999568e-01
5.013999999999999568e-01
5.013999999999999568e-01
5.013999999999999568e-01
5.011999999999999789e-01
5.011999999999999789e-01
5.011999999999999789e-01
5.011999999999999789e-01
5.011999999999999789e-01
5.011999999999999789e-01
5.011999999999999789e-01
5.011999999999999789e-01
5.011999999999999789e-01
5.010000000000000009e-01
5.010000000000000009e-01
5.010000000000000009e-01
5.011999999999999789e-01
5.011999999999999789e-01
5.008000000000000229e-01
5.008000000000000229e-01
5.008000000000000229e-01
5.006000000000000449e-01
5.006000000000000449e-01
5.008000000000000229e-01
5.008000000000000229e-01
5.008000000000000229e-01
5.008000000000000229e-01
5.008000000000000229e-01
5.010000000000000009e-01
5.010000000000000009e-01
5.008000000000000229e-01
5.008000000000000229e-01
5.008000000000000229e-01
5.008000000000000229e-01
5.008000000000000229e-01
5.008000000000000229e-01
5.008000000000000229e-01
5.008000000000000229e-01
5.006000000000000449e-01
5.006000000000000449e-01
5.006000000000000449e-01
5.006000000000000449e-01
5.008000000000000229e-01
5.006000000000000449e-01
5.006000000000000449e-01
5.006000000000000449e-01
5.006000000000000449e-01
5.003999999999999559e-01
5.003999999999999559e-01
5.003999999999999559e-01
5.003999999999999559e-01
5.003999999999999559e-01
5.003999999999999559e-01
5.006000000000000449e-01
5.006000000000000449e-01
5.003999999999999559e-01
5.003999999999999559e-01
5.003999999999999559e-01
5.003999999999999559e-01
5.003999999999999559e-01
5.003999999999999559e-01
5.003999999999999559e-01
5.003999999999999559e-01
5.003999999999999559e-01
5.003999999999999559e-01
5.003999999999999559e-01
5.003999999999999559e-01
5.003999999999999559e-01
5.003999999999999559e-01
5.003999999999999559e-01
5.003999999999999559e-01
5.003999999999999559e-01
5.003999999999999559e-01
5.003999999999999559e-01
5.006000000000000449e-01
5.003999999999999559e-01
5.006000000000000449e-01
5.006000000000000449e-01
5.006000000000000449e-01
5.006000000000000449e-01
5.003999999999999559e-01
5.003999999999999559e-01
5.006000000000000449e-01
5.003999999999999559e-01
5.003999999999999559e-01
5.003999999999999559e-01
5.006000000000000449e-01
5.006000000000000449e-01
5.008000000000000229e-01
5.008000000000000229e-01
5.006000000000000449e-01
5.006000000000000449e-01
5.006000000000000449e-01
5.006000000000000449e-01
5.006000000000000449e-01
5.006000000000000449e-01
5.006000000000000449e-01
5.003999999999999559e-01
5.000000000000000000e-01
4.998000000000000220e-01
4.998000000000000220e-01
4.998000000000000220e-01
4.998000000000000220e-01
4.998000000000000220e-01
4.998000000000000220e-01
5.000000000000000000e-01
5.000000000000000000e-01
5.003999999999999559e-01
5.003999999999999559e-01
5.003999999999999559e-01
5.003999999999999559e-01
5.003999999999999559e-01
5.003999999999999559e-01
5.003999999999999559e-01
5.003999999999999559e-01
5.003999999999999559e-01
5.003999999999999559e-01
5.003999999999999559e-01
5.003999999999999559e-01
5.001999999999999780e-01
4.998000000000000220e-01
5.000000000000000000e-01
4.998000000000000220e-01
5.000000000000000000e-01
5.000000000000000000e-01
4.998000000000000220e-01
4.995999999999999885e-01
4.995999999999999885e-01
4.995999999999999885e-01
4.995999999999999885e-01
4.998000000000000220e-01
4.998000000000000220e-01
5.000000000000000000e-01
5.000000000000000000e-01
5.000000000000000000e-01
5.000000000000000000e-01
4.998000000000000220e-01
4.998000000000000220e-01
4.995999999999999885e-01
4.995999999999999885e-01
4.995999999999999885e-01
4.998000000000000220e-01
4.998000000000000220e-01
4.998000000000000220e-01
4.998000000000000220e-01
5.001999999999999780e-01
5.000000000000000000e-01
5.000000000000000000e-01
5.000000000000000000e-01
5.000000000000000000e-01
4.998000000000000220e-01
5.001999999999999780e-01
5.001999999999999780e-01
5.001999999999999780e-01
5.001999999999999780e-01
5.000000000000000000e-01
5.000000000000000000e-01
5.000000000000000000e-01
5.001999999999999780e-01
5.000000000000000000e-01
5.000000000000000000e-01
5.000000000000000000e-01
5.000000000000000000e-01
5.000000000000000000e-01
5.000000000000000000e-01
5.000000000000000000e-01
5.000000000000000000e-01
4.995999999999999885e-01
4.998000000000000220e-01
4.998000000000000220e-01
4.998000000000000220e-01
4.998000000000000220e-01
5.001999999999999780e-01
5.000000000000000000e-01
5.000000000000000000e-01
5.000000000000000000e-01
5.000000000000000000e-01
5.000000000000000000e-01
5.000000000000000000e-01
5.000000000000000000e-01
5.000000000000000000e-01
5.001999999999999780e-01
5.001999999999999780e-01
5.001999999999999780e-01
5.001999999999999780e-01
5.001999999999999780e-01
5.000000000000000000e-01
5.001999999999999780e-01
5.000000000000000000e-01
5.000000000000000000e-01
5.000000000000000000e-01
5.000000000000000000e-01
5.001999999999999780e-01
5.001999999999999780e-01
5.001999999999999780e-01
5.003999999999999559e-01
5.003999999999999559e-01
5.003999999999999559e-01
5.003999999999999559e-01
5.003999999999999559e-01
5.003999999999999559e-01
5.006000000000000449e-01
5.006000000000000449e-01
5.006000000000000449e-01
5.006000000000000449e-01
5.006000000000000449e-01
5.006000000000000449e-01
5.006000000000000449e-01
5.001999999999999780e-01
5.001999999999999780e-01
5.001999999999999780e-01
5.001999999999999780e-01
5.001999999999999780e-01
5.001999999999999780e-01
5.001999999999999780e-01
5.001999999999999780e-01
5.001999999999999780e-01
5.001999999999999780e-01
5.001999999999999780e-01
5.001999999999999780e-01
5.000000000000000000e-01
5.001999999999999780e-01
5.001999999999999780e-01
5.001999999999999780e-01
5.001999999999999780e-01
5.001999999999999780e-01
5.001999999999999780e-01
5.003999999999999559e-01
5.003999999999999559e-01
5.003999999999999559e-01
5.006000000000000449e-01
5.006000000000000449e-01
5.006000000000000449e-01
5.008000000000000229e-01
5.008000000000000229e-01
5.008000000000000229e-01
5.008000000000000229e-01
5.010000000000000009e-01
5.008000000000000229e-01
5.006000000000000449e-01
5.008000000000000229e-01
5.011999999999999789e-01
5.011999999999999789e-01
5.013999999999999568e-01
5.018000000000000238e-01
5.018000000000000238e-01
5.018000000000000238e-01
5.013999999999999568e-01
5.013999999999999568e-01
5.013999999999999568e-01
5.013999999999999568e-01
5.018000000000000238e-01
5.016000000000000458e-01
5.011999999999999789e-01
5.013999999999999568e-01
5.013999999999999568e-01
5.016000000000000458e-01
5.018000000000000238e-01
5.018000000000000238e-01
5.018000000000000238e-01
5.018000000000000238e-01
5.018000000000000238e-01
5.018000000000000238e-01
5.018000000000000238e-01
5.018000000000000238e-01
5.020000000000000018e-01
5.016000000000000458e-01
5.020000000000000018e-01
5.020000000000000018e-01
5.016000000000000458e-01
5.016000000000000458e-01
5.016000000000000458e-01
5.013999999999999568e-01
5.013999999999999568e-01
5.011999999999999789e-01
5.011999999999999789e-01
5.011999999999999789e-01
5.013999999999999568e-01
5.013999999999999568e-01
5.013999999999999568e-01
5.013999999999999568e-01
5.013999999999999568e-01
5.013999999999999568e-01
5.013999999999999568e-01
5.013999999999999568e-01
5.011999999999999789e-01
5.011999999999999789e-01
5.010000000000000009e-01
5.011999999999999789e-01
5.013999999999999568e-01
5.013999999999999568e-01
5.013999999999999568e-01
5.013999999999999568e-01
5.013999999999999568e-01
5.018000000000000238e-01
5.018000000000000238e-01
5.016000000000000458e-01
5.018000000000000238e-01
5.013999999999999568e-01
5.016000000000000458e-01
5.016000000000000458e-01
5.013999999999999568e-01
5.013999999999999568e-01
5.013999999999999568e-01
5.013999999999999568e-01
5.013999999999999568e-01
5.013999999999999568e-01
5.013999999999999568e-01
5.011999999999999789e-01
5.011999999999999789e-01
5.011999999999999789e-01
5.011999999999999789e-01
5.011999999999999789e-01
5.011999999999999789e-01
5.011999999999999789e-01
5.011999999999999789e-01
5.010000000000000009e-01
5.008000000000000229e-01
5.008000000000000229e-01
5.003999999999999559e-01
5.006000000000000449e-01
5.006000000000000449e-01
5.006000000000000449e-01
5.006000000000000449e-01
5.006000000000000449e-01
5.001999999999999780e-01
5.001999999999999780e-01
5.006000000000000449e-01
5.006000000000000449e-01
5.008000000000000229e-01
5.008000000000000229e-01
5.008000000000000229e-01
5.010000000000000009e-01
5.010000000000000009e-01
5.011999999999999789e-01
5.011999999999999789e-01
5.010000000000000009e-01
5.010000000000000009e-01
5.013999999999999568e-01
5.013999999999999568e-01
5.013999999999999568e-01
5.011999999999999789e-01
5.011999999999999789e-01
5.013999999999999568e-01
5.013999999999999568e-01
5.016000000000000458e-01
5.018000000000000238e-01
5.016000000000000458e-01
5.016000000000000458e-01
5.013999999999999568e-01
5.013999999999999568e-01
5.011999999999999789e-01
5.013999999999999568e-01
5.013999999999999568e-01
5.011999999999999789e-01
5.016000000000000458e-01
5.013999999999999568e-01
5.013999999999999568e-01
5.011999999999999789e-01
5.008000000000000229e-01
5.006000000000000449e-01
5.008000000000000229e-01
5.006000000000000449e-01
5.010000000000000009e-01
5.010000000000000009e-01
5.010000000000000009e-01
5.010000000000000009e-01
5.011999999999999789e-01
5.016000000000000458e-01
5.016000000000000458e-01
5.011999999999999789e-01
5.011999999999999789e-01
5.010000000000000009e-01
5.010000000000000009e-01
5.008000000000000229e-01
5.008000000000000229e-01
5.008000000000000229e-01
5.008000000000000229e-01
5.011999999999999789e-01
5.011999999999999789e-01
5.013999999999999568e-01
5.011999999999999789e-01
5.011999999999999789e-01
5.010000000000000009e-01
5.011999999999999789e-01
5.011999999999999789e-01
5.011999999999999789e-01
5.011999999999999789e-01
5.011999999999999789e-01
5.013999999999999568e-01
5.013999999999999568e-01
5.013999999999999568e-01
5.013999999999999568e-01
5.013999999999999568e-01
5.013999999999999568e-01
5.013999999999999568e-01
5.013999999999999568e-01
5.013999999999999568e-01
5.013999999999999568e-01
5.013999999999999568e-01
5.013999999999999568e-01
5.013999999999999568e-01
5.013999999999999568e-01
5.013999999999999568e-01
5.013999999999999568e-01
5.013999999999999568e-01
5.016000000000000458e-01
5.016000000000000458e-01
5.016000000000000458e-01
5.016000000000000458e-01
5.016000000000000458e-01
5.016000000000000458e-01
5.016000000000000458e-01
5.016000000000000458e-01
5.016000000000000458e-01
5.011999999999999789e-01
5.011999999999999789e-01
5.010000000000000009e-01
5.010000000000000009e-01
5.010000000000000009e-01
5.010000000000000009e-01
5.010000000000000009e-01
5.010000000000000009e-01
5.010000000000000009e-01
5.010000000000000009e-01
5.010000000000000009e-01
5.010000000000000009e-01
5.008000000000000229e-01
5.008000000000000229e-01
5.008000000000000229e-01
5.008000000000000229e-01
5.008000000000000229e-01
5.008000000000000229e-01
5.008000000000000229e-01
5.008000000000000229e-01
5.008000000000000229e-01
5.006000000000000449e-01
5.006000000000000449e-01
5.006000000000000449e-01
5.006000000000000449e-01
5.006000000000000449e-01
5.006000000000000449e-01
5.003999999999999559e-01
5.003999999999999559e-01
5.003999999999999559e-01
5.006000000000000449e-01
5.006000000000000449e-01
5.006000000000000449e-01
5.006000000000000449e-01
5.006000000000000449e-01
5.006000000000000449e-01
5.006000000000000449e-01
5.006000000000000449e-01
5.006000000000000449e-01
5.006000000000000449e-01
5.006000000000000449e-01
5.006000000000000449e-01
5.006000000000000449e-01
5.006000000000000449e-01
5.003999999999999559e-01
5.003999999999999559e-01
5.006000000000000449e-01
5.003999999999999559e-01
5.006000000000000449e-01
5.006000000000000449e-01
5.006000000000000449e-01
5.006000000000000449e-01
5.006000000000000449e-01
5.003999999999999559e-01
5.001999999999999780e-01
5.001999999999999780e-01
5.001999999999999780e-01
5.001999999999999780e-01
5.001999999999999780e-01
5.003999999999999559e-01
5.000000000000000000e-01
5.000000000000000000e-01
5.000000000000000000e-01
5.000000000000000000e-01
5.000000000000000000e-01
5.000000000000000000e-01
4.998000000000000220e-01
5.000000000000000000e-01
4.998000000000000220e-01
4.998000000000000220e-01
4.998000000000000220e-01
4.998000000000000220e-01
4.995999999999999885e-01
4.995999999999999885e-01
4.995999999999999885e-01
4.995999999999999885e-01
4.995999999999999885e-01
4.995999999999999885e-01
4.995999999999999885e-01
4.998000000000000220e-01
4.994000000000000106e-01
4.994000000000000106e-01
4.994000000000000106e-01
4.994000000000000106e-01
4.994000000000000106e-01
4.994000000000000106e-01
4.994000000000000106e-01
4.994000000000000106e-01
4.994000000000000106e-01
4.994000000000000106e-01
4.994000000000000106e-01
4.998000000000000220e-01
4.994000000000000106e-01
4.995999999999999885e-01
4.994000000000000106e-01
4.994000000000000106e-01
4.994000000000000106e-01
4.994000000000000106e-01
4.994000000000000106e-01
4.994000000000000106e-01
4.994000000000000106e-01
4.994000000000000106e-01
4.994000000000000106e-01
4.994000000000000106e-01
4.991999999999999771e-01
4.991999999999999771e-01
4.991999999999999771e-01
4.985999999999999877e-01
4.988000000000000211e-01
4.988000000000000211e-01
4.989999999999999991e-01
4.985999999999999877e-01
4.988000000000000211e-01
4.985999999999999877e-01
4.985999999999999877e-01
4.984000000000000097e-01
4.984000000000000097e-01
4.984000000000000097e-01
4.984000000000000097e-01
4.985999999999999877e-01
4.985999999999999877e-01
4.985999999999999877e-01
4.984000000000000097e-01
4.984000000000000097e-01
4.985999999999999877e-01
4.984000000000000097e-01
4.985999999999999877e-01
4.985999999999999877e-01
4.984000000000000097e-01
4.985999999999999877e-01
4.985999999999999877e-01
4.985999999999999877e-01
4.985999999999999877e-01
4.985999999999999877e-01
4.985999999999999877e-01
4.985999999999999877e-01
4.985999999999999877e-01
4.985999999999999877e-01
4.985999999999999877e-01
4.985999999999999877e-01
4.985999999999999877e-01
4.985999999999999877e-01
4.985999999999999877e-01
4.985999999999999877e-01
4.985999999999999877e-01
4.985999999999999877e-01
4.985999999999999877e-01
4.984000000000000097e-01
4.985999999999999877e-01
4.984000000000000097e-01
4.984000000000000097e-01
4.985999999999999877e-01
4.985999999999999877e-01
4.985999999999999877e-01
4.985999999999999877e-01
4.985999999999999877e-01
4.985999999999999877e-01
4.985999999999999877e-01
4.985999999999999877e-01
4.985999999999999877e-01
4.985999999999999877e-01
4.988000000000000211e-01
4.988000000000000211e-01
4.988000000000000211e-01
4.988000000000000211e-01
4.988000000000000211e-01
4.988000000000000211e-01
4.988000000000000211e-01
4.988000000000000211e-01
4.988000000000000211e-01
4.985999999999999877e-01
4.985999999999999877e-01
4.985999999999999877e-01
4.988000000000000211e-01
4.988000000000000211e-01
4.988000000000000211e-01
4.985999999999999877e-01
4.985999999999999877e-01
4.988000000000000211e-01
4.985999999999999877e-01
4.985999999999999877e-01
4.985999999999999877e-01
4.988000000000000211e-01
4.988000000000000211e-01
4.988000000000000211e-01
4.988000000000000211e-01
4.988000000000000211e-01
4.988000000000000211e-01
4.988000000000000211e-01
4.988000000000000211e-01
4.988000000000000211e-01
4.988000000000000211e-01
4.988000000000000211e-01
4.988000000000000211e-01
4.988000000000000211e-01
4.988000000000000211e-01
4.988000000000000211e-01
4.988000000000000211e-01
4.988000000000000211e-01
4.988000000000000211e-01
4.988000000000000211e-01
4.988000000000000211e-01
4.988000000000000211e-01
4.988000000000000211e-01
4.985999999999999877e-01
4.985999999999999877e-01
4.984000000000000097e-01
4.984000000000000097e-01
4.984000000000000097e-01
4.984000000000000097e-01
4.981999999999999762e-01
4.984000000000000097e-01
4.984000000000000097e-01
4.984000000000000097e-01
4.981999999999999762e-01
4.981999999999999762e-01
4.981999999999999762e-01
4.981999999999999762e-01
4.981999999999999762e-01
4.979999999999999982e-01
4.981999999999999762e-01
4.978000000000000203e-01
4.978000000000000203e-01
4.979999999999999982e-01
4.979999999999999982e-01
4.979999999999999982e-01
4.979999999999999982e-01
4.979999999999999982e-01
4.979999999999999982e-01
4.979999999999999982e-01
4.979999999999999982e-01
4.979999999999999982e-01
4.979999999999999982e-01
4.979999999999999982e-01
4.978000000000000203e-01
4.978000000000000203e-01
4.978000000000000203e-01
4.978000000000000203e-01
4.978000000000000203e-01
4.978000000000000203e-01
4.978000000000000203e-01
4.978000000000000203e-01
4.978000000000000203e-01
4.978000000000000203e-01
4.978000000000000203e-01
4.975999999999999868e-01
4.975999999999999868e-01
4.974000000000000088e-01
4.974000000000000088e-01
4.974000000000000088e-01
4.974000000000000088e-01
4.974000000000000088e-01
4.974000000000000088e-01
4.974000000000000088e-01
4.974000000000000088e-01
4.974000000000000088e-01
4.974000000000000088e-01
4.974000000000000088e-01
4.974000000000000088e-01
4.974000000000000088e-01
4.974000000000000088e-01
4.974000000000000088e-01
4.974000000000000088e-01
4.974000000000000088e-01
4.974000000000000088e-01
4.974000000000000088e-01
4.974000000000000088e-01
4.974000000000000088e-01
4.974000000000000088e-01
4.974000000000000088e-01
4.974000000000000088e-01
