4.929999999999999938e-01
5.610000000000000542e-01
5.145999999999999464e-01
5.322000000000000064e-01
5.268000000000000460e-01
5.415999999999999703e-01
4.447999999999999732e-01
5.302000000000000046e-01
4.683999999999999830e-01
4.829999999999999849e-01
4.905999999999999805e-01
5.023999999999999577e-01
5.040000000000000036e-01
5.080000000000000071e-01
4.758000000000000007e-01
4.749999999999999778e-01
4.729999999999999760e-01
4.803999999999999937e-01
5.048000000000000265e-01
5.018000000000000238e-01
5.440000000000000391e-01
4.652000000000000024e-01
4.865999999999999770e-01
4.823999999999999955e-01
5.353999999999999870e-01
5.290000000000000258e-01
5.385999999999999677e-01
4.632000000000000006e-01
4.521999999999999909e-01
5.221999999999999975e-01
5.427999999999999492e-01
5.041999999999999815e-01
5.627999999999999670e-01
5.056000000000000494e-01
4.899999999999999911e-01
5.263999999999999790e-01
4.693999999999999839e-01
4.571999999999999953e-01
4.945999999999999841e-01
5.108000000000000318e-01
5.160000000000000142e-01
4.683999999999999830e-01
4.652000000000000024e-01
5.133999999999999675e-01
4.798000000000000043e-01
5.302000000000000046e-01
4.653999999999999804e-01
4.941999999999999726e-01
5.363999999999999879e-01
5.283999999999999808e-01
4.959999999999999964e-01
4.924000000000000044e-01
4.935999999999999832e-01
4.637999999999999901e-01
4.843999999999999972e-01
4.904000000000000026e-01
4.677999999999999936e-01
5.318000000000000504e-01
4.753999999999999893e-01
5.050000000000000044e-01
4.859999999999999876e-01
4.984000000000000097e-01
4.828000000000000069e-01
4.852000000000000202e-01
4.914000000000000035e-01
4.995999999999999885e-01
4.994000000000000106e-01
5.116000000000000547e-01
4.570000000000000173e-01
4.908000000000000140e-01
4.802000000000000157e-01
5.435999999999999721e-01
5.440000000000000391e-01
5.158000000000000362e-01
4.934000000000000052e-01
4.673999999999999821e-01
4.752000000000000113e-01
4.808000000000000052e-01
4.915999999999999814e-01
4.551999999999999935e-01
5.053999999999999604e-01
5.106000000000000538e-01
5.110000000000000098e-01
5.165999999999999481e-01
5.058000000000000274e-01
5.031999999999999806e-01
4.460000000000000075e-01
5.050000000000000044e-01
5.111999999999999877e-01
5.006000000000000449e-01
5.185999999999999499e-01
5.629999999999999449e-01
4.809999999999999831e-01
4.845999999999999752e-01
5.073999999999999622e-01
4.989999999999999991e-01
4.959999999999999964e-01
5.038000000000000256e-01
5.056000000000000494e-01
4.806000000000000272e-01
5.111999999999999877e-01
4.898000000000000131e-01
5.550000000000000488e-01
5.140000000000000124e-01
5.193999999999999728e-01
4.888000000000000123e-01
5.135999999999999455e-01
5.455999999999999739e-01
5.241999999999999993e-01
4.914000000000000035e-01
5.295999999999999597e-01
5.248000000000000442e-01
4.961999999999999744e-01
4.828000000000000069e-01
5.050000000000000044e-01
4.968000000000000194e-01
4.591999999999999971e-01
5.016000000000000458e-01
4.944000000000000061e-01
4.895999999999999797e-01
5.333999999999999853e-01
4.941999999999999726e-01
4.752000000000000113e-01
5.011999999999999789e-01
5.230000000000000204e-01
4.858000000000000096e-01
5.215999999999999526e-01
4.611999999999999988e-01
5.140000000000000124e-01
4.596000000000000085e-01
4.934000000000000052e-01
4.958000000000000185e-01
4.662000000000000033e-01
5.161999999999999922e-01
4.766000000000000236e-01
5.100000000000000089e-01
5.118000000000000327e-01
4.909999999999999920e-01
4.991999999999999771e-01
5.078000000000000291e-01
5.230000000000000204e-01
4.902000000000000246e-01
5.292000000000000037e-01
4.626000000000000112e-01
4.611999999999999988e-01
4.789999999999999813e-01
4.526000000000000023e-01
4.984000000000000097e-01
4.988000000000000211e-01
5.208000000000000407e-01
4.945999999999999841e-01
4.994000000000000106e-01
4.954000000000000070e-01
5.058000000000000274e-01
5.221999999999999975e-01
4.912000000000000255e-01
5.178000000000000380e-01
5.163999999999999702e-01
4.899999999999999911e-01
5.193999999999999728e-01
4.652000000000000024e-01
5.088000000000000300e-01
4.706000000000000183e-01
4.753999999999999893e-01
4.709999999999999742e-01
4.818000000000000060e-01
5.070000000000000062e-01
4.636000000000000121e-01
5.128000000000000336e-01
4.673999999999999821e-01
5.006000000000000449e-01
5.185999999999999499e-01
4.849999999999999867e-01
5.058000000000000274e-01
4.554000000000000270e-01
4.863999999999999990e-01
5.320000000000000284e-01
4.964000000000000079e-01
5.387999999999999456e-01
5.313999999999999835e-01
4.845999999999999752e-01
4.969999999999999973e-01
5.203999999999999737e-01
5.280000000000000249e-01
5.250000000000000222e-01
5.011999999999999789e-01
5.250000000000000222e-01
5.031999999999999806e-01
5.258000000000000451e-01
5.392000000000000126e-01
5.108000000000000318e-01
5.148000000000000353e-01
5.026000000000000467e-01
5.006000000000000449e-01
5.200000000000000178e-01
4.964000000000000079e-01
5.051999999999999824e-01
4.818000000000000060e-01
5.130000000000000115e-01
4.737999999999999989e-01
4.835999999999999743e-01
5.315999999999999615e-01
5.417999999999999483e-01
4.822000000000000175e-01
5.023999999999999577e-01
4.853999999999999981e-01
5.135999999999999455e-01
5.031999999999999806e-01
4.773999999999999910e-01
5.198000000000000398e-01
5.223999999999999755e-01
4.819999999999999840e-01
5.068000000000000282e-01
5.272000000000000020e-01
5.110000000000000098e-01
5.487999999999999545e-01
5.250000000000000222e-01
5.131999999999999895e-01
4.919999999999999929e-01
4.768000000000000016e-01
4.869999999999999885e-01
4.577999999999999847e-01
4.954000000000000070e-01
4.948000000000000176e-01
5.028000000000000247e-01
4.778000000000000025e-01
4.961999999999999744e-01
5.168000000000000371e-01
4.789999999999999813e-01
4.995999999999999885e-01
5.038000000000000256e-01
4.828000000000000069e-01
5.292000000000000037e-01
4.809999999999999831e-01
5.181999999999999940e-01
5.160000000000000142e-01
5.181999999999999940e-01
5.000000000000000000e-01
4.782000000000000139e-01
4.988000000000000211e-01
4.929999999999999938e-01
5.130000000000000115e-01
5.235999999999999543e-01
5.457999999999999519e-01
5.001999999999999780e-01
5.020000000000000018e-01
4.633999999999999786e-01
4.875999999999999779e-01
5.041999999999999815e-01
4.868000000000000105e-01
4.888000000000000123e-01
5.355999999999999650e-01
5.373999999999999888e-01
5.100000000000000089e-01
4.527999999999999803e-01
4.726000000000000201e-01
5.285999999999999588e-01
5.430000000000000382e-01
5.170000000000000151e-01
5.030000000000000027e-01
4.878000000000000114e-01
5.058000000000000274e-01
4.889999999999999902e-01
4.556000000000000050e-01
5.145999999999999464e-01
4.566000000000000059e-01
5.211999999999999966e-01
4.925999999999999823e-01
5.061999999999999833e-01
5.288000000000000478e-01
4.620000000000000218e-01
5.078000000000000291e-01
4.823999999999999955e-01
5.113999999999999657e-01
5.255999999999999561e-01
4.872000000000000219e-01
4.969999999999999973e-01
4.813999999999999946e-01
4.862000000000000210e-01
4.894000000000000017e-01
4.853999999999999981e-01
5.175999999999999490e-01
4.974000000000000088e-01
5.093999999999999639e-01
5.368000000000000549e-01
5.288000000000000478e-01
4.853999999999999981e-01
4.766000000000000236e-01
4.965999999999999859e-01
5.056000000000000494e-01
4.617999999999999883e-01
4.965999999999999859e-01
4.988000000000000211e-01
5.335999999999999632e-01
4.928000000000000158e-01
5.063999999999999613e-01
5.070000000000000062e-01
4.858000000000000096e-01
5.060000000000000053e-01
5.006000000000000449e-01
5.345999999999999641e-01
5.170000000000000151e-01
4.929999999999999938e-01
5.000000000000000000e-01
5.111999999999999877e-01
5.181999999999999940e-01
4.888000000000000123e-01
4.862000000000000210e-01
5.080000000000000071e-01
5.263999999999999790e-01
4.908000000000000140e-01
4.924000000000000044e-01
4.981999999999999762e-01
4.873999999999999999e-01
5.128000000000000336e-01
4.915999999999999814e-01
4.924000000000000044e-01
4.768000000000000016e-01
5.068000000000000282e-01
4.944000000000000061e-01
5.060000000000000053e-01
5.330000000000000293e-01
5.076000000000000512e-01
4.838000000000000078e-01
5.048000000000000265e-01
5.148000000000000353e-01
4.779999999999999805e-01
4.919999999999999929e-01
5.000000000000000000e-01
4.918000000000000149e-01
5.148000000000000353e-01
5.031999999999999806e-01
4.768000000000000016e-01
4.845999999999999752e-01
4.925999999999999823e-01
4.746000000000000218e-01
5.031999999999999806e-01
5.068000000000000282e-01
5.088000000000000300e-01
5.153999999999999693e-01
5.068000000000000282e-01
5.175999999999999490e-01
4.964000000000000079e-01
5.163999999999999702e-01
5.026000000000000467e-01
4.894000000000000017e-01
5.323999999999999844e-01
4.905999999999999805e-01
4.998000000000000220e-01
4.832000000000000184e-01
4.988000000000000211e-01
5.380000000000000338e-01
5.178000000000000380e-01
5.050000000000000044e-01
5.103999999999999648e-01
5.252000000000000002e-01
4.852000000000000202e-01
4.912000000000000255e-01
5.208000000000000407e-01
4.998000000000000220e-01
5.060000000000000053e-01
5.190000000000000169e-01
4.829999999999999849e-01
5.050000000000000044e-01
5.033999999999999586e-01
4.786000000000000254e-01
4.932000000000000273e-01
5.572000000000000286e-01
4.873999999999999999e-01
5.011999999999999789e-01
4.928000000000000158e-01
5.020000000000000018e-01
5.313999999999999835e-01
5.040000000000000036e-01
4.905999999999999805e-01
4.825999999999999734e-01
5.026000000000000467e-01
4.975999999999999868e-01
5.018000000000000238e-01
4.640000000000000235e-01
5.066000000000000503e-01
4.673999999999999821e-01
4.899999999999999911e-01
5.300000000000000266e-01
5.153999999999999693e-01
5.453999999999999959e-01
5.090000000000000080e-01
5.208000000000000407e-01
5.130000000000000115e-01
4.895999999999999797e-01
5.211999999999999966e-01
5.165999999999999481e-01
5.181999999999999940e-01
5.103999999999999648e-01
4.981999999999999762e-01
5.071999999999999842e-01
5.006000000000000449e-01
4.985999999999999877e-01
4.873999999999999999e-01
5.056000000000000494e-01
5.405999999999999694e-01
5.312000000000000055e-01
5.183999999999999719e-01
4.873999999999999999e-01
4.796000000000000263e-01
5.141999999999999904e-01
5.028000000000000247e-01
4.934000000000000052e-01
4.667999999999999927e-01
4.928000000000000158e-01
4.722000000000000086e-01
4.895999999999999797e-01
4.713999999999999857e-01
4.712000000000000077e-01
4.955999999999999850e-01
4.989999999999999991e-01
5.123999999999999666e-01
4.652000000000000024e-01
5.113999999999999657e-01
5.220000000000000195e-01
5.038000000000000256e-01
4.848000000000000087e-01
4.918000000000000149e-01
5.183999999999999719e-01
5.292000000000000037e-01
4.682000000000000051e-01
5.183999999999999719e-01
5.275999999999999579e-01
4.822000000000000175e-01
5.312000000000000055e-01
4.696000000000000174e-01
5.178000000000000380e-01
4.717999999999999972e-01
4.773999999999999910e-01
4.733999999999999875e-01
5.262000000000000011e-01
5.225999999999999535e-01
4.935999999999999832e-01
4.763999999999999901e-01
4.895999999999999797e-01
5.016000000000000458e-01
4.951999999999999735e-01
4.898000000000000131e-01
5.245999999999999552e-01
5.332000000000000073e-01
4.914000000000000035e-01
5.220000000000000195e-01
5.310000000000000275e-01
5.180000000000000160e-01
4.928000000000000158e-01
4.843999999999999972e-01
4.889999999999999902e-01
4.944000000000000061e-01
5.050000000000000044e-01
5.128000000000000336e-01
5.033999999999999586e-01
5.078000000000000291e-01
4.988000000000000211e-01
5.138000000000000345e-01
5.245999999999999552e-01
4.768000000000000016e-01
4.863999999999999990e-01
4.985999999999999877e-01
5.220000000000000195e-01
4.779999999999999805e-01
5.322000000000000064e-01
5.181999999999999940e-01
5.170000000000000151e-01
5.006000000000000449e-01
4.892000000000000237e-01
5.083999999999999631e-01
5.011999999999999789e-01
5.100000000000000089e-01
4.808000000000000052e-01
4.905999999999999805e-01
4.902000000000000246e-01
4.682000000000000051e-01
4.863999999999999990e-01
4.984000000000000097e-01
4.491999999999999882e-01
5.260000000000000231e-01
4.961999999999999744e-01
4.985999999999999877e-01
5.090000000000000080e-01
5.211999999999999966e-01
5.023999999999999577e-01
5.248000000000000442e-01
5.063999999999999613e-01
5.056000000000000494e-01
5.233999999999999764e-01
4.968000000000000194e-01
5.051999999999999824e-01
4.945999999999999841e-01
5.028000000000000247e-01
4.882000000000000228e-01
4.979999999999999982e-01
4.835999999999999743e-01
4.885999999999999788e-01
4.843999999999999972e-01
4.865999999999999770e-01
4.965999999999999859e-01
5.106000000000000538e-01
4.872000000000000219e-01
4.566000000000000059e-01
5.088000000000000300e-01
4.662000000000000033e-01
5.365999999999999659e-01
5.031999999999999806e-01
5.383999999999999897e-01
4.858000000000000096e-01
4.888000000000000123e-01
4.832000000000000184e-01
4.717999999999999972e-01
4.951999999999999735e-01
5.133999999999999675e-01
5.200000000000000178e-01
5.145999999999999464e-01
4.991999999999999771e-01
5.043999999999999595e-01
4.839999999999999858e-01
5.098000000000000309e-01
4.964000000000000079e-01
4.621999999999999997e-01
5.313999999999999835e-01
4.882000000000000228e-01
5.000000000000000000e-01
4.935999999999999832e-01
4.909999999999999920e-01
5.001999999999999780e-01
5.040000000000000036e-01
5.230000000000000204e-01
4.924000000000000044e-01
5.106000000000000538e-01
4.928000000000000158e-01
4.758000000000000007e-01
5.061999999999999833e-01
4.981999999999999762e-01
4.955999999999999850e-01
5.268000000000000460e-01
5.000000000000000000e-01
4.875999999999999779e-01
5.158000000000000362e-01
4.979999999999999982e-01
4.978000000000000203e-01
4.994000000000000106e-01
5.081999999999999851e-01
5.033999999999999586e-01
5.333999999999999853e-01
5.158000000000000362e-01
4.991999999999999771e-01
5.300000000000000266e-01
4.865999999999999770e-01
4.981999999999999762e-01
4.939999999999999947e-01
5.355999999999999650e-01
5.407999999999999474e-01
4.793999999999999928e-01
5.033999999999999586e-01
5.514000000000000012e-01
5.235999999999999543e-01
5.021999999999999797e-01
4.768000000000000016e-01
4.878000000000000114e-01
5.293999999999999817e-01
5.013999999999999568e-01
5.145999999999999464e-01
4.978000000000000203e-01
4.848000000000000087e-01
5.148000000000000353e-01
5.000000000000000000e-01
5.312000000000000055e-01
4.929999999999999938e-01
4.964000000000000079e-01
4.998000000000000220e-01
4.849999999999999867e-01
5.180000000000000160e-01
5.248000000000000442e-01
4.813999999999999946e-01
5.155999999999999472e-01
5.203999999999999737e-01
4.845999999999999752e-01
5.245999999999999552e-01
5.021999999999999797e-01
4.663999999999999813e-01
5.348000000000000531e-01
4.709999999999999742e-01
4.726000000000000201e-01
4.904000000000000026e-01
5.058000000000000274e-01
5.188000000000000389e-01
4.884000000000000008e-01
5.091999999999999860e-01
5.292000000000000037e-01
4.626000000000000112e-01
4.843999999999999972e-01
5.328000000000000513e-01
4.944000000000000061e-01
5.150000000000000133e-01
4.985999999999999877e-01
4.726000000000000201e-01
5.230000000000000204e-01
4.918000000000000149e-01
5.302000000000000046e-01
5.141999999999999904e-01
5.338000000000000522e-01
4.941999999999999726e-01
4.815999999999999726e-01
5.086000000000000520e-01
5.230000000000000204e-01
5.041999999999999815e-01
4.742000000000000104e-01
5.060000000000000053e-01
4.726000000000000201e-01
5.056000000000000494e-01
5.073999999999999622e-01
5.010000000000000009e-01
4.782000000000000139e-01
5.171999999999999931e-01
4.848000000000000087e-01
5.120000000000000107e-01
5.150000000000000133e-01
5.285999999999999588e-01
4.699999999999999734e-01
5.021999999999999797e-01
4.722000000000000086e-01
4.647999999999999909e-01
5.081999999999999851e-01
4.978000000000000203e-01
4.934000000000000052e-01
5.071999999999999842e-01
4.567999999999999838e-01
4.732000000000000095e-01
4.753999999999999893e-01
4.868000000000000105e-01
5.173999999999999710e-01
5.050000000000000044e-01
4.998000000000000220e-01
5.023999999999999577e-01
4.969999999999999973e-01
4.803999999999999937e-01
4.905999999999999805e-01
4.888000000000000123e-01
4.944000000000000061e-01
5.483999999999999986e-01
4.879999999999999893e-01
4.978000000000000203e-01
5.043999999999999595e-01
4.935999999999999832e-01
5.083999999999999631e-01
4.939999999999999947e-01
4.855999999999999761e-01
5.125999999999999446e-01
5.440000000000000391e-01
5.088000000000000300e-01
4.974000000000000088e-01
5.078000000000000291e-01
4.941999999999999726e-01
5.058000000000000274e-01
4.994000000000000106e-01
5.006000000000000449e-01
5.060000000000000053e-01
5.101999999999999869e-01
5.003999999999999559e-01
4.776000000000000245e-01
5.016000000000000458e-01
5.001999999999999780e-01
5.111999999999999877e-01
5.193999999999999728e-01
5.145999999999999464e-01
5.201999999999999957e-01
4.759999999999999787e-01
5.098000000000000309e-01
5.061999999999999833e-01
5.161999999999999922e-01
4.759999999999999787e-01
5.026000000000000467e-01
5.056000000000000494e-01
5.268000000000000460e-01
5.262000000000000011e-01
5.181999999999999940e-01
5.071999999999999842e-01
4.958000000000000185e-01
5.198000000000000398e-01
4.873999999999999999e-01
5.111999999999999877e-01
4.988000000000000211e-01
4.988000000000000211e-01
4.537999999999999812e-01
4.939999999999999947e-01
4.869999999999999885e-01
5.288000000000000478e-01
5.170000000000000151e-01
4.979999999999999982e-01
5.138000000000000345e-01
5.071999999999999842e-01
4.776000000000000245e-01
5.016000000000000458e-01
4.842000000000000193e-01
5.145999999999999464e-01
5.046000000000000485e-01
5.113999999999999657e-01
5.063999999999999613e-01
5.383999999999999897e-01
5.205999999999999517e-01
5.342000000000000082e-01
4.995999999999999885e-01
4.772000000000000131e-01
4.773999999999999910e-01
5.061999999999999833e-01
4.879999999999999893e-01
4.878000000000000114e-01
5.078000000000000291e-01
5.121999999999999886e-01
5.145999999999999464e-01
4.971999999999999753e-01
5.258000000000000451e-01
4.935999999999999832e-01
5.231999999999999984e-01
5.205999999999999517e-01
4.796000000000000263e-01
5.410000000000000364e-01
5.046000000000000485e-01
4.918000000000000149e-01
5.148000000000000353e-01
4.954000000000000070e-01
4.914000000000000035e-01
5.292000000000000037e-01
4.955999999999999850e-01
4.869999999999999885e-01
5.033999999999999586e-01
5.036000000000000476e-01
4.945999999999999841e-01
4.829999999999999849e-01
4.908000000000000140e-01
5.033999999999999586e-01
4.984000000000000097e-01
5.128000000000000336e-01
5.203999999999999737e-01
5.140000000000000124e-01
5.080000000000000071e-01
4.909999999999999920e-01
4.968000000000000194e-01
4.853999999999999981e-01
4.939999999999999947e-01
5.090000000000000080e-01
5.185999999999999499e-01
4.769999999999999796e-01
4.783999999999999919e-01
4.904000000000000026e-01
5.145999999999999464e-01
4.799999999999999822e-01
4.912000000000000255e-01
4.904000000000000026e-01
5.143999999999999684e-01
5.086000000000000520e-01
4.945999999999999841e-01
4.895999999999999797e-01
5.018000000000000238e-01
5.051999999999999824e-01
5.050000000000000044e-01
4.904000000000000026e-01
5.113999999999999657e-01
4.959999999999999964e-01
5.031999999999999806e-01
4.984000000000000097e-01
5.021999999999999797e-01
5.221999999999999975e-01
5.020000000000000018e-01
5.070000000000000062e-01
4.924000000000000044e-01
4.928000000000000158e-01
5.071999999999999842e-01
5.046000000000000485e-01
4.989999999999999991e-01
5.103999999999999648e-01
4.989999999999999991e-01
4.971999999999999753e-01
5.210000000000000187e-01
5.121999999999999886e-01
4.858000000000000096e-01
5.060000000000000053e-01
4.949999999999999956e-01
4.782000000000000139e-01
4.971999999999999753e-01
4.914000000000000035e-01
4.889999999999999902e-01
5.023999999999999577e-01
5.041999999999999815e-01
4.839999999999999858e-01
4.825999999999999734e-01
5.083999999999999631e-01
4.945999999999999841e-01
4.818000000000000060e-01
4.932000000000000273e-01
4.799999999999999822e-01
4.796000000000000263e-01
4.985999999999999877e-01
4.961999999999999744e-01
5.125999999999999446e-01
4.865999999999999770e-01
4.696000000000000174e-01
4.949999999999999956e-01
4.843999999999999972e-01
4.885999999999999788e-01
4.989999999999999991e-01
5.053999999999999604e-01
4.813999999999999946e-01
4.951999999999999735e-01
5.210000000000000187e-01
4.969999999999999973e-01
4.813999999999999946e-01
5.148000000000000353e-01
5.050000000000000044e-01
4.806000000000000272e-01
5.020000000000000018e-01
5.101999999999999869e-01
4.885999999999999788e-01
5.041999999999999815e-01
4.742000000000000104e-01
5.143999999999999684e-01
5.402000000000000135e-01
4.756000000000000227e-01
5.113999999999999657e-01
5.028000000000000247e-01
4.914000000000000035e-01
5.066000000000000503e-01
5.018000000000000238e-01
5.208000000000000407e-01
5.135999999999999455e-01
4.965999999999999859e-01
5.108000000000000318e-01
5.120000000000000107e-01
4.949999999999999956e-01
4.855999999999999761e-01
5.050000000000000044e-01
4.758000000000000007e-01
4.786000000000000254e-01
5.161999999999999922e-01
5.050000000000000044e-01
5.231999999999999984e-01
4.769999999999999796e-01
5.003999999999999559e-01
4.815999999999999726e-01
5.288000000000000478e-01
5.088000000000000300e-01
5.083999999999999631e-01
4.945999999999999841e-01
4.955999999999999850e-01
5.008000000000000229e-01
5.155999999999999472e-01
5.058000000000000274e-01
4.895999999999999797e-01
5.038000000000000256e-01
5.245999999999999552e-01
5.021999999999999797e-01
5.031999999999999806e-01
5.030000000000000027e-01
5.046000000000000485e-01
5.101999999999999869e-01
4.905999999999999805e-01
4.994000000000000106e-01
4.939999999999999947e-01
5.175999999999999490e-01
4.905999999999999805e-01
4.941999999999999726e-01
5.058000000000000274e-01
5.080000000000000071e-01
4.984000000000000097e-01
4.954000000000000070e-01
4.687999999999999945e-01
4.713999999999999857e-01
4.869999999999999885e-01
5.125999999999999446e-01
4.838000000000000078e-01
4.895999999999999797e-01
5.243999999999999773e-01
4.924000000000000044e-01
4.934000000000000052e-01
4.746000000000000218e-01
5.123999999999999666e-01
4.974000000000000088e-01
5.193999999999999728e-01
5.080000000000000071e-01
4.995999999999999885e-01
4.994000000000000106e-01
4.934000000000000052e-01
5.000000000000000000e-01
4.939999999999999947e-01
4.989999999999999991e-01
5.003999999999999559e-01
4.998000000000000220e-01
5.161999999999999922e-01
5.026000000000000467e-01
5.031999999999999806e-01
5.148000000000000353e-01
4.998000000000000220e-01
5.051999999999999824e-01
4.915999999999999814e-01
4.998000000000000220e-01
4.969999999999999973e-01
5.125999999999999446e-01
4.908000000000000140e-01
5.140000000000000124e-01
5.123999999999999666e-01
5.110000000000000098e-01
4.961999999999999744e-01
4.981999999999999762e-01
4.984000000000000097e-01
4.749999999999999778e-01
5.248000000000000442e-01
4.758000000000000007e-01
5.198000000000000398e-01
5.061999999999999833e-01
4.929999999999999938e-01
5.300000000000000266e-01
4.855999999999999761e-01
5.110000000000000098e-01
4.985999999999999877e-01
5.013999999999999568e-01
5.101999999999999869e-01
5.010000000000000009e-01
4.885999999999999788e-01
5.001999999999999780e-01
4.985999999999999877e-01
5.021999999999999797e-01
4.829999999999999849e-01
4.922000000000000264e-01
4.806000000000000272e-01
4.915999999999999814e-01
4.988000000000000211e-01
5.228000000000000425e-01
5.108000000000000318e-01
4.723999999999999866e-01
4.739999999999999769e-01
5.043999999999999595e-01
5.046000000000000485e-01
5.210000000000000187e-01
5.006000000000000449e-01
4.560000000000000164e-01
4.783999999999999919e-01
5.191999999999999948e-01
5.061999999999999833e-01
5.262000000000000011e-01
5.088000000000000300e-01
5.073999999999999622e-01
5.195999999999999508e-01
5.013999999999999568e-01
4.995999999999999885e-01
4.743999999999999884e-01
4.873999999999999999e-01
4.736000000000000210e-01
4.822000000000000175e-01
5.215999999999999526e-01
4.782000000000000139e-01
4.829999999999999849e-01
5.043999999999999595e-01
5.091999999999999860e-01
5.135999999999999455e-01
5.135999999999999455e-01
4.984000000000000097e-01
5.066000000000000503e-01
5.170000000000000151e-01
5.135999999999999455e-01
5.051999999999999824e-01
5.100000000000000089e-01
5.051999999999999824e-01
5.048000000000000265e-01
4.899999999999999911e-01
5.073999999999999622e-01
4.894000000000000017e-01
5.038000000000000256e-01
4.875999999999999779e-01
4.823999999999999955e-01
5.120000000000000107e-01
4.773999999999999910e-01
5.111999999999999877e-01
4.974000000000000088e-01
5.181999999999999940e-01
5.098000000000000309e-01
5.148000000000000353e-01
4.823999999999999955e-01
5.113999999999999657e-01
4.849999999999999867e-01
4.855999999999999761e-01
5.068000000000000282e-01
4.838000000000000078e-01
4.719999999999999751e-01
4.742000000000000104e-01
4.979999999999999982e-01
5.041999999999999815e-01
4.892000000000000237e-01
4.838000000000000078e-01
4.859999999999999876e-01
5.225999999999999535e-01
4.998000000000000220e-01
5.120000000000000107e-01
4.938000000000000167e-01
4.848000000000000087e-01
4.955999999999999850e-01
5.252000000000000002e-01
