1.523417075475056892e+00
9.556468526522318152e-01
9.329169789950052527e-01
7.989362875620523718e-01
6.285203496615091590e-01
5.118102133274078369e-01
4.501648346583048688e-01
4.071302413940429688e-01
3.665423492590586529e-01
3.245063424110412598e-01
2.841207683086395264e-01
2.480425834655761719e-01
2.167586435874303274e-01
1.910095413525899344e-01
1.700500994920730591e-01
1.531105488538742065e-01
1.397021810213724680e-01
1.275951117277145386e-01
1.165646264950434413e-01
1.070675204197565761e-01
9.886923929055531357e-02
9.217727681001026963e-02
8.660472432772318985e-02
8.215526988108952378e-02
7.804179439942042495e-02
7.407562434673309326e-02
7.058925181627273560e-02
6.725467865665753220e-02
6.346734116474787857e-02
6.015579526623090340e-02
5.791201194127400947e-02
5.570032323400179314e-02
5.319979662696520256e-02
5.123800163467725349e-02
4.986258099476496147e-02
4.905779411395391060e-02
4.795702174305915833e-02
4.618383819858232903e-02
4.517557471990585327e-02
4.360946019490560127e-02
4.313143094380696846e-02
4.288272683819135261e-02
4.218282426397005486e-02
4.128413274884223938e-02
3.985825926065444946e-02
3.884337718288103508e-02
3.869167963663736748e-02
3.814877445499102043e-02
3.694741800427436829e-02
3.641737749179204536e-02
3.498212993144989014e-02
3.409149125218391418e-02
3.352783868710199761e-02
3.319823741912841797e-02
3.290506452322006226e-02
3.262432912985483574e-02
3.204472859700521065e-02
3.175143959621588158e-02
3.151873499155044556e-02
3.132257238030433655e-02
3.117157270510991299e-02
3.102201906343301022e-02
3.085326775908470154e-02
3.067065216600894928e-02
3.050986925760905064e-02
3.035290353000164032e-02
3.020698142548402035e-02
3.005194726089636600e-02
2.990429600079854214e-02
2.977076483269532406e-02
2.964698771635691441e-02
2.954249332348505772e-02
2.945680978397528446e-02
2.938731511433919155e-02
2.930788819988568508e-02
2.923099572459856785e-02
2.917096950113773346e-02
2.910130408902962887e-02
2.901699642340342319e-02
2.893301099538803101e-02
2.885891683399677277e-02
2.878307116528351986e-02
2.872059183816115177e-02
2.865772756437460697e-02
2.860176873703797543e-02
2.855433772007624424e-02
2.851171977818012238e-02
2.847385468582312382e-02
2.843580519159634792e-02
2.839825302362442017e-02
2.835350794096787655e-02
2.831905769805113590e-02
2.829376297692457951e-02
2.827930326263109959e-02
2.826415747404098511e-02
2.825817714134852207e-02
2.823639102280139923e-02
2.822049831350644314e-02
2.821740570167700565e-02
2.822837295631567753e-02
2.821325821181138241e-02
2.817520064612229549e-02
2.815135257939497745e-02
2.810788402954737461e-02
2.803817826012770451e-02
2.799245715141296387e-02
2.798079264660676205e-02
2.800172815720240391e-02
2.804263681173324585e-02
2.805487749477227413e-02
2.806098386645317078e-02
2.801463815073172367e-02
2.797491227587063992e-02
2.793523420890172207e-02
2.792340330779552460e-02
2.789677741626898563e-02
2.786756741503874577e-02
2.781577905019124233e-02
2.778327775498231136e-02
2.777872482935587681e-02
2.777262652913729465e-02
2.775722679992516720e-02
2.773389965295791626e-02
2.772338191668192661e-02
2.772112128635247433e-02
2.773553567628065861e-02
2.773624286055564880e-02
2.776381559669971466e-02
2.779043403764565670e-02
2.780060035487015926e-02
2.779348939657211304e-02
2.778356398145357883e-02
2.776597440242767334e-02
2.775137561062971867e-02
2.775929495692253113e-02
2.775404664377371586e-02
2.772835207482178890e-02
2.766800113022327423e-02
2.759501462181409084e-02
2.756666143735249722e-02
2.753897756338119507e-02
2.752398575345675266e-02
2.752811958392461025e-02
2.752882676819960392e-02
2.753242850303649902e-02
2.753107622265815735e-02
2.749765540162722385e-02
2.749066178997357571e-02
2.748758780459563053e-02
2.746047141651312626e-02
2.743382751941680908e-02
2.742278824249903477e-02
2.740697376430034637e-02
2.739296108484268188e-02
2.738275068501631535e-02
2.738914079964160919e-02
2.739024286468823635e-02
2.738050992290179050e-02
2.736938123901684963e-02
2.737820583085219181e-02
2.737260051071643829e-02
2.736919994155566013e-02
2.736698711911837376e-02
2.736927444736162937e-02
2.738774257401625431e-02
2.741583436727523804e-02
2.746004859606425083e-02
2.747929468750953674e-02
2.749228601654370510e-02
2.746900357306003571e-02
2.742737097044785702e-02
2.738500883181889736e-02
2.733771130442619324e-02
2.729548265536626064e-02
2.725524455308914185e-02
2.722968285282452786e-02
2.720640910168488705e-02
2.719181589782238007e-02
2.718622920413811886e-02
2.718338991204897678e-02
2.718039974570274353e-02
2.717196382582187653e-02
2.716908852259318150e-02
2.717032097280025482e-02
2.717626467347145081e-02
2.718929760158061981e-02
2.719603975613911831e-02
2.720292098820209503e-02
2.721591728428999699e-02
2.721564161280791080e-02
2.722346410155296326e-02
2.722671938439210140e-02
2.724221845467885220e-02
2.724831365048885345e-02
2.726129194100697720e-02
2.724695081512133396e-02
2.723345719277858734e-02
2.723254946370919430e-02
2.723518076042334354e-02
2.713865973055362701e-02
2.710743434727191925e-02
2.708368500073750698e-02
2.703618568678696835e-02
2.700204278031985081e-02
2.698336665829022610e-02
2.699257868031660831e-02
2.701124486823876583e-02
2.704595526059468472e-02
2.704383991658687592e-02
2.697568076352278507e-02
2.694003904859225071e-02
2.693118155002593994e-02
2.693734380106131351e-02
2.695292048156261444e-02
2.694125597675641262e-02
2.691144868731498718e-02
2.689089377721150600e-02
2.690244093537330627e-02
2.693094002703825748e-02
2.697461719314257420e-02
2.697585647304852688e-02
2.695865494509537899e-02
2.694279638429482662e-02
2.694292304416497433e-02
2.697981086870034420e-02
2.699078309039274967e-02
2.692750220497449123e-02
2.690156425038973606e-02
2.692059489587942875e-02
2.695339297254880154e-02
2.694068973263104641e-02
2.692176029086112976e-02
2.703262368837992466e-02
2.711164020001888275e-02
2.711672584215800083e-02
2.705095335841178894e-02
2.690217830240726471e-02
2.679872264464696133e-02
2.676909230649471283e-02
2.678221339980761326e-02
2.682861313223838806e-02
2.680538843075434483e-02
2.674521071215470516e-02
2.673235597709814823e-02
2.674394845962524414e-02
2.682559937238693237e-02
2.690187841653823853e-02
2.688638679683208466e-02
2.684629335999488831e-02
2.679724991321563721e-02
2.676704215506712711e-02
2.678514706591765202e-02
2.677978202700614929e-02
2.673521203299363339e-02
2.669854213794072353e-02
2.669151624043782436e-02
2.668749913573265076e-02
2.668969457348187649e-02
2.670159315069516384e-02
2.672725481291611874e-02
2.669235939780871189e-02
2.666262847681840145e-02
2.666348963975906372e-02
2.668039935330549992e-02
2.669063086311022556e-02
2.668772762020428860e-02
2.670807080964247501e-02
2.673891372978687286e-02
2.677210420370101929e-02
2.681629794339339054e-02
2.687675319612026215e-02
2.685675087074438847e-02
2.676871046423912048e-02
2.662752320369084560e-02
2.656539777914683140e-02
2.657237835228443146e-02
2.659151020149390018e-02
2.656101683775584019e-02
2.653006712595621860e-02
2.652907061080138004e-02
2.654599087933699406e-02
2.655151362220446384e-02
2.657083794474601746e-02
2.657780237495899200e-02
2.659343679745991909e-02
2.659126371145248413e-02
2.659111407895882809e-02
2.657906959454218662e-02
2.658028403917948521e-02
2.655434546371300900e-02
2.652679135402043545e-02
2.649174071848392487e-02
2.647714627285798275e-02
2.647907100617885590e-02
2.643154437343279636e-02
2.639283426105976105e-02
2.643803879618644714e-02
2.657616386810938633e-02
2.661731839179992676e-02
2.660619840025901794e-02
2.647047676146030426e-02
2.641558398803075039e-02
2.672264041999975956e-02
2.719839786489804470e-02
2.721700072288513184e-02
2.677158887187639988e-02
2.645080722868442535e-02
2.648836746811866760e-02
2.660103452702363216e-02
2.659571977953116215e-02
2.645147343476613247e-02
2.635960032542546475e-02
2.639614604413509369e-02
2.653721595803896702e-02
2.646244813998540127e-02
2.630811184644699097e-02
2.638056625922520840e-02
2.656788627306620396e-02
2.659234032034873962e-02
2.643318163851897037e-02
2.633832270900408543e-02
2.627245460947354519e-02
2.632131862143675602e-02
2.649357542395591736e-02
2.652328585584958279e-02
2.640182897448539734e-02
2.634205234547455990e-02
2.643430170913537228e-02
2.654932315150896824e-02
2.655006075898806370e-02
2.636194104949633396e-02
2.625074920554955685e-02
2.625008113682270050e-02
2.635043238600094997e-02
2.636026342709859097e-02
2.624964155256748199e-02
2.624306455254554749e-02
2.633673014740149296e-02
2.635601162910461426e-02
2.629758665959040440e-02
2.621161006391048431e-02
2.617317438125610352e-02
2.623799691597620762e-02
2.637319825589656830e-02
2.657274591426054752e-02
2.661142125725746155e-02
2.643891299764315403e-02
2.635736204683780670e-02
2.649228709439436710e-02
2.677268596986929691e-02
2.668835284809271610e-02
2.640368168552716457e-02
2.617903736730416500e-02
2.613087743520736694e-02
2.623567047218481815e-02
2.628990449011325836e-02
2.624101750552654266e-02
2.611687406897544861e-02
2.615421637892723083e-02
2.623531719048817837e-02
2.635891363024711609e-02
2.620551238457361973e-02
2.612561732530593872e-02
2.631425981720288479e-02
2.668316600223382198e-02
2.670929456750551975e-02
2.641786448657512665e-02
2.616963473459084713e-02
2.648506189386050022e-02
2.676998637616634369e-02
2.669029434521992886e-02
2.633451359967390812e-02
2.606081217527389526e-02
2.622388737897078312e-02
2.642723483343919003e-02
2.643556768695513523e-02
2.622266051669915402e-02
2.609524441262086117e-02
2.600199046234289921e-02
2.612053354581196987e-02
2.626888391872246944e-02
2.629477158188819885e-02
2.621490818758805477e-02
2.611030265688896179e-02
2.596811329325040066e-02
2.601138688623905182e-02
2.615828750034173214e-02
2.617880826195080959e-02
2.601486817002296448e-02
2.594882001479466641e-02
2.602326186994711674e-02
2.612904397149880611e-02
2.618497361739476406e-02
2.615118585526943207e-02
2.613371921082337582e-02
2.613335785766442501e-02
2.616067975759506226e-02
2.622309140861034393e-02
2.616572317977746212e-02
2.611614515384038174e-02
2.601758763194084167e-02
2.592696187396844112e-02
2.590355463325977325e-02
2.593001537024974823e-02
2.596869133412837982e-02
2.593939440945784367e-02
2.590933566292126858e-02
2.585365064442157745e-02
2.585040405392646790e-02
2.595567827423413479e-02
2.601543503503004826e-02
2.586777818699677670e-02
2.591732827325661861e-02
2.619633078575134277e-02
2.632024884223937988e-02
2.621037388841311253e-02
2.601416284839312351e-02
2.599548858900864803e-02
2.623386618991692745e-02
2.658302523195743561e-02
2.645908482372760773e-02
2.598475602765877926e-02
2.582701233526070797e-02
2.610145385066668308e-02
2.658013875285784519e-02
2.653981807331244266e-02
2.603664000829060757e-02
2.575811681648095333e-02
2.607228606939315796e-02
2.662118400136629856e-02
2.657664815584818638e-02
2.598089973131815708e-02
2.576342038810253143e-02
2.636690561970074856e-02
2.719480420152346409e-02
2.689018659293651581e-02
2.604121156036853790e-02
2.587474447985490048e-02
2.664477936923503876e-02
2.711148063341776646e-02
2.693082702656586849e-02
2.626916641990343845e-02
2.585293787221113956e-02
2.609318743149439609e-02
2.655068660775820530e-02
2.648582309484481812e-02
2.606709363559881962e-02
2.581730050345261776e-02
2.590333484113216400e-02
2.619150963922341549e-02
2.612793631851673126e-02
2.583848126232624054e-02
2.578747210403283321e-02
2.603183127939701080e-02
2.629383405049641811e-02
2.594653206566969669e-02
2.572560558716456211e-02
2.578651780883471287e-02
2.586505437890688694e-02
2.587639664610226833e-02
2.575461007654666901e-02
2.576098218560218811e-02
2.586304706831773007e-02
2.587276945511500156e-02
2.575475660463174069e-02
2.570119500160217285e-02
2.573917744060357296e-02
2.575286229451497280e-02
2.574117667973041534e-02
2.572774452467759335e-02
2.570504260559876644e-02
2.570684937139352047e-02
2.566127106547355652e-02
2.563163948555787289e-02
2.564097940921783447e-02
2.561561639110247410e-02
2.559657332797845089e-02
2.558392286300659180e-02
2.558820011715094364e-02
2.561626521249612057e-02
2.558658023675282681e-02
2.558118849992752075e-02
2.554290058712164677e-02
2.561498681704203403e-02
2.563260992368062222e-02
2.555553366740544521e-02
2.560758342345555508e-02
2.581041802962620937e-02
2.594884174565474308e-02
2.593751500050226963e-02
2.577061019837856293e-02
2.567162240544955051e-02
2.565558068454265594e-02
2.569023209313551701e-02
2.570350592335065090e-02
2.561926034589608395e-02
2.559467405080795288e-02
2.554954526325066769e-02
2.559337330361207211e-02
2.578128377596537388e-02
2.583426671723524845e-02
2.564769114057223118e-02
2.556406023601691044e-02
2.545551396906375885e-02
2.546429261565208435e-02
2.552405558526515961e-02
2.551044213275114811e-02
2.543148584663867950e-02
2.544253195325533665e-02
2.549864786366621769e-02
2.556697589655717098e-02
2.554608260591824734e-02
2.551779026786486423e-02
2.555857660869757450e-02
2.553802852829297268e-02
2.548065657416979587e-02
2.546048412720362461e-02
2.550876388947169102e-02
2.551260652641455448e-02
2.544183780749638760e-02
2.540803328156471252e-02
2.539234918852647030e-02
2.544883638620376587e-02
2.552724070847034454e-02
2.555798552930355072e-02
2.541450845698515690e-02
2.533711244662602627e-02
2.536589403947194302e-02
2.534448417524496830e-02
2.535638647774855411e-02
2.539301166931788242e-02
2.542830941577752316e-02
2.547198161482810974e-02
2.534481510519981384e-02
2.536375137666861332e-02
2.555085470279057705e-02
2.570966506997744358e-02
2.550789838035901272e-02
2.537137207885583126e-02
2.556954634686310970e-02
2.571517912050088131e-02
2.562945149838924408e-02
2.545712577799956119e-02
2.573726574579874790e-02
2.622029309471448147e-02
2.574918729563554012e-02
2.546625646452109135e-02
2.592810057103633881e-02
2.590862599511941158e-02
2.546168553332487858e-02
2.537204449375470364e-02
2.557896077632904053e-02
2.586861389378706730e-02
2.582350994149843967e-02
2.541447430849075317e-02
2.567483608921368801e-02
2.663817380865414822e-02
2.650252605477968967e-02
2.558866764108340061e-02
2.534135493139426029e-02
2.635594829916954041e-02
2.651734712223212040e-02
2.532434339324633396e-02
2.539893426001071930e-02
2.686249713102976597e-02
2.722670013705889500e-02
2.573295682668685913e-02
2.524449303746223450e-02
2.608745855589707577e-02
2.672973709801832951e-02
2.605060860514640808e-02
2.548102165261904514e-02
2.536408044397830963e-02
2.555440862973530972e-02
2.549416385591030121e-02
2.535538375377655029e-02
2.529506882031758511e-02
2.526215401788552486e-02
2.526669080058733738e-02
2.523935834566752232e-02
2.524168541034062588e-02
2.548121536771456516e-02
2.569662593305110931e-02
2.551266675194104397e-02
2.522714932759602749e-02
2.512392401695251465e-02
2.519004729886849606e-02
2.532578818500041962e-02
2.517144133647282803e-02
2.511132135987281799e-02
2.537980613609154903e-02
2.563762975235779965e-02
2.526806357006232059e-02
2.514496445655822754e-02
2.548713485399882114e-02
2.564505736033121860e-02
2.531924347082773960e-02
2.521566053231557095e-02
2.541037711004416264e-02
2.564759304126103603e-02
