-1.117196679115295410e-02
-1.378403604030609131e-02
5.592709779739379883e-02
8.516693115234375000e-02
6.813414394855499268e-02
-1.838246434926986694e-01
9.682576358318328857e-02
-2.186988294124603271e-02
-4.912402480840682983e-02
-6.813345849514007568e-02
-5.488827824592590332e-02
-1.451123207807540894e-01
-9.722054004669189453e-02
-3.187532722949981689e-02
-2.088300883769989014e-02
-1.495045274496078491e-01
-6.299136579036712646e-02
-6.137448549270629883e-02
1.939968764781951904e-02
7.951176166534423828e-02
-7.063433527946472168e-03
9.427132457494735718e-02
-1.342293471097946167e-01
-1.545078605413436890e-01
5.588400363922119141e-02
-1.595019996166229248e-01
9.124443680047988892e-02
5.985452234745025635e-02
2.798517793416976929e-02
-2.092397212982177734e-02
-5.608743429183959961e-02
-5.874849855899810791e-02
-4.067045450210571289e-02
-1.271731853485107422e-01
6.518374383449554443e-02
-9.203337132930755615e-02
-1.224867254495620728e-01
1.139637082815170288e-01
-2.806906402111053467e-02
9.995251893997192383e-03
-1.435597538948059082e-01
-1.057153791189193726e-01
-1.164079010486602783e-01
3.438901901245117188e-02
6.675739586353302002e-02
3.741401433944702148e-02
-9.761691093444824219e-03
-1.470811665058135986e-02
-1.390949636697769165e-01
-1.159435510635375977e-02
-1.734793186187744141e-04
8.062408864498138428e-02
-8.973887562751770020e-02
7.483559101819992065e-02
8.445327728986740112e-02
1.969730854034423828e-02
4.255574941635131836e-02
-1.558594852685928345e-01
1.143209934234619141e-01
3.216996788978576660e-02
-9.793107211589813232e-02
6.551876664161682129e-03
8.085323870182037354e-02
-6.430566310882568359e-03
-4.917642474174499512e-02
1.947320997714996338e-02
4.843460023403167725e-02
6.113770604133605957e-02
8.660796284675598145e-02
-5.586196482181549072e-02
1.025232672691345215e-02
5.584955215454101562e-03
-1.076793670654296875e-01
1.163081824779510498e-02
6.713122129440307617e-02
-5.563956499099731445e-02
-2.339841425418853760e-02
1.036400645971298218e-01
-3.957691788673400879e-02
3.577698767185211182e-02
-5.978748202323913574e-02
3.058692812919616699e-02
-5.552361905574798584e-02
1.110783070325851440e-01
1.137826144695281982e-01
2.305215597152709961e-02
-2.079606056213378906e-02
-1.231893897056579590e-02
-1.055851876735687256e-01
-1.429666131734848022e-01
-5.991300940513610840e-02
5.772134661674499512e-02
5.076333880424499512e-03
-6.526523083448410034e-02
-8.426143229007720947e-02
-9.108617901802062988e-02
-1.858732253313064575e-01
2.147090435028076172e-02
-4.770573228597640991e-02
-8.686706423759460449e-02
-1.133921742439270020e-01
9.347280114889144897e-02
-4.506407678127288818e-02
5.910153687000274658e-02
-1.406501233577728271e-02
6.708000600337982178e-02
6.537228822708129883e-03
-4.800893366336822510e-02
3.960660099983215332e-02
1.143772304058074951e-01
1.221174001693725586e-02
1.222654432058334351e-01
-6.827378273010253906e-02
-1.878149062395095825e-01
-1.116542816162109375e-01
6.911084055900573730e-03
-7.589103281497955322e-02
7.362437248229980469e-02
-6.194728612899780273e-02
9.153915941715240479e-02
-8.807894587516784668e-02
3.580345213413238525e-02
-3.188914060592651367e-02
-8.805130422115325928e-02
8.177039027214050293e-02
-4.910972714424133301e-02
-5.331522226333618164e-02
4.320986568927764893e-02
-1.969546079635620117e-03
9.252569079399108887e-02
-1.346402466297149658e-01
-1.037871837615966797e-01
9.270088374614715576e-02
-4.287135601043701172e-02
6.533785164356231689e-02
9.481446444988250732e-02
-4.370479285717010498e-02
-1.234040856361389160e-01
-1.543275266885757446e-01
8.762344717979431152e-02
-4.904921352863311768e-02
-4.601140320301055908e-02
-4.673843830823898315e-02
-6.047952175140380859e-02
-9.801924228668212891e-02
3.361539542675018311e-02
-6.358410418033599854e-02
-1.710761487483978271e-01
7.277207821607589722e-02
-7.408012449741363525e-02
-3.572912514209747314e-02
-3.819480538368225098e-02
2.485424280166625977e-03
-1.848797798156738281e-01
7.706380635499954224e-02
-1.274550408124923706e-01
5.191148817539215088e-02
5.727063864469528198e-02
1.162853091955184937e-01
3.717340528964996338e-02
-4.784271121025085449e-02
-1.597995758056640625e-01
-2.129227966070175171e-01
3.211870789527893066e-02
2.104011178016662598e-02
4.773405194282531738e-02
-8.951748907566070557e-02
3.124600648880004883e-02
-4.118147492408752441e-02
2.880662679672241211e-02
5.982545018196105957e-02
-1.237594783306121826e-01
1.537317037582397461e-02
-6.583251059055328369e-02
-9.964011609554290771e-02
1.174907311797142029e-01
-1.911693513393402100e-01
5.662456154823303223e-02
9.817659854888916016e-03
-1.405092030763626099e-01
4.897419363260269165e-02
-8.534210920333862305e-02
-1.290876567363739014e-01
5.537326633930206299e-02
1.400137841701507568e-01
-1.910926401615142822e-02
-1.595171391963958740e-01
-2.858206629753112793e-03
1.251234412193298340e-01
-1.250323653221130371e-01
-1.087291240692138672e-01
-4.664026200771331787e-02
-2.690471708774566650e-02
4.600912332534790039e-02
-1.429848372936248779e-01
-4.021050035953521729e-02
-7.948583364486694336e-02
-2.316605299711227417e-01
1.438954472541809082e-01
-1.626186966896057129e-01
1.051767766475677490e-01
-2.786746621131896973e-02
-2.142889797687530518e-02
-1.517982780933380127e-01
6.247662007808685303e-02
9.778613597154617310e-02
4.194661974906921387e-03
-1.285789012908935547e-01
-1.283275932073593140e-01
-6.843964755535125732e-02
5.496425926685333252e-02
9.553445875644683838e-02
-9.268771111965179443e-02
-1.031069755554199219e-01
-1.162595599889755249e-01
9.438420832157135010e-02
-1.187991797924041748e-01
2.523081004619598389e-02
3.745648264884948730e-02
-9.959749877452850342e-02
6.238204240798950195e-02
5.174885690212249756e-02
2.596732974052429199e-02
-4.804606735706329346e-02
4.757320880889892578e-02
-1.630581915378570557e-02
2.931952476501464844e-04
-8.868207037448883057e-02
-8.591926097869873047e-02
-1.199945509433746338e-01
-1.511467695236206055e-01
-1.178151071071624756e-01
-5.823333561420440674e-02
8.834941685199737549e-02
-1.310572326183319092e-01
-1.779183745384216309e-03
-5.733966827392578125e-02
-3.227908909320831299e-02
-7.632781565189361572e-02
4.536157101392745972e-02
5.091477930545806885e-02
-1.239241957664489746e-01
3.719018399715423584e-02
-5.107100307941436768e-02
-1.527987122535705566e-01
1.015642434358596802e-01
4.849953949451446533e-02
9.045390784740447998e-02
1.450321078300476074e-02
-5.473078787326812744e-02
-5.080057680606842041e-02
-1.322295814752578735e-01
6.428486108779907227e-02
-4.043228924274444580e-02
2.191658318042755127e-02
-1.865494847297668457e-01
-8.848953247070312500e-02
-1.586794853210449219e-03
-8.549809455871582031e-03
-2.531442046165466309e-02
-2.230004370212554932e-01
4.640872776508331299e-02
-9.853810071945190430e-03
9.431988745927810669e-02
5.290542542934417725e-02
6.076151132583618164e-02
4.693442583084106445e-02
-1.681014299392700195e-01
-1.287073045969009399e-01
-3.073929250240325928e-02
-6.128251552581787109e-04
4.789425432682037354e-02
2.679583430290222168e-02
-4.201738536357879639e-02
-4.501953721046447754e-03
-1.015136018395423889e-01
8.017763495445251465e-03
6.880503892898559570e-02
-3.782570362091064453e-02
-6.631886959075927734e-02
-1.141126304864883423e-01
9.200258553028106689e-02
-2.301853895187377930e-01
-1.665474325418472290e-01
-9.971141815185546875e-03
-3.877617418766021729e-02
-1.612007617950439453e-03
1.171890199184417725e-01
-6.260299682617187500e-02
2.628302574157714844e-02
-1.693200469017028809e-01
-3.429858386516571045e-02
-1.148685663938522339e-01
4.235088825225830078e-02
6.942585110664367676e-03
7.180231809616088867e-02
1.097263246774673462e-01
7.584346085786819458e-02
-1.948396116495132446e-01
1.115247756242752075e-01
4.702331125736236572e-02
4.497021436691284180e-03
-1.095150411128997803e-02
-8.519770205020904541e-02
-1.100939363241195679e-01
-1.561507582664489746e-03
-1.362664103507995605e-01
-9.842422604560852051e-02
-1.945013105869293213e-01
-3.083373606204986572e-02
-9.944730997085571289e-02
-8.068538457155227661e-02
-6.558164954185485840e-02
1.180670857429504395e-01
-6.075160205364227295e-02
-6.481660902500152588e-02
2.186875045299530029e-02
2.757865190505981445e-02
1.497747749090194702e-02
5.427727848291397095e-02
-8.689686655998229980e-02
1.368836015462875366e-01
-1.003221124410629272e-01
-9.374807775020599365e-02
5.764171481132507324e-02
-9.499657154083251953e-02
9.164139628410339355e-02
6.564180552959442139e-02
-8.700227737426757812e-02
6.119857728481292725e-02
1.601520180702209473e-02
-5.414545536041259766e-02
-2.354186475276947021e-01
2.951398491859436035e-02
-2.230529487133026123e-02
1.023207753896713257e-01
1.545943021774291992e-01
7.971927523612976074e-03
-1.680150628089904785e-02
-2.522230148315429688e-03
-9.486338496208190918e-02
-6.607119739055633545e-02
-2.657383680343627930e-03
-2.119367271661758423e-01
1.325750350952148438e-01
1.149177104234695435e-01
-2.077054977416992188e-02
-7.376046478748321533e-02
-1.974224448204040527e-01
-1.709047406911849976e-01
-1.235769689083099365e-02
-1.326610296964645386e-01
5.251438915729522705e-02
-1.678873300552368164e-01
5.273546278476715088e-02
-7.027613371610641479e-02
-1.377007812261581421e-01
-5.150280892848968506e-02
-2.670635282993316650e-02
8.919937908649444580e-02
5.889907479286193848e-03
-1.745936274528503418e-02
1.405641436576843262e-01
-1.091871559619903564e-01
5.319781601428985596e-02
6.148706376552581787e-02
-5.914032459259033203e-03
1.715223491191864014e-02
2.964371442794799805e-02
6.517571210861206055e-02
3.718137741088867188e-03
9.681372344493865967e-02
-1.117514073848724365e-01
-2.038594484329223633e-01
-1.535885483026504517e-01
4.094722867012023926e-02
-9.273968636989593506e-02
-1.571806222200393677e-01
7.114090025424957275e-02
-8.614003658294677734e-02
1.995098590850830078e-02
-4.586225748062133789e-02
-1.979625672101974487e-01
6.682686507701873779e-02
8.738070726394653320e-03
1.294031143188476562e-01
4.866950213909149170e-03
-1.223233491182327271e-01
-1.788942664861679077e-01
-1.433441638946533203e-01
-1.936322450637817383e-02
3.132686018943786621e-03
-9.389385581016540527e-02
2.364751696586608887e-02
7.588782906532287598e-02
-7.995936274528503418e-02
-5.612085759639739990e-02
1.335145980119705200e-01
2.837657928466796875e-03
-1.463189274072647095e-01
-1.061648428440093994e-01
7.777182757854461670e-02
7.303199172019958496e-02
7.362228631973266602e-02
6.434619426727294922e-02
-2.959960699081420898e-02
-8.203098177909851074e-02
-1.152590364217758179e-01
-4.389660060405731201e-02
6.691375374794006348e-02
-1.115538775920867920e-01
7.237310707569122314e-02
7.812972366809844971e-02
-4.320485889911651611e-02
-6.322667002677917480e-03
-5.147863924503326416e-02
-3.946098685264587402e-02
-1.219060719013214111e-01
-1.451616883277893066e-01
7.377789914608001709e-02
-6.356939673423767090e-03
7.040810585021972656e-02
-6.997208297252655029e-02
6.134448945522308350e-02
7.544908672571182251e-02
-5.565598607063293457e-03
1.023839861154556274e-01
-1.303748637437820435e-01
-4.873550683259963989e-02
7.480332255363464355e-02
-1.132075935602188110e-01
4.908378422260284424e-02
-6.660203635692596436e-02
7.883618772029876709e-02
-2.113942205905914307e-01
-3.466022014617919922e-02
8.810935914516448975e-02
-2.006834745407104492e-01
3.710678219795227051e-02
-7.557329535484313965e-02
-2.878233790397644043e-02
1.824592053890228271e-02
-5.715840309858322144e-02
-4.012486338615417480e-02
1.083259582519531250e-01
3.493286669254302979e-02
8.827312290668487549e-02
2.955691516399383545e-02
7.456078380346298218e-02
-9.111977368593215942e-02
-1.157914996147155762e-01
8.532792329788208008e-03
7.092295587062835693e-02
-8.313685655593872070e-03
-1.285283714532852173e-01
-3.331531584262847900e-02
-6.544363498687744141e-02
8.042169362306594849e-02
-4.474592208862304688e-02
-1.712053567171096802e-01
9.887847304344177246e-02
-3.144019842147827148e-02
6.880536675453186035e-03
-1.548225283622741699e-01
2.607622742652893066e-02
1.357315927743911743e-01
-5.271874368190765381e-02
8.555851876735687256e-02
-2.306270599365234375e-02
9.369926154613494873e-02
4.217788577079772949e-02
1.648329943418502808e-02
1.627501845359802246e-02
2.850889414548873901e-02
3.927469253540039062e-03
-9.220628440380096436e-02
-8.685646951198577881e-02
3.953702747821807861e-02
3.724913299083709717e-02
3.697163611650466919e-02
1.003956273198127747e-01
5.594842135906219482e-02
1.055887192487716675e-01
-4.738180339336395264e-02
-2.384687960147857666e-02
-9.277360141277313232e-02
-1.770287305116653442e-01
-1.121785193681716919e-01
-2.029937505722045898e-02
3.100608289241790771e-02
-4.335574805736541748e-02
6.263449788093566895e-03
-5.098921060562133789e-02
-1.499872207641601562e-01
-7.678361237049102783e-02
-3.075245022773742676e-02
1.036761105060577393e-01
-1.810513436794281006e-02
9.908901154994964600e-02
-7.372584939002990723e-02
-2.789117395877838135e-02
-1.322976201772689819e-01
-1.109099239110946655e-01
-1.471161991357803345e-01
-1.024835407733917236e-01
-1.383592039346694946e-01
-9.713524580001831055e-02
-1.307774782180786133e-01
-1.382319182157516479e-01
1.212339103221893311e-02
3.642554581165313721e-02
-4.066745936870574951e-02
-5.806517601013183594e-02
-1.190340369939804077e-01
-1.471870094537734985e-01
-5.008959770202636719e-02
3.555789589881896973e-04
5.010230839252471924e-02
-1.154986321926116943e-01
9.108029305934906006e-02
-1.201947778463363647e-01
-2.747336030006408691e-02
9.551617503166198730e-02
5.742742121219635010e-02
-7.468342036008834839e-02
1.154190301895141602e-02
-5.769397318363189697e-02
-4.323557019233703613e-03
-7.542562484741210938e-02
8.545984327793121338e-02
8.578032255172729492e-02
9.682993590831756592e-02
-1.169984042644500732e-02
-1.018493622541427612e-01
-1.476923972368240356e-01
1.979336142539978027e-02
-9.799337387084960938e-02
8.677423000335693359e-03
-7.069391012191772461e-02
7.565595209598541260e-03
-1.726271510124206543e-01
8.799181133508682251e-02
9.444864094257354736e-02
-1.151836961507797241e-01
-1.215504854917526245e-01
7.106226682662963867e-02
1.702055335044860840e-03
6.361491978168487549e-02
8.717471361160278320e-02
-3.138746321201324463e-02
1.554245501756668091e-01
-8.309011161327362061e-02
1.302513480186462402e-02
1.570500433444976807e-02
1.010756194591522217e-01
1.626348495483398438e-02
-4.027026891708374023e-02
1.460562944412231445e-01
-5.711752176284790039e-02
-1.054760813713073730e-02
-7.111789286136627197e-02
-1.288786381483078003e-01
5.273829400539398193e-02
9.237438440322875977e-03
-3.901316970586776733e-02
1.147477477788925171e-01
2.009317278861999512e-02
4.150258004665374756e-02
-6.448447704315185547e-03
-4.767210781574249268e-02
-9.585747122764587402e-02
-1.273128688335418701e-01
9.660723805427551270e-02
7.331439107656478882e-02
-1.302262842655181885e-01
-3.457529842853546143e-02
-1.999592930078506470e-01
3.493210673332214355e-02
3.698486089706420898e-02
-7.316775619983673096e-02
-9.472727775573730469e-02
-9.852613508701324463e-02
4.438807070255279541e-02
-1.052628457546234131e-01
2.133905887603759766e-03
-1.129977405071258545e-02
9.549100697040557861e-02
1.249349117279052734e-02
-6.696730107069015503e-02
7.497642934322357178e-02
-1.536285877227783203e-01
-4.776793718338012695e-02
-4.155234992504119873e-02
1.022877097129821777e-01
2.092629671096801758e-02
1.305747479200363159e-01
-5.391082167625427246e-02
-3.964900970458984375e-02
7.978862524032592773e-02
9.294286370277404785e-03
3.763128817081451416e-02
4.595124721527099609e-02
9.382520616054534912e-02
-3.358998894691467285e-02
7.554177939891815186e-02
-1.575054228305816650e-02
7.758028805255889893e-02
-1.491352021694183350e-01
4.987612366676330566e-02
-1.775617599487304688e-01
-1.505889594554901123e-01
-5.908203125000000000e-02
-1.431976407766342163e-01
4.359264671802520752e-02
3.253936767578125000e-02
6.212542951107025146e-02
-1.960628330707550049e-01
-8.653777837753295898e-02
-8.249458670616149902e-02
6.269417703151702881e-02
-5.102360248565673828e-02
-8.402362465858459473e-03
-1.109968125820159912e-01
7.466972619295120239e-02
-7.660046219825744629e-02
-9.397567808628082275e-02
8.387938141822814941e-02
-1.049577146768569946e-01
-1.411157399415969849e-01
-3.881429135799407959e-02
3.408266603946685791e-02
7.133635878562927246e-02
-1.423432081937789917e-01
-9.049230068922042847e-02
1.460781246423721313e-01
7.258393615484237671e-02
3.345795720815658569e-02
-7.041151821613311768e-02
5.952320992946624756e-02
-3.196608275175094604e-02
-7.874837517738342285e-02
4.054979979991912842e-02
1.472156345844268799e-01
-6.607404351234436035e-02
3.425948321819305420e-02
-9.925200045108795166e-02
3.377957642078399658e-02
1.167438626289367676e-01
4.799637198448181152e-02
5.491104722023010254e-02
-3.019469976425170898e-02
4.606552422046661377e-02
-1.118917763233184814e-02
-7.224160432815551758e-02
-1.440217643976211548e-01
8.906930685043334961e-02
8.391427993774414062e-02
-4.798480868339538574e-02
-1.453989148139953613e-01
4.061624407768249512e-03
-5.321103334426879883e-02
6.708614528179168701e-02
-1.119182705879211426e-01
-1.117632389068603516e-01
9.991885721683502197e-02
-1.241365224123001099e-01
-2.894197404384613037e-02
3.975880146026611328e-02
-1.439901888370513916e-01
-4.224850237369537354e-02
-1.815454661846160889e-02
7.690341770648956299e-02
1.044206172227859497e-01
-8.269931375980377197e-02
1.143464595079421997e-01
8.021193742752075195e-02
1.467934697866439819e-01
-3.754240274429321289e-02
-1.047645658254623413e-01
-1.413712054491043091e-01
3.527228534221649170e-02
-4.880763590335845947e-02
1.516154408454895020e-02
-1.249088943004608154e-01
9.555061161518096924e-02
9.643867611885070801e-02
3.270941972732543945e-02
7.557699084281921387e-02
-1.031030565500259399e-01
-8.649358153343200684e-02
-2.566366642713546753e-02
-8.761662244796752930e-02
-1.101687103509902954e-01
-1.236277222633361816e-01
-6.915871798992156982e-02
1.160221993923187256e-01
-2.282433211803436279e-02
8.673509955406188965e-02
8.156767487525939941e-02
-4.925636947154998779e-02
-5.904287099838256836e-03
-7.261389493942260742e-02
7.148817181587219238e-03
-8.391744643449783325e-02
-5.955082178115844727e-02
-1.816070526838302612e-01
1.148595660924911499e-01
8.195000886917114258e-02
-6.052665412425994873e-02
-3.595203161239624023e-02
-2.117036283016204834e-02
-1.497489064931869507e-01
-1.646340638399124146e-01
7.073283195495605469e-04
-1.810380518436431885e-01
6.773860752582550049e-02
3.869343549013137817e-02
-1.937843114137649536e-01
-1.125729978084564209e-01
1.117826849222183228e-01
-3.361715376377105713e-02
6.773304939270019531e-02
9.866219758987426758e-02
-3.625889122486114502e-02
6.595516204833984375e-02
3.558899462223052979e-02
-1.231944635510444641e-01
1.113423630595207214e-01
-4.468207061290740967e-02
-9.700912237167358398e-02
7.212588191032409668e-02
-1.080521196126937866e-01
6.258448958396911621e-02
6.109714508056640625e-03
-7.252784073352813721e-02
3.500893712043762207e-03
-6.903402507305145264e-02
-5.900384485721588135e-02
-1.375382840633392334e-01
-1.992914527654647827e-01
-6.563372164964675903e-02
-1.435144990682601929e-01
-1.309583932161331177e-01
5.002813041210174561e-02
3.506287932395935059e-02
-3.644926846027374268e-02
9.768949449062347412e-02
-6.992816925048828125e-04
-1.108897775411605835e-01
-4.480361938476562500e-03
9.270523488521575928e-02
-3.961804509162902832e-02
-3.646492958068847656e-02
3.797411918640136719e-02
2.961271628737449646e-02
8.381898701190948486e-02
1.147892773151397705e-01
5.373203754425048828e-02
-7.013172656297683716e-02
-1.387472897768020630e-01
-1.661459803581237793e-01
-4.984931647777557373e-02
-3.729262948036193848e-02
-4.000324010848999023e-02
3.221750259399414062e-02
-1.024459451436996460e-01
5.688655376434326172e-02
-1.111666858196258545e-02
3.985604643821716309e-02
1.086019575595855713e-01
-1.202655285596847534e-01
7.729111611843109131e-02
4.236561059951782227e-02
4.291896522045135498e-02
1.081893444061279297e-01
1.068020612001419067e-01
-2.117439359426498413e-01
-1.554287970066070557e-02
-1.151573956012725830e-01
9.813828766345977783e-02
5.595715343952178955e-02
-3.703188151121139526e-02
-2.423152327537536621e-03
-4.859223961830139160e-02
1.218972951173782349e-01
1.602187752723693848e-03
1.263041794300079346e-02
-7.046487927436828613e-02
-1.293103098869323730e-01
2.218499034643173218e-02
-2.573312819004058838e-02
-8.997128903865814209e-02
-1.008819043636322021e-02
5.420942604541778564e-02
-1.405690908432006836e-01
-1.857325881719589233e-01
-7.532088458538055420e-02
-1.657289713621139526e-01
7.178299129009246826e-02
-6.388992071151733398e-02
1.714331656694412231e-02
-1.268731951713562012e-01
-1.058263182640075684e-01
8.611389994621276855e-02
7.810077071189880371e-02
3.225505352020263672e-03
-8.810092508792877197e-02
7.109941542148590088e-02
2.870498597621917725e-02
1.287561655044555664e-01
6.537693738937377930e-02
7.384635508060455322e-02
2.987445890903472900e-02
-1.247847527265548706e-01
5.244389176368713379e-03
1.536107063293457031e-02
9.151889383792877197e-02
6.145328283309936523e-02
4.967899620532989502e-02
-5.706536769866943359e-02
-6.494288146495819092e-02
2.905423939228057861e-02
3.851170837879180908e-02
1.078012883663177490e-01
5.838515609502792358e-02
4.491029679775238037e-02
-1.230408549308776855e-01
-8.724870532751083374e-02
-1.944039165973663330e-01
1.138122379779815674e-01
-3.709612786769866943e-02
-1.488420963287353516e-01
1.050651073455810547e-03
-3.014683723449707031e-02
3.593772649765014648e-03
6.444868445396423340e-02
-3.824217617511749268e-02
1.080336719751358032e-01
1.562820822000503540e-01
3.848847746849060059e-02
-2.012421190738677979e-02
1.162907853722572327e-01
7.857565581798553467e-02
-9.514208137989044189e-02
7.147953659296035767e-02
-7.888785004615783691e-02
6.985993683338165283e-02
-1.678598374128341675e-01
1.193274334073066711e-01
6.278029084205627441e-02
7.290972769260406494e-02
-9.529221057891845703e-02
-2.768591046333312988e-03
-7.339745759963989258e-02
2.358870953321456909e-02
8.479282259941101074e-02
-3.661741316318511963e-02
8.206629753112792969e-02
9.403115510940551758e-02
-3.303356468677520752e-02
-1.069214940071105957e-02
1.207355260848999023e-01
7.737059146165847778e-02
-2.305940091609954834e-01
-1.111356914043426514e-01
-7.185038924217224121e-02
2.930347621440887451e-02
9.384597837924957275e-02
5.552440881729125977e-03
3.159080445766448975e-02
-1.879755109548568726e-01
-2.237940877676010132e-01
-2.788535505533218384e-02
-1.772992312908172607e-02
7.608120143413543701e-02
9.137684106826782227e-02
-4.091879725456237793e-02
-5.037683248519897461e-02
-3.856848180294036865e-02
-2.065990865230560303e-02
-6.389990448951721191e-03
-7.022500038146972656e-03
1.159400492906570435e-02
-1.064965128898620605e-01
2.018827199935913086e-02
1.106330603361129761e-01
4.853820055723190308e-02
9.786221385002136230e-02
-1.283660531044006348e-02
-3.975722193717956543e-02
-7.391594350337982178e-02
5.296945571899414062e-02
5.628339946269989014e-02
4.454146325588226318e-02
1.098575219511985779e-01
-2.230899035930633545e-02
-9.201803803443908691e-02
6.610290706157684326e-02
-1.830046176910400391e-01
-1.495397239923477173e-01
-5.627644062042236328e-02
1.345082670450210571e-01
1.010998934507369995e-01
1.019983738660812378e-01
3.484193980693817139e-02
9.150709211826324463e-02
2.830772101879119873e-02
-2.108196914196014404e-02
-2.278390526771545410e-02
-1.284365206956863403e-01
1.000016778707504272e-01
-1.174668967723846436e-02
4.387484490871429443e-02
-3.077760338783264160e-03
-1.370645463466644287e-01
-2.401012182235717773e-02
9.610685706138610840e-02
-1.547887921333312988e-03
9.663113951683044434e-02
-4.380574822425842285e-02
-2.623290717601776123e-01
5.462339520454406738e-02
4.904076457023620605e-02
8.547267317771911621e-02
3.382740914821624756e-02
-7.839936017990112305e-02
-2.025054991245269775e-01
-1.083040535449981689e-01
2.801090478897094727e-02
-2.629916369915008545e-02
-9.732812643051147461e-03
-5.634638667106628418e-02
-1.250955015420913696e-01
9.716196358203887939e-02
-5.404908955097198486e-02
-1.189485937356948853e-01
-1.180747151374816895e-01
-3.639277815818786621e-02
4.200942069292068481e-02
-8.509367704391479492e-02
5.765655636787414551e-02
-1.430143564939498901e-01
3.792282938957214355e-02
-2.489654719829559326e-02
-3.606234490871429443e-02
3.614054620265960693e-02
3.322726488113403320e-02
-4.025398939847946167e-02
-1.864491403102874756e-02
9.066013246774673462e-02
-1.168733835220336914e-02
-6.584177166223526001e-02
1.144201010465621948e-01
7.827076315879821777e-02
-3.020696341991424561e-02
7.060620188713073730e-02
1.977021992206573486e-02
4.209163784980773926e-02
-1.060216724872589111e-01
-3.914533555507659912e-02
-1.184375584125518799e-02
1.869498193264007568e-02
3.744632005691528320e-02
1.204482764005661011e-01
1.490494608879089355e-02
2.130547165870666504e-02
-8.180737495422363281e-04
1.137659028172492981e-01
-1.110207065939903259e-01
9.397102892398834229e-02
6.681798398494720459e-02
6.233399361371994019e-02
3.350615501403808594e-02
-4.119606316089630127e-02
-1.078035235404968262e-01
1.004210188984870911e-01
-5.317430198192596436e-02
6.823030114173889160e-02
2.796424925327301025e-02
-9.483316540718078613e-02
8.610115945339202881e-02
9.090135991573333740e-02
-2.224056422710418701e-02
-1.389800012111663818e-01
1.380580663681030273e-02
3.617003560066223145e-03
-1.616388559341430664e-02
1.167349964380264282e-01
7.565739750862121582e-02
-5.154122412204742432e-02
-7.830314338207244873e-02
-8.310554921627044678e-02
4.391768574714660645e-02
5.665861070156097412e-02
9.258265793323516846e-02
-7.123842835426330566e-02
3.371860086917877197e-02
-7.690668106079101562e-03
7.652442157268524170e-02
1.984298229217529297e-03
-3.969082236289978027e-02
1.245414912700653076e-01
-8.217133581638336182e-02
-1.602689176797866821e-01
-1.953554004430770874e-01
-8.610036969184875488e-02
1.141916811466217041e-01
-1.206323504447937012e-03
9.651899337768554688e-02
6.253949552774429321e-02
4.076801240444183350e-02
1.191621422767639160e-01
-1.012912839651107788e-01
-1.316608488559722900e-01
-1.334008574485778809e-01
-4.858729243278503418e-02
4.109954833984375000e-02
7.549299299716949463e-02
8.258494734764099121e-02
1.409971714019775391e-02
7.416099309921264648e-03
5.516825616359710693e-02
1.223828792572021484e-01
-1.319341510534286499e-01
-8.771313726902008057e-02
-1.782810837030410767e-01
-1.368024945259094238e-02
-3.338964283466339111e-02
4.054191708564758301e-02
-7.284654676914215088e-02
-1.674870550632476807e-01
4.022964835166931152e-02
8.829978108406066895e-02
7.755905389785766602e-03
7.406684756278991699e-02
-6.225083768367767334e-02
-1.482026726007461548e-01
-1.169067472219467163e-01
-6.450438499450683594e-02
-1.289908438920974731e-01
-1.215724498033523560e-01
-1.188985407352447510e-01
-2.614259719848632812e-03
-2.601769566535949707e-02
1.352951824665069580e-01
-1.440148800611495972e-01
-6.348639726638793945e-02
-9.533509612083435059e-03
-9.544736146926879883e-02
-1.632313877344131470e-01
6.673541665077209473e-02
4.238468408584594727e-02
1.476250588893890381e-02
-1.687654852867126465e-02
3.942915797233581543e-02
-1.397181451320648193e-01
9.449452161788940430e-02
-9.532434493303298950e-02
1.084800511598587036e-01
-7.868865132331848145e-02
-4.856388270854949951e-02
-8.587065339088439941e-02
-1.643971800804138184e-01
1.043620184063911438e-01
-1.851518452167510986e-01
3.088529407978057861e-02
7.428367435932159424e-02
-9.101004153490066528e-02
-1.875572055578231812e-01
-3.129705786705017090e-02
4.295507073402404785e-02
7.608267664909362793e-02
-1.239572465419769287e-01
-2.345429360866546631e-02
9.561159461736679077e-02
2.883978188037872314e-02
7.243751734495162964e-02
8.525894582271575928e-02
-8.337920904159545898e-02
-1.058184728026390076e-01
-1.035172492265701294e-01
1.941803097724914551e-02
-1.486019343137741089e-01
1.251506060361862183e-02
-6.492398679256439209e-02
1.725071668624877930e-02
-4.259362816810607910e-03
-2.032166719436645508e-02
-1.066394746303558350e-01
5.413895845413208008e-02
-1.200201883912086487e-01
5.794876813888549805e-02
3.965704143047332764e-02
3.633394837379455566e-03
-1.129689961671829224e-01
-1.346047967672348022e-02
6.957960128784179688e-02
-1.294655054807662964e-01
2.345280349254608154e-02
-2.745212614536285400e-02
-1.356579065322875977e-01
-1.006737202405929565e-01
-1.408720612525939941e-01
-1.730494797229766846e-01
1.167135313153266907e-01
-1.012901961803436279e-01
-2.485556900501251221e-02
-2.068838477134704590e-02
4.882455617189407349e-02
1.305010765790939331e-01
-5.303260684013366699e-02
-1.037355661392211914e-01
-1.022199392318725586e-01
3.005385398864746094e-03
-1.660290062427520752e-01
1.185441762208938599e-01
-1.808775961399078369e-01
5.150273442268371582e-03
6.254230439662933350e-02
-8.612023293972015381e-02
-1.130450516939163208e-01
-5.746515095233917236e-02
3.593207895755767822e-02
-4.476441442966461182e-02
-2.453041076660156250e-02
9.045940637588500977e-02
5.535520613193511963e-02
-2.769781649112701416e-02
-1.156437397003173828e-02
-1.691528111696243286e-01
-1.314232200384140015e-01
-1.124446913599967957e-01
-4.335850477218627930e-02
7.941713929176330566e-02
9.187161922454833984e-03
-1.802496910095214844e-01
-6.301219761371612549e-02
8.523412048816680908e-02
3.613844513893127441e-03
-4.612758755683898926e-02
-1.322841495275497437e-01
-6.205177307128906250e-02
-1.241070032119750977e-01
-1.641534566879272461e-01
-1.383351385593414307e-01
2.073113620281219482e-02
-1.282780617475509644e-01
-7.313610613346099854e-02
1.209314465522766113e-01
1.509130001068115234e-02
7.551860064268112183e-02
6.369183957576751709e-02
3.878131508827209473e-02
-1.098742485046386719e-01
-1.322806179523468018e-01
-7.687582075595855713e-02
-1.513751149177551270e-01
1.410874724388122559e-02
-1.097026914358139038e-01
1.408151388168334961e-01
1.016891449689865112e-01
-9.679347276687622070e-04
-1.265367716550827026e-01
-1.666980385780334473e-01
-1.059545725584030151e-01
6.211598217487335205e-02
-1.440624892711639404e-01
-7.678703963756561279e-02
-1.063720136880874634e-01
-1.379030346870422363e-01
-8.778983354568481445e-02
-8.284942805767059326e-02
3.812077641487121582e-02
4.909951984882354736e-02
-2.642789483070373535e-02
9.293664246797561646e-02
-5.139379203319549561e-02
4.431948065757751465e-02
-9.269853681325912476e-02
-2.800972759723663330e-02
3.140772879123687744e-02
-5.108185112476348877e-02
-7.867686450481414795e-02
8.904859423637390137e-03
-4.860550165176391602e-03
-1.974630504846572876e-01
5.868835747241973877e-02
-7.210064679384231567e-02
-5.011983215808868408e-02
-4.199995100498199463e-02
-4.330471158027648926e-02
7.737688720226287842e-02
-1.437269300222396851e-01
1.611126661300659180e-01
-4.321597516536712646e-02
-1.425820291042327881e-01
-1.001854389905929565e-01
4.787296056747436523e-03
9.393472969532012939e-02
4.704599082469940186e-02
-1.962753236293792725e-01
6.258983910083770752e-02
1.909501850605010986e-02
-9.974171221256256104e-02
-7.821667194366455078e-02
-6.402930617332458496e-02
-1.771108061075210571e-01
-2.166657298803329468e-01
-1.428361833095550537e-01
8.742310851812362671e-02
-1.985263675451278687e-01
-2.300564944744110107e-02
5.368332564830780029e-02
-1.199612021446228027e-02
2.567410469055175781e-02
6.649252772331237793e-02
1.139862388372421265e-01
9.122362732887268066e-02
5.630885064601898193e-02
6.716425716876983643e-02
1.038063764572143555e-01
7.460139691829681396e-02
-1.465398073196411133e-02
-9.243707358837127686e-02
4.333074390888214111e-02
5.955547094345092773e-04
-1.573168635368347168e-01
2.164757251739501953e-02
7.881896197795867920e-02
1.001857221126556396e-01
-1.307186484336853027e-02
1.312344521284103394e-02
-1.173969209194183350e-01
4.381766915321350098e-02
-1.520281732082366943e-01
-5.687779188156127930e-02
-4.579932987689971924e-02
8.979482948780059814e-02
-2.744527161121368408e-02
2.127995342016220093e-02
-1.992534101009368896e-02
-1.072791069746017456e-01
-1.065430194139480591e-01
-5.943387746810913086e-02
4.141682386398315430e-02
-5.711790919303894043e-02
-2.572913467884063721e-02
-9.398411214351654053e-02
-8.263683319091796875e-02
-9.625870734453201294e-02
-1.006872206926345825e-01
-1.648947447538375854e-01
-1.429804414510726929e-01
8.939608931541442871e-03
-1.449020653963088989e-01
-4.503548145294189453e-03
6.473256647586822510e-02
-5.508682131767272949e-02
3.011377155780792236e-02
-2.014820873737335205e-01
8.392639458179473877e-02
-3.815266489982604980e-02
-7.120205461978912354e-02
-8.007310330867767334e-02
3.749845176935195923e-02
-1.189918667078018188e-01
1.734665632247924805e-01
-9.497381746768951416e-02
6.030906736850738525e-02
1.388511210680007935e-01
1.657702028751373291e-02
2.378281950950622559e-02
3.567016124725341797e-02
7.760059833526611328e-02
-2.222459018230438232e-02
8.172234892845153809e-02
3.919722139835357666e-02
6.252162158489227295e-02
-3.730744123458862305e-03
-1.057060733437538147e-01
2.744732052087783813e-02
-2.312195301055908203e-02
1.676460355520248413e-02
-7.327447831630706787e-02
6.088063120841979980e-02
6.684023886919021606e-02
-1.237435489892959595e-01
1.864461600780487061e-02
-2.241986989974975586e-02
1.550693660974502563e-01
1.198876947164535522e-01
-2.764455229043960571e-02
8.700877428054809570e-03
9.381592273712158203e-02
1.221537217497825623e-01
6.043713539838790894e-02
-1.579844206571578979e-01
1.657709479331970215e-01
2.086172997951507568e-02
-1.338744610548019409e-01
6.152957677841186523e-02
-2.535891532897949219e-02
6.277672946453094482e-02
2.943411469459533691e-03
5.377210676670074463e-02
6.498858332633972168e-02
-2.659523487091064453e-02
3.995984792709350586e-02
1.127612292766571045e-01
2.279001474380493164e-02
3.608928620815277100e-02
-1.391731798648834229e-01
-1.593842208385467529e-01
4.676565527915954590e-03
4.378475248813629150e-02
1.948093622922897339e-01
-7.299937307834625244e-02
1.045908778905868530e-01
1.170415952801704407e-01
-1.546327173709869385e-01
-1.790055781602859497e-01
-9.326729178428649902e-02
-4.075951874256134033e-02
-1.459965705871582031e-01
-1.350784748792648315e-01
1.020534783601760864e-01
-1.106552481651306152e-01
2.069023251533508301e-02
6.344977766275405884e-02
2.492666244506835938e-04
-3.452251851558685303e-02
-3.629267215728759766e-02
3.001758456230163574e-02
-1.208878159523010254e-01
1.152211427688598633e-02
-1.684773415327072144e-01
-5.052782595157623291e-02
-1.568693518638610840e-01
-3.536450862884521484e-02
-4.152785241603851318e-02
7.826524972915649414e-02
8.264066278934478760e-02
-1.771252304315567017e-01
-8.931200206279754639e-02
-7.387341558933258057e-02
-3.003834187984466553e-02
-1.229943633079528809e-01
-1.449149847030639648e-02
-7.858812808990478516e-03
-1.515619456768035889e-02
1.144099235534667969e-02
1.193307340145111084e-01
1.147335767745971680e-02
-3.728386014699935913e-02
8.330768346786499023e-02
1.126503944396972656e-02
1.129680275917053223e-01
9.932504594326019287e-02
5.369311571121215820e-02
-8.018778264522552490e-02
-1.384513825178146362e-01
-1.054807752370834351e-01
-6.895406544208526611e-02
-1.455606669187545776e-01
6.738643348217010498e-02
5.560375750064849854e-03
7.290306687355041504e-02
4.908859729766845703e-03
-1.265777647495269775e-02
-1.086889058351516724e-01
-1.246820539236068726e-01
9.294016659259796143e-02
5.693306028842926025e-02
-5.307330191135406494e-02
-3.002518415451049805e-02
-1.370199024677276611e-01
3.139771521091461182e-02
-6.336838006973266602e-03
-9.288810193538665771e-02
2.200205624103546143e-02
1.268854588270187378e-01
-5.465482175350189209e-02
-7.311481237411499023e-02
-8.491007983684539795e-02
-1.095307469367980957e-01
-5.599416047334671021e-02
-3.181546926498413086e-03
6.453719735145568848e-02
-1.780405640602111816e-03
-9.559677541255950928e-02
2.578678727149963379e-02
-1.789318025112152100e-02
-1.523358374834060669e-01
7.853227853775024414e-02
-1.819601505994796753e-01
-5.483215302228927612e-02
-2.404482662677764893e-02
1.226070523262023926e-01
-6.422296166419982910e-02
-1.202831268310546875e-01
1.451082527637481689e-01
-7.173545658588409424e-02
2.217502892017364502e-02
8.187425136566162109e-02
2.603960037231445312e-02
-1.917076557874679565e-01
-2.158981561660766602e-02
-7.075853645801544189e-02
-1.518473625183105469e-01
5.072687566280364990e-02
-1.022296696901321411e-01
4.070381820201873779e-02
-6.279300153255462646e-02
3.349757194519042969e-02
-1.107066124677658081e-01
1.958049833774566650e-02
5.363677442073822021e-02
5.045980215072631836e-02
-9.245492517948150635e-02
7.619690895080566406e-02
1.420728862285614014e-02
2.473071217536926270e-04
-7.751797884702682495e-02
2.253201603889465332e-02
-1.060348749160766602e-01
2.365499734878540039e-02
-3.034016489982604980e-02
3.794328868389129639e-02
-9.647381305694580078e-02
1.062949001789093018e-01
-1.094851940870285034e-01
7.311809062957763672e-02
8.256138861179351807e-02
7.535316050052642822e-02
3.508202731609344482e-02
-1.638854444026947021e-01
-8.641217648983001709e-02
-5.390301346778869629e-02
4.113264381885528564e-02
-1.071184277534484863e-01
-1.572526991367340088e-02
-4.942561686038970947e-02
5.227212607860565186e-02
7.103294134140014648e-03
4.274912178516387939e-02
-1.538189500570297241e-01
3.772464394569396973e-02
2.704939246177673340e-02
-1.340947449207305908e-01
-1.700059622526168823e-01
-1.101708859205245972e-01
1.593604981899261475e-01
1.181448698043823242e-01
5.527794361114501953e-02
4.658482968807220459e-03
8.161514997482299805e-04
1.255911439657211304e-01
3.689639270305633545e-02
4.982884228229522705e-02
-1.356253623962402344e-01
1.121343374252319336e-01
7.900997996330261230e-03
3.018030524253845215e-02
-7.456615567207336426e-02
-1.019562333822250366e-01
-1.325204074382781982e-01
4.018953442573547363e-02
-8.656461536884307861e-02
-7.638980448246002197e-02
2.549065649509429932e-02
-2.789740264415740967e-02
2.361924946308135986e-02
2.936907112598419189e-02
-1.155204772949218750e-01
-3.374727070331573486e-02
-2.953894436359405518e-03
9.432363510131835938e-02
-1.120558977127075195e-01
1.215566545724868774e-01
-4.087617993354797363e-02
-6.907497346401214600e-02
-1.285040229558944702e-01
1.184420287609100342e-02
-4.618830978870391846e-02
3.825321793556213379e-02
3.681667149066925049e-02
-4.497081041336059570e-03
1.455484926700592041e-01
2.816957235336303711e-02
-1.130220964550971985e-01
-1.507449150085449219e-01
-6.838048994541168213e-02
-8.883590996265411377e-02
1.326459497213363647e-01
-1.145031005144119263e-01
-1.420290619134902954e-01
1.078901588916778564e-01
-5.179405212402343750e-03
3.407084941864013672e-02
-6.288848817348480225e-02
