2.521966743469238281e+01
2.415467834472656250e+01
2.307567787170410156e+01
2.202063560485839844e+01
2.100749397277832031e+01
2.003882789611816406e+01
1.911326789855957031e+01
1.823133087158203125e+01
1.740183448791503906e+01
1.661386299133300781e+01
1.586989498138427734e+01
1.517109489440917969e+01
1.451541233062744141e+01
1.390703296661376953e+01
1.335722064971923828e+01
1.285901355743408203e+01
1.240341758728027344e+01
1.199503421783447266e+01
1.163122749328613281e+01
1.132069492340087891e+01
1.105210113525390625e+01
1.081923103332519531e+01
1.061655235290527344e+01
1.044170570373535156e+01
1.029012298583984375e+01
1.015455722808837891e+01
1.003077220916748047e+01
9.915537834167480469e+00
9.805709838867187500e+00
9.700144767761230469e+00
9.598048210144042969e+00
9.500288963317871094e+00
9.406110763549804688e+00
9.312581062316894531e+00
9.219902038574218750e+00
9.127764701843261719e+00
9.036644935607910156e+00
8.946900367736816406e+00
8.859077453613281250e+00
8.773302078247070312e+00
8.689291000366210938e+00
8.606888771057128906e+00
8.526199340820312500e+00
8.447678565979003906e+00
8.370947837829589844e+00
8.296737670898437500e+00
8.224988937377929688e+00
8.155019760131835938e+00
8.086654663085937500e+00
8.021057128906250000e+00
7.957202434539794922e+00
7.894957542419433594e+00
7.834284782409667969e+00
7.775496006011962891e+00
7.717689514160156250e+00
7.661074638366699219e+00
7.605855941772460938e+00
7.551935195922851562e+00
7.498603343963623047e+00
7.446090698242187500e+00
7.394722461700439453e+00
7.343824863433837891e+00
7.293925762176513672e+00
7.245241165161132812e+00
7.197427749633789062e+00
7.150381088256835938e+00
7.103707313537597656e+00
7.057713031768798828e+00
7.013442993164062500e+00
6.970302104949951172e+00
6.927048683166503906e+00
6.884782791137695312e+00
6.843313217163085938e+00
6.802583694458007812e+00
6.762119770050048828e+00
6.722239494323730469e+00
6.682845592498779297e+00
6.643672466278076172e+00
6.605036735534667969e+00
6.566776752471923828e+00
6.528538703918457031e+00
6.490702152252197266e+00
6.453515052795410156e+00
6.417088031768798828e+00
6.381114482879638672e+00
6.345650672912597656e+00
6.310804843902587891e+00
6.276569843292236328e+00
6.242893695831298828e+00
6.209760189056396484e+00
6.176994323730468750e+00
6.144744396209716797e+00
6.112762928009033203e+00
6.081249713897705078e+00
6.049969196319580078e+00
6.019381999969482422e+00
5.989267349243164062e+00
5.959846496582031250e+00
5.930960655212402344e+00
5.902552604675292969e+00
5.874457359313964844e+00
5.846716880798339844e+00
5.819224357604980469e+00
5.791803836822509766e+00
5.764456748962402344e+00
5.737190246582031250e+00
5.710262775421142578e+00
5.683522224426269531e+00
5.657016277313232422e+00
5.630985736846923828e+00
5.604992389678955078e+00
5.579023838043212891e+00
5.552928924560546875e+00
5.527230262756347656e+00
5.501774311065673828e+00
5.476740837097167969e+00
5.452140331268310547e+00
5.427875518798828125e+00
5.404135227203369141e+00
5.380603790283203125e+00
5.357697963714599609e+00
5.335227966308593750e+00
5.312941551208496094e+00
5.291109085083007812e+00
5.269187927246093750e+00
5.247341156005859375e+00
5.225335597991943359e+00
5.203679561614990234e+00
5.181589603424072266e+00
5.159589767456054688e+00
5.137521743774414062e+00
5.115608692169189453e+00
5.094552040100097656e+00
5.073616027832031250e+00
5.052989959716796875e+00
5.032983303070068359e+00
5.013146400451660156e+00
4.993746757507324219e+00
4.974295139312744141e+00
4.954823493957519531e+00
4.935537815093994141e+00
4.916249752044677734e+00
4.897253990173339844e+00
4.878575801849365234e+00
4.859839439392089844e+00
4.841216087341308594e+00
4.822643756866455078e+00
4.804448127746582031e+00
4.786109924316406250e+00
4.767719745635986328e+00
4.749620437622070312e+00
4.732016086578369141e+00
4.714345932006835938e+00
4.696988105773925781e+00
4.679680347442626953e+00
4.662492752075195312e+00
4.645647048950195312e+00
4.628467559814453125e+00
4.611038208007812500e+00
4.594021797180175781e+00
4.577356815338134766e+00
4.560606002807617188e+00
4.544113636016845703e+00
4.527651786804199219e+00
4.511347293853759766e+00
4.495501518249511719e+00
4.480051517486572266e+00
4.464601039886474609e+00
4.449188709259033203e+00
4.433968067169189453e+00
4.418851375579833984e+00
4.403425216674804688e+00
4.388076305389404297e+00
4.372461795806884766e+00
4.357160091400146484e+00
4.342095851898193359e+00
4.327058792114257812e+00
4.311766624450683594e+00
4.296862602233886719e+00
4.282205581665039062e+00
4.267519474029541016e+00
4.253023624420166016e+00
4.238653659820556641e+00
4.224589824676513672e+00
4.210623264312744141e+00
4.197024822235107422e+00
4.183582782745361328e+00
4.170457839965820312e+00
4.157435417175292969e+00
4.144468784332275391e+00
4.131744861602783203e+00
4.118907451629638672e+00
4.105791568756103516e+00
4.093134880065917969e+00
4.080721855163574219e+00
4.068242073059082031e+00
4.055659294128417969e+00
4.043036460876464844e+00
4.030360221862792969e+00
4.017504215240478516e+00
4.004621982574462891e+00
3.991600036621093750e+00
3.978728294372558594e+00
3.965957641601562500e+00
3.953422546386718750e+00
3.940778255462646484e+00
3.928201913833618164e+00
3.915489673614501953e+00
3.903024911880493164e+00
3.890858173370361328e+00
3.878771781921386719e+00
3.866872549057006836e+00
3.855214595794677734e+00
3.843622922897338867e+00
3.832229137420654297e+00
3.820565223693847656e+00
3.809012651443481445e+00
3.797405242919921875e+00
3.785629034042358398e+00
3.773752450942993164e+00
3.762032270431518555e+00
3.750555992126464844e+00
3.739199161529541016e+00
3.728338241577148438e+00
3.717701196670532227e+00
3.707178592681884766e+00
3.696859836578369141e+00
3.686404228210449219e+00
3.675894498825073242e+00
3.665120124816894531e+00
3.654331445693969727e+00
3.643413066864013672e+00
3.632719755172729492e+00
3.621951103210449219e+00
3.611119270324707031e+00
3.600094795227050781e+00
3.589128971099853516e+00
3.578486442565917969e+00
3.567918539047241211e+00
3.557727575302124023e+00
3.547664880752563477e+00
3.537324428558349609e+00
3.526970148086547852e+00
3.516587734222412109e+00
3.506448268890380859e+00
3.496412754058837891e+00
3.486537456512451172e+00
3.476677179336547852e+00
3.467211246490478516e+00
3.458092689514160156e+00
3.449136734008789062e+00
3.440182924270629883e+00
3.431254386901855469e+00
3.422412395477294922e+00
3.413828849792480469e+00
3.405146121978759766e+00
3.396555662155151367e+00
3.387685060501098633e+00
3.378518819808959961e+00
3.368997812271118164e+00
3.359624385833740234e+00
3.350276470184326172e+00
3.340937852859497070e+00
3.331689834594726562e+00
3.322672367095947266e+00
3.313780546188354492e+00
3.304776191711425781e+00
3.295779943466186523e+00
3.286919355392456055e+00
3.278129100799560547e+00
3.269586801528930664e+00
3.261197805404663086e+00
3.252577066421508789e+00
3.244087696075439453e+00
3.235491514205932617e+00
3.226786613464355469e+00
3.218112230300903320e+00
3.209312915802001953e+00
3.200199127197265625e+00
3.191520214080810547e+00
3.183087587356567383e+00
3.174742937088012695e+00
3.166509151458740234e+00
3.158271789550781250e+00
3.150066852569580078e+00
3.142096281051635742e+00
3.134053945541381836e+00
3.125682830810546875e+00
3.117116928100585938e+00
3.108556032180786133e+00
3.100224018096923828e+00
3.091632843017578125e+00
3.083187103271484375e+00
3.074677467346191406e+00
3.066268920898437500e+00
3.057962417602539062e+00
3.049790620803833008e+00
3.041745662689208984e+00
3.033601760864257812e+00
3.025621652603149414e+00
3.017760038375854492e+00
3.009714365005493164e+00
3.001692533493041992e+00
2.993790626525878906e+00
2.985982179641723633e+00
2.978511095046997070e+00
2.971125364303588867e+00
2.963833808898925781e+00
2.956541299819946289e+00
2.949711799621582031e+00
2.942645311355590820e+00
2.935222864151000977e+00
2.927459478378295898e+00
2.919876098632812500e+00
2.912185668945312500e+00
2.904745578765869141e+00
2.897327184677124023e+00
2.889909505844116211e+00
2.882910490036010742e+00
2.875829458236694336e+00
2.868821144104003906e+00
2.861862182617187500e+00
2.855162382125854492e+00
2.848215103149414062e+00
2.841207027435302734e+00
2.834223985671997070e+00
2.827336072921752930e+00
2.820321559906005859e+00
2.813216686248779297e+00
2.806103467941284180e+00
2.799033880233764648e+00
2.791906595230102539e+00
2.784998416900634766e+00
2.777786493301391602e+00
2.770390272140502930e+00
2.763047456741333008e+00
2.755590915679931641e+00
2.748241186141967773e+00
2.741242885589599609e+00
2.734587907791137695e+00
2.728031396865844727e+00
2.721633434295654297e+00
2.715265035629272461e+00
2.709038019180297852e+00
2.702768087387084961e+00
2.696540832519531250e+00
2.690424442291259766e+00
2.684453964233398438e+00
2.678565502166748047e+00
2.672582864761352539e+00
2.666408538818359375e+00
2.660481452941894531e+00
2.654546022415161133e+00
2.648639678955078125e+00
2.642318964004516602e+00
2.635655641555786133e+00
2.629060506820678711e+00
2.622640371322631836e+00
2.616298675537109375e+00
2.610008001327514648e+00
2.603734731674194336e+00
2.597516298294067383e+00
2.591280221939086914e+00
2.585032463073730469e+00
2.579012155532836914e+00
2.573034048080444336e+00
2.567346811294555664e+00
2.561546325683593750e+00
2.555485486984252930e+00
2.549126625061035156e+00
2.542980432510375977e+00
2.536773920059204102e+00
2.530419588088989258e+00
2.524015426635742188e+00
2.517663478851318359e+00
2.511334180831909180e+00
2.505289793014526367e+00
2.499540567398071289e+00
2.494079828262329102e+00
2.488829851150512695e+00
2.483641386032104492e+00
2.478295326232910156e+00
2.472991466522216797e+00
2.467579841613769531e+00
2.462192535400390625e+00
2.456783056259155273e+00
2.451439619064331055e+00
2.445960998535156250e+00
2.440213918685913086e+00
2.434155941009521484e+00
2.428221464157104492e+00
2.422317743301391602e+00
2.416485309600830078e+00
2.410851001739501953e+00
2.405300140380859375e+00
2.399819135665893555e+00
2.394594669342041016e+00
2.389364719390869141e+00
2.384334087371826172e+00
2.379116058349609375e+00
2.373619079589843750e+00
2.368032932281494141e+00
2.362702608108520508e+00
2.357267141342163086e+00
2.351941108703613281e+00
2.346772670745849609e+00
2.341737508773803711e+00
2.336631059646606445e+00
2.331244945526123047e+00
2.325668811798095703e+00
2.320321083068847656e+00
2.314965248107910156e+00
2.309807777404785156e+00
2.304753065109252930e+00
2.299614191055297852e+00
2.294576644897460938e+00
2.289571762084960938e+00
2.284462213516235352e+00
2.279258966445922852e+00
2.274125576019287109e+00
2.269154548645019531e+00
2.264230966567993164e+00
2.259298563003540039e+00
2.254372119903564453e+00
2.249552488327026367e+00
2.244915485382080078e+00
2.240209817886352539e+00
2.235277891159057617e+00
2.230336427688598633e+00
2.225417613983154297e+00
2.220543146133422852e+00
2.215744256973266602e+00
2.211112976074218750e+00
2.206620454788208008e+00
2.202040672302246094e+00
2.197455406188964844e+00
2.192882299423217773e+00
2.188429832458496094e+00
2.184173107147216797e+00
2.179846048355102539e+00
2.175398111343383789e+00
2.171076536178588867e+00
2.166809558868408203e+00
2.162665128707885742e+00
2.158461332321166992e+00
2.154097557067871094e+00
2.149764299392700195e+00
2.145240306854248047e+00
2.140614748001098633e+00
2.136107921600341797e+00
2.131458997726440430e+00
2.126885175704956055e+00
2.122174263000488281e+00
2.117305040359497070e+00
2.112566947937011719e+00
2.107877016067504883e+00
2.103019237518310547e+00
2.098397493362426758e+00
2.093591928482055664e+00
2.088966369628906250e+00
2.084371566772460938e+00
2.079908132553100586e+00
2.075621366500854492e+00
2.071573019027709961e+00
2.067581415176391602e+00
2.063490390777587891e+00
2.059422016143798828e+00
2.055419683456420898e+00
2.051422595977783203e+00
2.047402143478393555e+00
2.043415069580078125e+00
2.039598941802978516e+00
2.035769462585449219e+00
2.031842947006225586e+00
2.027869701385498047e+00
2.023957729339599609e+00
2.019983291625976562e+00
2.015984535217285156e+00
2.011770248413085938e+00
2.007471799850463867e+00
2.003238439559936523e+00
1.999022006988525391e+00
1.994921207427978516e+00
1.990763187408447266e+00
1.986246109008789062e+00
1.981624722480773926e+00
1.977014780044555664e+00
1.972515702247619629e+00
1.967952966690063477e+00
1.963477730751037598e+00
1.959165930747985840e+00
1.955068707466125488e+00
1.951069712638854980e+00
1.947169542312622070e+00
1.943176865577697754e+00
1.939260363578796387e+00
1.935553312301635742e+00
1.931918859481811523e+00
1.928129673004150391e+00
1.924296617507934570e+00
1.920524954795837402e+00
1.916793107986450195e+00
1.912916421890258789e+00
1.908922672271728516e+00
1.904931306838989258e+00
1.900998234748840332e+00
1.897083044052124023e+00
1.893422484397888184e+00
1.889983654022216797e+00
1.886397719383239746e+00
1.882827162742614746e+00
1.879155158996582031e+00
1.875538468360900879e+00
1.871911644935607910e+00
1.868111371994018555e+00
1.864058852195739746e+00
1.860197424888610840e+00
1.856518030166625977e+00
1.852745771408081055e+00
1.849012017250061035e+00
1.845298171043395996e+00
1.841547012329101562e+00
1.837920308113098145e+00
1.834265828132629395e+00
1.830624461174011230e+00
1.827040672302246094e+00
1.823431968688964844e+00
1.819952368736267090e+00
1.816424250602722168e+00
1.812770843505859375e+00
1.809372186660766602e+00
1.806255102157592773e+00
1.803201317787170410e+00
1.800211429595947266e+00
1.796931028366088867e+00
1.793421745300292969e+00
1.789867758750915527e+00
1.786266326904296875e+00
1.782704114913940430e+00
1.779165744781494141e+00
1.775715470314025879e+00
1.772311329841613770e+00
1.769130587577819824e+00
1.765923976898193359e+00
1.762748241424560547e+00
1.759466409683227539e+00
1.755946159362792969e+00
1.752278327941894531e+00
1.748707413673400879e+00
1.745297074317932129e+00
1.742198228836059570e+00
1.738937377929687500e+00
1.735542416572570801e+00
1.731843233108520508e+00
1.728355526924133301e+00
1.724781990051269531e+00
1.721114635467529297e+00
1.717540740966796875e+00
1.713984608650207520e+00
1.710842132568359375e+00
1.707796812057495117e+00
1.704797744750976562e+00
1.701968669891357422e+00
1.699065923690795898e+00
1.695937752723693848e+00
1.692849040031433105e+00
1.689625740051269531e+00
1.686744093894958496e+00
1.684030413627624512e+00
1.681116223335266113e+00
1.677973866462707520e+00
1.674861311912536621e+00
1.671627163887023926e+00
1.668420553207397461e+00
1.665405511856079102e+00
1.662535905838012695e+00
1.659617185592651367e+00
1.656646370887756348e+00
1.653624296188354492e+00
1.650563359260559082e+00
1.647584915161132812e+00
1.644525527954101562e+00
1.641484260559082031e+00
1.638317465782165527e+00
1.635135412216186523e+00
1.632276415824890137e+00
1.629667043685913086e+00
1.626925349235534668e+00
1.623877167701721191e+00
1.620733857154846191e+00
1.617373466491699219e+00
1.613951683044433594e+00
1.610582709312438965e+00
1.607294797897338867e+00
1.604014039039611816e+00
1.600998640060424805e+00
1.598093032836914062e+00
1.595120787620544434e+00
1.592056512832641602e+00
1.588970184326171875e+00
1.585669159889221191e+00
1.582608938217163086e+00
1.579611420631408691e+00
1.576477885246276855e+00
1.573763012886047363e+00
1.571172356605529785e+00
1.568543791770935059e+00
1.565838813781738281e+00
1.563231587409973145e+00
1.560467004776000977e+00
1.557714939117431641e+00
1.554761767387390137e+00
1.552077651023864746e+00
1.549639225006103516e+00
1.547176003456115723e+00
1.544499635696411133e+00
1.541632294654846191e+00
1.538896441459655762e+00
1.536094665527343750e+00
1.533438205718994141e+00
1.530623078346252441e+00
1.527883291244506836e+00
1.525139570236206055e+00
1.522410273551940918e+00
1.519720435142517090e+00
1.516951322555541992e+00
1.514131546020507812e+00
1.511107325553894043e+00
1.508123636245727539e+00
1.505249381065368652e+00
1.502499818801879883e+00
1.499875664710998535e+00
1.497385501861572266e+00
1.494708299636840820e+00
1.491957902908325195e+00
1.489465117454528809e+00
1.486908078193664551e+00
1.484170436859130859e+00
1.481556296348571777e+00
1.478926301002502441e+00
1.476218581199645996e+00
1.473399996757507324e+00
1.470572233200073242e+00
1.467683672904968262e+00
1.464961886405944824e+00
1.462370872497558594e+00
1.459803819656372070e+00
1.457090497016906738e+00
1.454382181167602539e+00
1.451678276062011719e+00
1.449028134346008301e+00
1.446394562721252441e+00
1.443419337272644043e+00
1.440424442291259766e+00
1.437568306922912598e+00
1.434960126876831055e+00
1.432306289672851562e+00
1.429638624191284180e+00
1.427070975303649902e+00
1.424827575683593750e+00
1.422921538352966309e+00
1.421005487442016602e+00
1.419033050537109375e+00
1.416568875312805176e+00
1.414094328880310059e+00
1.411745905876159668e+00
1.409392714500427246e+00
1.406856894493103027e+00
1.404476404190063477e+00
1.401711702346801758e+00
1.398786425590515137e+00
1.395868539810180664e+00
1.392753958702087402e+00
1.389605760574340820e+00
1.386747360229492188e+00
1.384089231491088867e+00
1.381478071212768555e+00
1.378969550132751465e+00
1.376551389694213867e+00
1.374212503433227539e+00
1.372206568717956543e+00
1.370150089263916016e+00
1.367869853973388672e+00
1.365488290786743164e+00
1.362933635711669922e+00
1.360157012939453125e+00
1.357620835304260254e+00
1.355069279670715332e+00
1.352606654167175293e+00
1.350376963615417480e+00
1.347979903221130371e+00
1.345824241638183594e+00
1.343778729438781738e+00
1.341691851615905762e+00
1.339658498764038086e+00
1.336869239807128906e+00
1.333561778068542480e+00
1.330209493637084961e+00
1.327001929283142090e+00
1.324185371398925781e+00
1.321425080299377441e+00
1.318823099136352539e+00
1.316114425659179688e+00
1.313455343246459961e+00
1.311111927032470703e+00
1.308603405952453613e+00
1.306037068367004395e+00
1.303560495376586914e+00
1.301241040229797363e+00
1.298727869987487793e+00
1.296285748481750488e+00
1.294054985046386719e+00
1.292075991630554199e+00
1.290297627449035645e+00
1.288602948188781738e+00
1.286463141441345215e+00
1.284184217453002930e+00
1.281795978546142578e+00
1.279100179672241211e+00
1.276449918746948242e+00
1.273771166801452637e+00
1.271211385726928711e+00
1.268645644187927246e+00
1.265992522239685059e+00
1.263437986373901367e+00
1.260569572448730469e+00
1.258013725280761719e+00
1.255609750747680664e+00
1.253545403480529785e+00
1.251666903495788574e+00
1.249553203582763672e+00
1.247284889221191406e+00
1.244822859764099121e+00
1.242184400558471680e+00
1.239346265792846680e+00
1.236697435379028320e+00
1.234194755554199219e+00
1.231558799743652344e+00
1.229261279106140137e+00
1.227003931999206543e+00
1.224779486656188965e+00
1.222454428672790527e+00
1.219971179962158203e+00
1.217744588851928711e+00
1.215634822845458984e+00
1.213604450225830078e+00
1.211488485336303711e+00
1.209441781044006348e+00
1.207233428955078125e+00
1.204732537269592285e+00
1.202058553695678711e+00
1.199630141258239746e+00
1.197271585464477539e+00
1.195152401924133301e+00
1.192582607269287109e+00
1.190036773681640625e+00
1.187562704086303711e+00
1.184994697570800781e+00
1.182533144950866699e+00
1.180300235748291016e+00
1.177902221679687500e+00
1.175464630126953125e+00
1.172981500625610352e+00
1.170327544212341309e+00
1.167628526687622070e+00
1.165177464485168457e+00
1.162986993789672852e+00
1.160935521125793457e+00
1.158801913261413574e+00
1.156466960906982422e+00
1.153990387916564941e+00
1.151356458663940430e+00
1.148778200149536133e+00
1.146126985549926758e+00
1.143733382225036621e+00
1.141312360763549805e+00
1.139023900032043457e+00
1.136688947677612305e+00
1.134263992309570312e+00
1.131979465484619141e+00
1.129881143569946289e+00
1.127579569816589355e+00
1.125184774398803711e+00
1.122821211814880371e+00
1.121009230613708496e+00
1.119529008865356445e+00
1.117271184921264648e+00
1.114541292190551758e+00
1.112060785293579102e+00
1.109784364700317383e+00
1.107524871826171875e+00
1.105168938636779785e+00
1.102856397628784180e+00
1.100471615791320801e+00
1.098313808441162109e+00
1.096317887306213379e+00
1.094399690628051758e+00
1.092170953750610352e+00
1.089668631553649902e+00
1.087382316589355469e+00
1.085119843482971191e+00
1.082839369773864746e+00
1.080585479736328125e+00
1.078357458114624023e+00
1.076466321945190430e+00
1.074532628059387207e+00
1.072397351264953613e+00
1.069966912269592285e+00
1.067534208297729492e+00
1.065338015556335449e+00
1.063555002212524414e+00
1.061568260192871094e+00
1.059295892715454102e+00
1.057244658470153809e+00
1.055355429649353027e+00
1.053572654724121094e+00
1.051335811614990234e+00
1.049093484878540039e+00
1.046975731849670410e+00
1.045250058174133301e+00
1.043182969093322754e+00
1.041030764579772949e+00
1.038401007652282715e+00
1.035696148872375488e+00
1.033123612403869629e+00
1.030667304992675781e+00
1.028296947479248047e+00
1.026275634765625000e+00
1.024515628814697266e+00
1.022732496261596680e+00
1.021071076393127441e+00
1.019520401954650879e+00
1.017944335937500000e+00
1.016396641731262207e+00
1.014355897903442383e+00
1.012467384338378906e+00
1.010315895080566406e+00
1.008259773254394531e+00
1.006344914436340332e+00
1.004155874252319336e+00
1.002132058143615723e+00
1.000056743621826172e+00
9.983908534049987793e-01
9.967575669288635254e-01
9.948852062225341797e-01
9.932056665420532227e-01
9.916054010391235352e-01
9.898204207420349121e-01
9.878920912742614746e-01
9.858013391494750977e-01
9.838266372680664062e-01
9.818367362022399902e-01
9.799733757972717285e-01
9.780844449996948242e-01
9.762163758277893066e-01
9.747731089591979980e-01
9.733958840370178223e-01
9.718356132507324219e-01
9.699764847755432129e-01
9.681649208068847656e-01
9.659351706504821777e-01
9.638915061950683594e-01
9.622026085853576660e-01
9.604439735412597656e-01
9.588129520416259766e-01
9.575343728065490723e-01
9.560152292251586914e-01
9.536660313606262207e-01
9.519018530845642090e-01
9.502118825912475586e-01
9.486568570137023926e-01
9.471450448036193848e-01
9.459124803543090820e-01
9.447199702262878418e-01
9.434344172477722168e-01
9.418537020683288574e-01
9.397900104522705078e-01
9.377767443656921387e-01
9.353145956993103027e-01
9.328813552856445312e-01
9.307618737220764160e-01
9.288181066513061523e-01
9.269057512283325195e-01
9.250399470329284668e-01
9.231643676757812500e-01
9.216616749763488770e-01
9.202712774276733398e-01
9.189595580101013184e-01
9.178753495216369629e-01
9.167844653129577637e-01
9.150915145874023438e-01
9.135005474090576172e-01
9.120827913284301758e-01
9.108282923698425293e-01
9.093455076217651367e-01
9.077872037887573242e-01
9.064316153526306152e-01
9.052419662475585938e-01
9.039186239242553711e-01
9.017565250396728516e-01
8.997426629066467285e-01
8.980439901351928711e-01
8.965938687324523926e-01
8.949231505393981934e-01
8.929178714752197266e-01
8.912571072578430176e-01
8.901842236518859863e-01
8.891429305076599121e-01
8.880775570869445801e-01
8.856887221336364746e-01
8.838708996772766113e-01
8.825072050094604492e-01
8.810398578643798828e-01
8.788565993309020996e-01
8.771210908889770508e-01
8.768348097801208496e-01
8.772212266921997070e-01
8.757100701332092285e-01
8.727614879608154297e-01
8.700485229492187500e-01
8.687737584114074707e-01
8.683180212974548340e-01
8.671624064445495605e-01
8.651803731918334961e-01
8.627866506576538086e-01
8.618944883346557617e-01
8.624146580696105957e-01
8.619801998138427734e-01
8.598084449768066406e-01
8.571849465370178223e-01
8.557301163673400879e-01
8.540917634963989258e-01
8.523180484771728516e-01
8.501497507095336914e-01
8.484316468238830566e-01
8.472421169281005859e-01
8.454577922821044922e-01
8.437798619270324707e-01
8.419983983039855957e-01
8.406872153282165527e-01
8.394742012023925781e-01
8.380056619644165039e-01
8.363938331604003906e-01
8.353485465049743652e-01
8.346905112266540527e-01
8.336958885192871094e-01
8.323913812637329102e-01
8.308039307594299316e-01
8.290551304817199707e-01
8.273974061012268066e-01
8.259910345077514648e-01
8.245918750762939453e-01
8.231959342956542969e-01
8.217234611511230469e-01
8.203341364860534668e-01
8.193512558937072754e-01
8.181731104850769043e-01
8.168348073959350586e-01
8.153955936431884766e-01
8.139380812644958496e-01
8.129184246063232422e-01
8.117498159408569336e-01
8.101971745491027832e-01
8.087738752365112305e-01
8.080254793167114258e-01
8.070346117019653320e-01
8.055980205535888672e-01
8.039382696151733398e-01
8.027206659317016602e-01
8.017622232437133789e-01
8.009513616561889648e-01
7.995847463607788086e-01
7.978593111038208008e-01
7.965993285179138184e-01
7.959681153297424316e-01
7.947162985801696777e-01
7.933720350265502930e-01
7.917040586471557617e-01
7.904227972030639648e-01
7.892161607742309570e-01
7.883390784263610840e-01
7.872821688652038574e-01
7.858888506889343262e-01
7.851200699806213379e-01
7.848550081253051758e-01
7.835751771926879883e-01
7.814071774482727051e-01
7.792274951934814453e-01
7.778317928314208984e-01
7.764114141464233398e-01
7.749369740486145020e-01
7.737409472465515137e-01
7.729931473731994629e-01
7.727997899055480957e-01
7.720147371292114258e-01
7.704254984855651855e-01
7.685562372207641602e-01
7.676153779029846191e-01
7.667250037193298340e-01
7.652737498283386230e-01
7.639511823654174805e-01
7.629073262214660645e-01
7.615720033645629883e-01
7.602962255477905273e-01
7.590142488479614258e-01
7.578921318054199219e-01
7.570006847381591797e-01
7.558171749114990234e-01
7.544637322425842285e-01
7.531731128692626953e-01
7.521088719367980957e-01
7.512272596359252930e-01
7.503534555435180664e-01
7.497621774673461914e-01
7.487878203392028809e-01
7.474763989448547363e-01
7.461189031600952148e-01
7.444509267807006836e-01
7.426609992980957031e-01
7.410045862197875977e-01
7.398631572723388672e-01
7.388895750045776367e-01
7.375136613845825195e-01
7.366003990173339844e-01
7.362715005874633789e-01
7.355819344520568848e-01
7.342782020568847656e-01
7.326044440269470215e-01
7.312600612640380859e-01
7.300193905830383301e-01
7.283884882926940918e-01
7.272213101387023926e-01
7.264303565025329590e-01
7.257412075996398926e-01
7.244384884834289551e-01
7.230179905891418457e-01
7.220660448074340820e-01
7.214170098304748535e-01
7.200833559036254883e-01
7.186371088027954102e-01
7.173618078231811523e-01
7.164469957351684570e-01
7.154524922370910645e-01
7.141877412796020508e-01
7.129271626472473145e-01
7.120539546012878418e-01
7.109941244125366211e-01
7.095878720283508301e-01
7.083743214607238770e-01
7.075493931770324707e-01
7.067504525184631348e-01
7.055909037590026855e-01
7.042149901390075684e-01
7.028228640556335449e-01
7.010701894760131836e-01
6.993545889854431152e-01
6.978638172149658203e-01
6.967805027961730957e-01
6.960265636444091797e-01
6.956377029418945312e-01
6.949509978294372559e-01
6.931936740875244141e-01
6.912970542907714844e-01
6.897677779197692871e-01
6.885253190994262695e-01
6.874707937240600586e-01
6.865984797477722168e-01
6.859784126281738281e-01
6.853486299514770508e-01
6.844896078109741211e-01
6.834859848022460938e-01
6.824147701263427734e-01
6.813149452209472656e-01
6.801751255989074707e-01
6.789200901985168457e-01
6.775720715522766113e-01
6.765718460083007812e-01
6.759813427925109863e-01
6.748899817466735840e-01
6.735724806785583496e-01
6.728531718254089355e-01
6.723722815513610840e-01
6.707321405410766602e-01
6.692375540733337402e-01
6.691430807113647461e-01
6.686084270477294922e-01
6.671687960624694824e-01
6.653869152069091797e-01
6.639927625656127930e-01
6.627281308174133301e-01
6.619253158569335938e-01
6.618691086769104004e-01
6.612434387207031250e-01
6.596831679344177246e-01
6.579324603080749512e-01
6.571669578552246094e-01
6.562094688415527344e-01
6.547225117683410645e-01
6.535534262657165527e-01
6.531427502632141113e-01
6.524192690849304199e-01
6.517331004142761230e-01
6.511278152465820312e-01
6.504045128822326660e-01
6.490994095802307129e-01
6.477245688438415527e-01
6.466649770736694336e-01
6.457985043525695801e-01
6.447454094886779785e-01
6.434956789016723633e-01
6.422309279441833496e-01
6.414682269096374512e-01
6.406496763229370117e-01
6.398232579231262207e-01
6.387010812759399414e-01
6.373390555381774902e-01
6.359598040580749512e-01
6.351985335350036621e-01
6.347330808639526367e-01
6.337460875511169434e-01
6.324448585510253906e-01
6.310449838638305664e-01
6.299582123756408691e-01
6.295807361602783203e-01
6.289870142936706543e-01
6.285308599472045898e-01
6.279537081718444824e-01
6.262864470481872559e-01
6.244533061981201172e-01
6.235779523849487305e-01
6.225388050079345703e-01
6.215675473213195801e-01
6.207355856895446777e-01
6.197282075881958008e-01
6.188517808914184570e-01
6.177247762680053711e-01
6.166886091232299805e-01
6.158543229103088379e-01
6.147429943084716797e-01
6.134283542633056641e-01
6.120059490203857422e-01
6.103008985519409180e-01
6.092790365219116211e-01
6.086144447326660156e-01
6.076509952545166016e-01
6.063731312751770020e-01
6.051136255264282227e-01
6.041917800903320312e-01
6.035614013671875000e-01
6.024625897407531738e-01
6.016449928283691406e-01
6.008017063140869141e-01
5.994210243225097656e-01
5.979682803153991699e-01
5.966811776161193848e-01
5.957302451133728027e-01
5.947746038436889648e-01
5.938239693641662598e-01
5.927370786666870117e-01
5.915564894676208496e-01
5.901245474815368652e-01
5.887167453765869141e-01
5.875573754310607910e-01
5.865733027458190918e-01
5.854319334030151367e-01
5.845365524291992188e-01
5.840634703636169434e-01
5.831152796745300293e-01
5.818780660629272461e-01
5.804771780967712402e-01
5.789897441864013672e-01
5.779420733451843262e-01
5.770710706710815430e-01
5.763110518455505371e-01
5.753923654556274414e-01
5.741630196571350098e-01
5.728281736373901367e-01
5.715838670730590820e-01
5.702072381973266602e-01
5.686727166175842285e-01
5.672452449798583984e-01
5.660317540168762207e-01
5.651049017906188965e-01
5.642123818397521973e-01
5.629307627677917480e-01
5.612334609031677246e-01
5.596231222152709961e-01
5.581583976745605469e-01
5.573130249977111816e-01
5.567291975021362305e-01
5.560520887374877930e-01
5.545263290405273438e-01
5.531156063079833984e-01
5.520134568214416504e-01
5.513498783111572266e-01
5.503937602043151855e-01
5.494673848152160645e-01
5.486553907394409180e-01
5.482513904571533203e-01
5.475084781646728516e-01
5.461795926094055176e-01
5.448818802833557129e-01
5.444787740707397461e-01
5.435872673988342285e-01
5.425434112548828125e-01
5.415149331092834473e-01
5.407898426055908203e-01
5.400247573852539062e-01
5.386242270469665527e-01
5.372356176376342773e-01
5.362178683280944824e-01
5.353584885597229004e-01
5.347003936767578125e-01
5.347034335136413574e-01
5.345574617385864258e-01
5.331196188926696777e-01
5.316551327705383301e-01
5.307099819183349609e-01
5.302037000656127930e-01
5.294120311737060547e-01
5.286332368850708008e-01
5.284649133682250977e-01
5.287005305290222168e-01
5.285474658012390137e-01
5.281717777252197266e-01
5.269243717193603516e-01
5.254855155944824219e-01
5.251361131668090820e-01
5.240600109100341797e-01
5.238193869590759277e-01
5.243924856185913086e-01
5.241324305534362793e-01
5.223810076713562012e-01
5.205387473106384277e-01
5.194354057312011719e-01
5.186160206794738770e-01
5.183296799659729004e-01
5.184035897254943848e-01
5.180319547653198242e-01
5.170699954032897949e-01
5.161742568016052246e-01
5.155866742134094238e-01
5.151860117912292480e-01
5.148202180862426758e-01
5.146049261093139648e-01
5.139359235763549805e-01
5.128574967384338379e-01
5.119616389274597168e-01
5.109449028968811035e-01
5.102521181106567383e-01
5.099185705184936523e-01
5.097207427024841309e-01
5.091366767883300781e-01
5.078607797622680664e-01
5.070907473564147949e-01
5.067213773727416992e-01
5.064187645912170410e-01
5.062314271926879883e-01
5.058379769325256348e-01
5.056728720664978027e-01
5.046728849411010742e-01
5.035858154296875000e-01
5.028561353683471680e-01
5.021117925643920898e-01
5.011169910430908203e-01
5.005518794059753418e-01
4.998294115066528320e-01
4.992142915725708008e-01
4.986192882061004639e-01
4.983323812484741211e-01
4.974875748157501221e-01
4.965507388114929199e-01
4.958402216434478760e-01
4.953483939170837402e-01
4.949569702148437500e-01
4.943423867225646973e-01
4.939514398574829102e-01
4.937053918838500977e-01
4.937212765216827393e-01
4.936283826828002930e-01
4.930129349231719971e-01
4.919505715370178223e-01
4.901626408100128174e-01
4.888286888599395752e-01
4.877679347991943359e-01
4.863093495368957520e-01
4.856351613998413086e-01
4.854264855384826660e-01
4.848370850086212158e-01
4.837004840373992920e-01
4.825894832611083984e-01
4.812926650047302246e-01
4.800633192062377930e-01
4.794710278511047363e-01
4.785713851451873779e-01
4.774273633956909180e-01
4.764248132705688477e-01
4.759369194507598877e-01
4.757619798183441162e-01
4.752423763275146484e-01
4.743736088275909424e-01
4.735870063304901123e-01
4.735653102397918701e-01
4.734815657138824463e-01
4.724169373512268066e-01
4.709517359733581543e-01
4.703008532524108887e-01
4.696370065212249756e-01
4.688576757907867432e-01
4.685169458389282227e-01
4.673987030982971191e-01
4.660031497478485107e-01
4.653237760066986084e-01
4.645830690860748291e-01
4.641614556312561035e-01
4.640708565711975098e-01
4.639296233654022217e-01
4.632229506969451904e-01
4.621022939682006836e-01
4.606828093528747559e-01
4.597108364105224609e-01
4.587671160697937012e-01
4.579119384288787842e-01
4.570360183715820312e-01
4.563080370426177979e-01
4.558997750282287598e-01
4.565176367759704590e-01
4.561973214149475098e-01
4.553708136081695557e-01
4.543795585632324219e-01
4.535156786441802979e-01
4.539098143577575684e-01
4.528414011001586914e-01
4.512570500373840332e-01
4.502013921737670898e-01
4.499300718307495117e-01
4.498586058616638184e-01
4.500759840011596680e-01
4.503059685230255127e-01
4.500032961368560791e-01
4.485225081443786621e-01
4.460640847682952881e-01
4.452412724494934082e-01
4.449421465396881104e-01
4.441724121570587158e-01
4.436488151550292969e-01
4.436308741569519043e-01
4.436634480953216553e-01
4.431321322917938232e-01
4.425228834152221680e-01
4.421343803405761719e-01
4.417139887809753418e-01
4.410666525363922119e-01
4.403924643993377686e-01
4.404976963996887207e-01
4.402805566787719727e-01
4.389447569847106934e-01
4.381936490535736084e-01
4.378209710121154785e-01
4.372864961624145508e-01
4.369887113571166992e-01
4.370680153369903564e-01
4.366254210472106934e-01
4.360137283802032471e-01
4.355863034725189209e-01
4.351133406162261963e-01
4.344541132450103760e-01
4.340730309486389160e-01
4.344409108161926270e-01
4.348664879798889160e-01
4.338740706443786621e-01
4.327859282493591309e-01
4.323063194751739502e-01
4.320241808891296387e-01
4.315927326679229736e-01
4.313471913337707520e-01
4.311122596263885498e-01
4.306146502494812012e-01
4.298853874206542969e-01
4.293712377548217773e-01
4.289344549179077148e-01
4.287417232990264893e-01
4.287024140357971191e-01
4.287364184856414795e-01
4.285892546176910400e-01
4.282930791378021240e-01
4.279273152351379395e-01
4.273082315921783447e-01
4.264921844005584717e-01
4.259962141513824463e-01
4.263750612735748291e-01
4.264678657054901123e-01
4.257950186729431152e-01
4.258577823638916016e-01
4.260361194610595703e-01
4.262626171112060547e-01
4.266034364700317383e-01
4.260188341140747070e-01
4.253421127796173096e-01
4.248126745223999023e-01
4.243763983249664307e-01
4.240710437297821045e-01
4.232265055179595947e-01
4.227368831634521484e-01
4.219006001949310303e-01
4.218089282512664795e-01
4.221613407135009766e-01
4.220052659511566162e-01
4.216074347496032715e-01
4.213123917579650879e-01
4.204703867435455322e-01
4.196732342243194580e-01
4.194131493568420410e-01
4.189766943454742432e-01
4.185011982917785645e-01
4.185893535614013672e-01
4.181092381477355957e-01
4.175051152706146240e-01
4.174544215202331543e-01
4.178307056427001953e-01
4.179039001464843750e-01
4.174883365631103516e-01
4.170308411121368408e-01
4.165588319301605225e-01
4.164331853389739990e-01
4.159213006496429443e-01
4.151615798473358154e-01
4.151176810264587402e-01
4.152764678001403809e-01
4.153526127338409424e-01
4.145858883857727051e-01
4.142082333564758301e-01
4.134984910488128662e-01
4.127354621887207031e-01
4.122966825962066650e-01
4.118530750274658203e-01
4.113953113555908203e-01
4.111290276050567627e-01
4.109947085380554199e-01
4.108757078647613525e-01
4.106661081314086914e-01
4.104710817337036133e-01
4.094530344009399414e-01
4.077170491218566895e-01
4.068256616592407227e-01
4.050839841365814209e-01
4.051330983638763428e-01
4.057459831237792969e-01
4.057294428348541260e-01
4.044911861419677734e-01
4.032777845859527588e-01
4.028301537036895752e-01
4.023504555225372314e-01
4.017758965492248535e-01
4.012530446052551270e-01
4.009910225868225098e-01
4.007634520530700684e-01
4.002237319946289062e-01
4.003417491912841797e-01
4.002962708473205566e-01
4.002312421798706055e-01
4.002156555652618408e-01
3.998090028762817383e-01
3.992854952812194824e-01
3.987445831298828125e-01
3.982832431793212891e-01
3.978345692157745361e-01
3.977912068367004395e-01
3.979137837886810303e-01
3.966902494430541992e-01
3.963611125946044922e-01
3.964534699916839600e-01
3.965670764446258545e-01
3.956541419029235840e-01
3.957085013389587402e-01
3.956609666347503662e-01
3.947533965110778809e-01
3.940973579883575439e-01
3.940599560737609863e-01
3.939673602581024170e-01
3.933152258396148682e-01
3.930090665817260742e-01
3.930619359016418457e-01
3.930997550487518311e-01
3.931231498718261719e-01
3.928671181201934814e-01
3.924092352390289307e-01
3.922315835952758789e-01
3.920682072639465332e-01
3.917840421199798584e-01
3.914986252784729004e-01
3.909549713134765625e-01
3.909086883068084717e-01
3.909507393836975098e-01
3.910329341888427734e-01
3.908114135265350342e-01
3.904231190681457520e-01
3.904637098312377930e-01
3.908192515373229980e-01
3.906215727329254150e-01
3.902522921562194824e-01
3.897171616554260254e-01
3.892064988613128662e-01
3.889330029487609863e-01
3.885617852210998535e-01
3.881005048751831055e-01
3.879206776618957520e-01
3.883432149887084961e-01
3.887318372726440430e-01
3.881810307502746582e-01
3.872037827968597412e-01
3.866880536079406738e-01
3.864828050136566162e-01
3.862793445587158203e-01
3.861820399761199951e-01
3.872697353363037109e-01
3.876336812973022461e-01
3.868062198162078857e-01
3.854256272315979004e-01
3.844502568244934082e-01
3.838541209697723389e-01
3.836847841739654541e-01
3.838818371295928955e-01
3.833944201469421387e-01
3.831984102725982666e-01
3.835143446922302246e-01
3.828439712524414062e-01
3.822470903396606445e-01
3.819951415061950684e-01
3.815850317478179932e-01
3.815765082836151123e-01
3.821434974670410156e-01
3.827324509620666504e-01
3.827782869338989258e-01
3.826938867568969727e-01
3.826262950897216797e-01
3.825863599777221680e-01
3.824644684791564941e-01
3.823323547840118408e-01
3.821934461593627930e-01
3.817687034606933594e-01
3.814672827720642090e-01
3.811563849449157715e-01
3.809125125408172607e-01
3.804287910461425781e-01
3.798807859420776367e-01
3.791941106319427490e-01
3.788905143737792969e-01
3.783763647079467773e-01
3.783894777297973633e-01
3.782529830932617188e-01
3.776400685310363770e-01
3.775245547294616699e-01
3.778781592845916748e-01
3.780227005481719971e-01
3.779569566249847412e-01
3.776600658893585205e-01
3.772076666355133057e-01
3.771144151687622070e-01
3.770062923431396484e-01
3.759761750698089600e-01
3.755995929241180420e-01
3.758264482021331787e-01
3.762918114662170410e-01
3.759638369083404541e-01
3.752533793449401855e-01
3.749233186244964600e-01
3.746603131294250488e-01
3.744700849056243896e-01
3.742614388465881348e-01
3.740620613098144531e-01
3.738334774971008301e-01
3.741734325885772705e-01
3.743907511234283447e-01
3.741329908370971680e-01
3.737670779228210449e-01
3.732988834381103516e-01
3.728720247745513916e-01
3.721808493137359619e-01
3.717781007289886475e-01
3.715007305145263672e-01
3.707754909992218018e-01
3.704751133918762207e-01
3.704538047313690186e-01
3.709527254104614258e-01
3.711382150650024414e-01
3.707231879234313965e-01
3.702135086059570312e-01
3.695596158504486084e-01
3.690800666809082031e-01
3.691071569919586182e-01
3.696426153182983398e-01
3.707716763019561768e-01
3.717695772647857666e-01
3.723215460777282715e-01
3.712531328201293945e-01
3.707160651683807373e-01
3.714718222618103027e-01
3.716513514518737793e-01
3.711715340614318848e-01
3.704627156257629395e-01
3.701933324337005615e-01
3.698686659336090088e-01
3.684442043304443359e-01
3.681421279907226562e-01
3.682796657085418701e-01
3.661433160305023193e-01
3.647436499595642090e-01
3.659726381301879883e-01
3.666600584983825684e-01
3.657585978507995605e-01
3.654456436634063721e-01
3.647205531597137451e-01
3.642539978027343750e-01
3.649514615535736084e-01
3.654930293560028076e-01
3.644087612628936768e-01
3.637338280677795410e-01
3.648035228252410889e-01
3.638572096824645996e-01
3.620975315570831299e-01
3.623780310153961182e-01
3.634864985942840576e-01
3.630448579788208008e-01
3.629491627216339111e-01
3.627640902996063232e-01
3.625255227088928223e-01
3.624022901058197021e-01
3.622606098651885986e-01
3.619616031646728516e-01
3.617101311683654785e-01
3.612040579319000244e-01
3.607389628887176514e-01
3.601795434951782227e-01
3.601039648056030273e-01
3.600850999355316162e-01
3.600145876407623291e-01
3.596600592136383057e-01
3.590029776096343994e-01
3.589747250080108643e-01
3.589372336864471436e-01
3.582004904747009277e-01
3.576123118400573730e-01
3.576814830303192139e-01
3.576907813549041748e-01
3.570141196250915527e-01
3.563589155673980713e-01
3.562234044075012207e-01
3.564691245555877686e-01
3.566647768020629883e-01
3.565518558025360107e-01
3.567300736904144287e-01
3.564604818820953369e-01
3.561812341213226318e-01
3.555186986923217773e-01
3.551093041896820068e-01
3.541594743728637695e-01
3.534436821937561035e-01
3.536953628063201904e-01
3.538486659526824951e-01
3.545378148555755615e-01
3.546608984470367432e-01
3.540545701980590820e-01
3.526244163513183594e-01
3.528487682342529297e-01
3.528296053409576416e-01
3.534996509552001953e-01
3.576963245868682861e-01
3.572776019573211670e-01
3.573154509067535400e-01
3.572635650634765625e-01
3.586300611495971680e-01
3.597383499145507812e-01
3.595520853996276855e-01
3.580545783042907715e-01
3.567656576633453369e-01
3.566604256629943848e-01
3.567586243152618408e-01
3.567586243152618408e-01
3.576641976833343506e-01
3.588054180145263672e-01
3.580096364021301270e-01
3.571273684501647949e-01
3.562536239624023438e-01
3.555044829845428467e-01
3.557612299919128418e-01
3.555611073970794678e-01
3.551338315010070801e-01
3.550113737583160400e-01
3.551581799983978271e-01
3.550259470939636230e-01
3.546790480613708496e-01
3.543977141380310059e-01
3.548009097576141357e-01
3.547458946704864502e-01
3.539287447929382324e-01
3.535975515842437744e-01
3.536561727523803711e-01
3.536663651466369629e-01
3.535123765468597412e-01
3.533110022544860840e-01
3.523757457733154297e-01
3.510580956935882568e-01
3.507818579673767090e-01
3.519919812679290771e-01
3.515218198299407959e-01
3.508989214897155762e-01
3.499859571456909180e-01
3.511053621768951416e-01
3.481869995594024658e-01
3.455930948257446289e-01
3.462103903293609619e-01
3.469938039779663086e-01
3.471097350120544434e-01
3.470956683158874512e-01
3.477171361446380615e-01
3.474645614624023438e-01
3.463768661022186279e-01
3.454880416393280029e-01
3.453684151172637939e-01
3.455939590930938721e-01
3.453767895698547363e-01
3.439514040946960449e-01
3.434812426567077637e-01
3.436270952224731445e-01
3.438776135444641113e-01
3.435145020484924316e-01
3.426040709018707275e-01
3.420701920986175537e-01
3.416272103786468506e-01
3.405495882034301758e-01
3.403334021568298340e-01
3.406879305839538574e-01
3.400495648384094238e-01
3.389039039611816406e-01
3.378019034862518311e-01
3.374224603176116943e-01
3.369309008121490479e-01
3.371010124683380127e-01
3.360604345798492432e-01
3.363894820213317871e-01
3.377890288829803467e-01
3.384010791778564453e-01
3.382150530815124512e-01
3.388385176658630371e-01
3.394808471202850342e-01
3.390399515628814697e-01
3.393012285232543945e-01
3.398708403110504150e-01
3.406377434730529785e-01
3.418282866477966309e-01
3.421563506126403809e-01
3.421562314033508301e-01
3.415872156620025635e-01
3.413474559783935547e-01
3.412819504737854004e-01
3.404811918735504150e-01
3.403913378715515137e-01
3.406051993370056152e-01
3.407863378524780273e-01
3.403391540050506592e-01
3.396447300910949707e-01
3.390851020812988281e-01
3.392166197299957275e-01
3.403033912181854248e-01
3.400448262691497803e-01
3.397580385208129883e-01
3.401352763175964355e-01
3.396370112895965576e-01
3.394410014152526855e-01
3.388312757015228271e-01
3.383823037147521973e-01
3.384103477001190186e-01
3.393177986145019531e-01
3.386427164077758789e-01
3.378980755805969238e-01
3.378208279609680176e-01
3.375421464443206787e-01
3.370497524738311768e-01
3.366303145885467529e-01
3.371826410293579102e-01
3.360926210880279541e-01
3.345900475978851318e-01
3.332220911979675293e-01
3.324374854564666748e-01
3.330829739570617676e-01
3.331758081912994385e-01
3.324614465236663818e-01
3.317951560020446777e-01
3.312739431858062744e-01
3.314192295074462891e-01
3.305983543395996094e-01
3.304598331451416016e-01
3.313865959644317627e-01
3.324496150016784668e-01
3.321222066879272461e-01
3.322984874248504639e-01
3.306323885917663574e-01
3.301443159580230713e-01
3.276577889919281006e-01
3.266649842262268066e-01
3.271774947643280029e-01
3.295717537403106689e-01
3.307282626628875732e-01
3.328187465667724609e-01
3.331978321075439453e-01
3.351239860057830811e-01
3.353227972984313965e-01
3.346210122108459473e-01
3.333291411399841309e-01
3.325432240962982178e-01
3.313773572444915771e-01
3.309267759323120117e-01
3.301818966865539551e-01
3.299029171466827393e-01
3.282519578933715820e-01
3.275215327739715576e-01
3.271033763885498047e-01
3.276569843292236328e-01
3.300757706165313721e-01
3.298851549625396729e-01
3.281687498092651367e-01
3.289889395236968994e-01
3.261947333812713623e-01
3.248505890369415283e-01
3.247666060924530029e-01
3.250563144683837891e-01
3.245513141155242920e-01
3.243935704231262207e-01
3.248293399810791016e-01
3.246485888957977295e-01
3.239676356315612793e-01
3.241444230079650879e-01
3.243906795978546143e-01
3.238022029399871826e-01
3.232134580612182617e-01
3.230583369731903076e-01
3.238286375999450684e-01
3.232732713222503662e-01
3.232134878635406494e-01
3.243111670017242432e-01
3.248968720436096191e-01
3.245007395744323730e-01
3.230205178260803223e-01
3.227688670158386230e-01
3.226009309291839600e-01
3.228262364864349365e-01
3.225734829902648926e-01
3.223551511764526367e-01
3.224303424358367920e-01
3.221457302570343018e-01
3.214005529880523682e-01
3.207713365554809570e-01
3.206786811351776123e-01
3.214268684387207031e-01
3.207832574844360352e-01
3.199661374092102051e-01
3.195056617259979248e-01
3.193989694118499756e-01
3.204978704452514648e-01
3.211813569068908691e-01
3.197718858718872070e-01
3.195707499980926514e-01
3.192347884178161621e-01
3.196144998073577881e-01
3.205104172229766846e-01
3.203718364238739014e-01
3.200327455997467041e-01
3.194489479064941406e-01
3.191267251968383789e-01
3.188765048980712891e-01
3.193871676921844482e-01
3.200762867927551270e-01
3.205457329750061035e-01
3.202196061611175537e-01
3.192509412765502930e-01
3.189081847667694092e-01
3.187644481658935547e-01
3.174649477005004883e-01
3.192632496356964111e-01
3.192508220672607422e-01
3.192782998085021973e-01
3.192654252052307129e-01
3.190222382545471191e-01
3.171055614948272705e-01
3.173336386680603027e-01
3.171177208423614502e-01
3.171730637550354004e-01
3.177556395530700684e-01
3.175162374973297119e-01
3.177721798419952393e-01
3.189074993133544922e-01
3.176411390304565430e-01
3.171727061271667480e-01
3.170235753059387207e-01
3.177697956562042236e-01
3.186574280261993408e-01
3.186387419700622559e-01
3.192759752273559570e-01
3.192386329174041748e-01
3.191204369068145752e-01
3.167294263839721680e-01
3.161824941635131836e-01
3.157288432121276855e-01
3.152110278606414795e-01
3.148428201675415039e-01
3.139631748199462891e-01
3.152121007442474365e-01
3.159404397010803223e-01
3.163001537322998047e-01
3.178332746028900146e-01
3.178671598434448242e-01
3.181023299694061279e-01
3.176883757114410400e-01
3.152819275856018066e-01
3.153231143951416016e-01
3.167624771595001221e-01
3.167996704578399658e-01
3.157745599746704102e-01
3.155186772346496582e-01
3.158579766750335693e-01
3.176129460334777832e-01
3.153370022773742676e-01
3.145046234130859375e-01
3.117148876190185547e-01
3.099704384803771973e-01
3.091740012168884277e-01
3.098373711109161377e-01
3.104565143585205078e-01
3.110741376876831055e-01
3.113500177860260010e-01
3.140251040458679199e-01
3.137801289558410645e-01
3.122163116931915283e-01
3.109970688819885254e-01
3.125112652778625488e-01
3.132953643798828125e-01
3.131091892719268799e-01
3.138418495655059814e-01
3.144793510437011719e-01
3.141733705997467041e-01
3.138121664524078369e-01
3.130846321582794189e-01
3.121015131473541260e-01
3.134777247905731201e-01
3.134533762931823730e-01
3.119476735591888428e-01
3.110350370407104492e-01
3.123564124107360840e-01
3.124639093875885010e-01
3.122598230838775635e-01
3.126804232597351074e-01
3.127554059028625488e-01
3.132894337177276611e-01
3.121227920055389404e-01
3.116727471351623535e-01
3.113534748554229736e-01
3.112883269786834717e-01
3.129192888736724854e-01
3.117341995239257812e-01
3.118621706962585449e-01
3.106695413589477539e-01
3.112566471099853516e-01
3.123356401920318604e-01
3.132374584674835205e-01
3.134683072566986084e-01
3.113641440868377686e-01
3.113897740840911865e-01
3.109477460384368896e-01
3.109477758407592773e-01
3.121009171009063721e-01
3.110218346118927002e-01
3.109532594680786133e-01
3.114899396896362305e-01
3.114128112792968750e-01
3.110611438751220703e-01
3.101445436477661133e-01
3.101495802402496338e-01
3.107807636260986328e-01
3.101732134819030762e-01
3.101748526096343994e-01
3.099464476108551025e-01
3.102372288703918457e-01
3.104391992092132568e-01
3.099724054336547852e-01
3.097710013389587402e-01
3.111021220684051514e-01
3.103811740875244141e-01
3.086761832237243652e-01
3.084358274936676025e-01
3.088367283344268799e-01
3.091225624084472656e-01
3.087349832057952881e-01
3.086220026016235352e-01
3.088731169700622559e-01
3.093864321708679199e-01
3.086946606636047363e-01
3.082007467746734619e-01
3.080943524837493896e-01
3.092800378799438477e-01
