1.224202852078613846e-01
1.314267733209219802e-01
1.402125319055909647e-01
1.384412267969374888e-01
1.379758130112039016e-01
1.349187067959853881e-01
1.347848091802528459e-01
1.305715738293288519e-01
1.330194195666318246e-01
1.312901931531529065e-01
1.315417221282168259e-01
1.318702812240846456e-01
1.317120121406615552e-01
1.305334682987286388e-01
1.295384741172826149e-01
1.295085407844936143e-01
1.281283200339669304e-01
1.270271726291399006e-01
1.271746431150761192e-01
1.266463637726777114e-01
1.261802098512513071e-01
1.244284749852504757e-01
1.245246390742844184e-01
1.233516387982323548e-01
1.229867531047947049e-01
1.230772731685243343e-01
1.236014122918538266e-01
1.232436135839350549e-01
1.237631639045016357e-01
1.240361043516201855e-01
1.248963060972560490e-01
1.244449949308469999e-01
1.250233432520833077e-01
1.250071554421244291e-01
1.250207980644454930e-01
1.251696325985393876e-01
1.248199874108818497e-01
1.244874896406837905e-01
1.246960831753166493e-01
1.244916818977121475e-01
1.244176091066390155e-01
1.243437413684801429e-01
1.240564223357576851e-01
1.244521201904817687e-01
1.241084273308465519e-01
1.237700914128924690e-01
1.232246430594460956e-01
1.231830867614874675e-01
1.229930614169074676e-01
1.233735301415452290e-01
1.233037852835138920e-01
1.233794114668095576e-01
1.235269179248223298e-01
1.235056859059891349e-01
1.237129834353412200e-01
1.236790837816264671e-01
1.234865168128534418e-01
1.235171353380594139e-01
1.237265793063848374e-01
1.236767687533024407e-01
1.237592601987769769e-01
1.237812785952004530e-01
1.235279889719679419e-01
1.233520640000954766e-01
1.235313330169940660e-01
1.237785638550348011e-01
1.235633673940765842e-01
1.237748100154800607e-01
1.236166081556499124e-01
1.237321051861129950e-01
1.235466302295870761e-01
1.236012366763685338e-01
1.237832314234791481e-01
1.241762677962635480e-01
1.240713500318668117e-01
1.237983466449597697e-01
1.240318813990234775e-01
1.240676178238917793e-01
1.241992034272482864e-01
1.239970049530602914e-01
1.241475649694240707e-01
1.241162842763512408e-01
1.240648239114067602e-01
1.242510916224755235e-01
1.240728168612599824e-01
1.242676929159010762e-01
1.245331807719521067e-01
1.247639315388987535e-01
1.246465775175767676e-01
1.244654290372890493e-01
1.244120233811546322e-01
1.242737570935305430e-01
1.243175519088648151e-01
1.244681511732045887e-01
1.242318964937975528e-01
1.242739549691600637e-01
1.243687543901757647e-01
1.241422574528765893e-01
1.238870041464224248e-01
1.236006397770562232e-01
1.237056279399916525e-01
1.237724799500197898e-01
1.236432444716755036e-01
1.236006857980527507e-01
1.234281103063060020e-01
1.234113911044094486e-01
1.235611755348029195e-01
1.237499637512985418e-01
1.237995883440871220e-01
1.238322933287974159e-01
1.238021709395208253e-01
1.237876956949434254e-01
1.237679605706027419e-01
1.237096530300084152e-01
1.236565164275828244e-01
1.233621811278440422e-01
1.233692021832418495e-01
1.233116399551571762e-01
1.233130732907964516e-01
1.232863409338258581e-01
1.233150608483758737e-01
1.233374638020727221e-01
1.233046533463733607e-01
1.233178174678696004e-01
1.232432294808968043e-01
1.233699769878776331e-01
1.231919745081691414e-01
1.230644196973910698e-01
1.231437571327320263e-01
1.231301580324940526e-01
1.231197577762201539e-01
1.232696495677443466e-01
1.233438698605325290e-01
1.233948637716265756e-01
1.233484119432847331e-01
1.231503750873129133e-01
1.232843886301181330e-01
1.230394399400603495e-01
1.231917609205925579e-01
1.232064746717062981e-01
1.232817297008315105e-01
1.233346008091592422e-01
1.234221505285802295e-01
1.235158561095820035e-01
1.234346150158796285e-01
1.235964048088127182e-01
1.235524798872211505e-01
1.234891542722652974e-01
1.233622454332895385e-01
1.233170965179766487e-01
1.232171444651709857e-01
1.231704649464986229e-01
1.231464562065440055e-01
1.230250066115088220e-01
1.228748302739604281e-01
1.228721815371121989e-01
1.229512947650480137e-01
1.228588894072519949e-01
1.227286642965362551e-01
1.227428761956533831e-01
1.227222897258608142e-01
1.227909195217582461e-01
1.227950942402668000e-01
1.228703269075046567e-01
1.228739450708064562e-01
1.226231285131909321e-01
1.226689940387971078e-01
1.228901703722898864e-01
1.228620187177457412e-01
1.227357979057790982e-01
1.228840238839332688e-01
1.228562184522850875e-01
1.228655223421682013e-01
1.229374315008136404e-01
1.230124096244468307e-01
1.230285819572289191e-01
1.228795064827673117e-01
1.227801417359143249e-01
1.227996833728282750e-01
1.228091009526200705e-01
1.228116394365098424e-01
1.228788267499983239e-01
1.227500663127596842e-01
1.225564175582975202e-01
1.227102095286352751e-01
1.227908102371497584e-01
1.226734588850766638e-01
1.226689690901439506e-01
1.225583424899329699e-01
1.225415146445813647e-01
1.224679337245035415e-01
1.224981511708272131e-01
1.223403876984865551e-01
1.223951527387735910e-01
1.223606198927408295e-01
1.222319376609445757e-01
1.222344701382506588e-01
1.222287112953986260e-01
1.220873574007651785e-01
1.220796436153933212e-01
1.221097497838134066e-01
1.219775309261419555e-01
1.220785955042813092e-01
1.219591429377063357e-01
1.218930454661368012e-01
1.217480984606485461e-01
1.217906100585343376e-01
1.217112649183025030e-01
1.217699768024424894e-01
1.217668536605732987e-01
1.216731670411602823e-01
1.216956459209306979e-01
1.218557725921284168e-01
1.218108279524408727e-01
1.217843409067736055e-01
1.217671890117593692e-01
1.217435480282149513e-01
1.217135349028676955e-01
1.218017999369915699e-01
1.216960739340464392e-01
1.216850293331354776e-01
1.216182059712185015e-01
1.215526400400063767e-01
1.215834244444480017e-01
1.217023729816800320e-01
1.216837467970070114e-01
1.215565691488618705e-01
1.215195765870630829e-01
1.215324499521714674e-01
1.214915796682409094e-01
1.214981123273508323e-01
1.214475787729260708e-01
1.214288494864894374e-01
1.213557940194657514e-01
1.212733771048244702e-01
1.212394414188553565e-01
1.211909483224409556e-01
1.211884530250534192e-01
1.210949835029198757e-01
1.210574749094328190e-01
1.210627246529257656e-01
1.209063201559222311e-01
1.208175080036818089e-01
1.207562631894569666e-01
1.207892299748337395e-01
1.208643857154462486e-01
1.209154665577588661e-01
1.208622055689700381e-01
1.208139916208633147e-01
1.207999049982594608e-01
1.207229552258433092e-01
1.206652504109030771e-01
1.206161527107941084e-01
1.205676515431764045e-01
1.206449713948147678e-01
1.206805773863914577e-01
1.205980457295893343e-01
1.206265284829167728e-01
1.206475946847270081e-01
1.206125122414451190e-01
1.205353452878593357e-01
1.205340099104521001e-01
1.204750602407423238e-01
1.204718156876707358e-01
1.204373298342556187e-01
1.204212557498681724e-01
1.204333106639361578e-01
1.204313880272058490e-01
1.204903250661429476e-01
1.205979450281468857e-01
1.206007705643549754e-01
1.205915694194753252e-01
1.205833310643371487e-01
1.204803039563839828e-01
1.204364580828239523e-01
1.202729635682570491e-01
1.203001950204089787e-01
1.202148484749687163e-01
1.201064976241617149e-01
1.201328950654888816e-01
1.201700998739743398e-01
1.201896463801559595e-01
1.201471297092758517e-01
1.202312906207466531e-01
1.202968392965272915e-01
1.202714686415623374e-01
1.202724009193061883e-01
1.202622195375118025e-01
1.202990177440650260e-01
1.203241622114518822e-01
1.203119466099007301e-01
1.202653343131448727e-01
1.202510348826289766e-01
1.202314375511950584e-01
1.202870569170270965e-01
1.202390238111051973e-01
1.202208209436836789e-01
1.202173608752309247e-01
1.201792236570703581e-01
1.201284486360596482e-01
1.200896686940145369e-01
1.200282770142939159e-01
1.200804972813507843e-01
1.201401657764159664e-01
1.201058421405208493e-01
1.200339776658289337e-01
1.200785090957247753e-01
1.200281965622903985e-01
1.200300023374007846e-01
1.199442391459882851e-01
1.199038130651616518e-01
1.199487596777864817e-01
1.199653054687888909e-01
1.199432811547212208e-01
1.197886387344811732e-01
1.197608535894525428e-01
1.197907040168688514e-01
1.197827127702304068e-01
1.197224005231413285e-01
1.197170867548731366e-01
1.196593351387586629e-01
1.196610083922323570e-01
1.197002807937457142e-01
1.196131846882938637e-01
1.195996988312690579e-01
1.195706273836974753e-01
1.195760304897941773e-01
1.195031925645663184e-01
1.194587735246552956e-01
1.194154634488348854e-01
1.193643238368650161e-01
1.194167339961623442e-01
1.193766590662739824e-01
1.193633360243945424e-01
1.192663619151157900e-01
1.191916900280269864e-01
1.192716325817436834e-01
1.192287376513007507e-01
1.191850939823284466e-01
1.192843315220614847e-01
1.192007448475078529e-01
1.191830223929257887e-01
1.191804908196549551e-01
1.191771588507681418e-01
1.191292603480437751e-01
1.191525130791807052e-01
1.191389845400192410e-01
1.191331810568674876e-01
1.191084035896772531e-01
1.190003952966486450e-01
1.190422436296522807e-01
1.189982896730656659e-01
1.190111991404675801e-01
1.190567539297554961e-01
1.190450123037397612e-01
1.190699501558319245e-01
1.189505147768098597e-01
1.190100923797352134e-01
1.189980086332336484e-01
1.189105195234094053e-01
1.188505072634827853e-01
1.188885899769056842e-01
1.188022834190773647e-01
1.186942183786184185e-01
1.186984070837028421e-01
1.187243169468938514e-01
1.187767310422374323e-01
1.187391372344903384e-01
1.187035615315721049e-01
1.187378111527452734e-01
1.187151163324523806e-01
1.187184720222068807e-01
1.186949144909990733e-01
1.186154803168319172e-01
1.185506611177765263e-01
1.185953140116089155e-01
1.185532399344692012e-01
1.185042121316825375e-01
1.184613304042804877e-01
1.184148961915559295e-01
1.183959497780223552e-01
1.184437174931834980e-01
1.184455398686145161e-01
1.183787213007322370e-01
1.184055371296876685e-01
1.183993878569527120e-01
1.183529848904588816e-01
1.182953974407191244e-01
1.182680339891429705e-01
1.182541516902045758e-01
1.182480011224960048e-01
1.182303906486079498e-01
1.181961969724143469e-01
1.181743011213309269e-01
1.182078487461136335e-01
1.181486636453327327e-01
1.181389469508644235e-01
1.181557378676206388e-01
1.181179233061864647e-01
1.180278736488828417e-01
1.180299914536097755e-01
1.179771163886305652e-01
1.178893330745689610e-01
1.179410971084306342e-01
1.179683043965775308e-01
1.180062703436910443e-01
1.180163135068866276e-01
1.180070320833074698e-01
1.179628622320604281e-01
1.178605389663822528e-01
1.178567410852229824e-01
1.178566843856623109e-01
1.178219660781328060e-01
1.178064093978235388e-01
1.178241295421815493e-01
1.177692929583829956e-01
1.176891839608610740e-01
1.176296059100418040e-01
1.176408296813610671e-01
1.176606820721432939e-01
1.176501653134530839e-01
1.175661274479289226e-01
1.175888606764669275e-01
1.175886623710312023e-01
1.175142041990079184e-01
1.175330267125595379e-01
1.174909781878426263e-01
1.174788762026078570e-01
1.174697835969168158e-01
1.174345400228802017e-01
1.174478267639566392e-01
1.174961043590838083e-01
1.174514913540404965e-01
1.174242538209947784e-01
1.173588560641087020e-01
1.173509963548208385e-01
1.172756013677606485e-01
1.172515618985117553e-01
1.172283927799011444e-01
1.171882655983905869e-01
1.171160833969376175e-01
1.171366514607937448e-01
1.171212562280946751e-01
1.171130855250814007e-01
1.170689107230354631e-01
1.170440538492169419e-01
1.170635108190195284e-01
1.171440888712991651e-01
1.171230733691123738e-01
1.171474805711616718e-01
1.171701605915753119e-01
1.170936914920862881e-01
1.170959780095621738e-01
1.171055073280036635e-01
1.170839264711877187e-01
1.170926341973140827e-01
1.171143471323812524e-01
1.170804477800101301e-01
1.170462811127530312e-01
1.170252605762027720e-01
1.169988332075155985e-01
1.169759979544500311e-01
1.169494453904602743e-01
1.169165617633999288e-01
1.168490572160148927e-01
1.167902855445713400e-01
1.167896939471790158e-01
1.168115189113218544e-01
1.167669471567128331e-01
1.167966209661239485e-01
1.167372753262748142e-01
1.167631932960484370e-01
1.167838332189785194e-01
1.168237252204407522e-01
1.167885768901913285e-01
1.167679922507140894e-01
1.167478637259545399e-01
1.167461304524138044e-01
1.167394552868968732e-01
1.167427483925241594e-01
1.167414829144457766e-01
1.167728123266055518e-01
1.167666680987958644e-01
1.167935718881710078e-01
1.168351717109582105e-01
1.168225836691752645e-01
1.167898004805214413e-01
1.167723859761296140e-01
1.167490893835272103e-01
1.167401724306461053e-01
1.167590590968106412e-01
1.167680503222826988e-01
1.167249093558590661e-01
1.166736223188312299e-01
1.166349867033350668e-01
1.165641639127962675e-01
1.165227677969910003e-01
1.164863074037542912e-01
1.164600905103732875e-01
