5.357142201453542363e+00
4.677740030881311739e+00
4.221410093580177936e+00
3.877974097346175597e+00
3.622948312222553202e+00
3.420238600626526182e+00
3.262742190592025970e+00
3.119773778755860594e+00
3.003728657760674992e+00
2.890651246581959821e+00
2.795093404158986772e+00
2.704659385818735107e+00
2.612759149741590736e+00
2.532657497886577680e+00
2.455248516211127718e+00
2.380064419904243334e+00
2.309913381466593307e+00
2.241419782906208802e+00
2.176279476832685411e+00
2.115371647616117734e+00
2.059715225979041886e+00
2.002898674078944730e+00
1.951096036884143237e+00
1.897152253732238281e+00
1.849875679231675507e+00
1.802966319277612639e+00
1.758784525082383254e+00
1.715690945736965567e+00
1.669669108776609567e+00
1.634838071236061730e+00
1.591800101509402321e+00
1.551119784773985266e+00
1.516271218959281297e+00
1.478371950957912739e+00
1.443951072356036924e+00
1.410183582312126260e+00
1.379528401863501896e+00
1.346021049001692393e+00
1.316390569876069172e+00
1.291801614277491961e+00
1.263206121598613452e+00
1.237309502648625381e+00
1.210221947998708858e+00
1.183480685916107333e+00
1.157246054416338987e+00
1.133433197283651328e+00
1.110851573856523000e+00
1.091193865553776510e+00
1.069795783126307631e+00
1.051853084883236367e+00
1.036141850054888902e+00
1.012655921126563108e+00
9.945485972708542066e-01
9.769569473755056466e-01
9.605681865097056571e-01
9.450188284368241654e-01
9.352246062706768281e-01
9.126876025688416272e-01
9.009924101037508626e-01
8.846630706610865147e-01
8.685141376935476831e-01
8.551980485911292451e-01
8.419384651430391608e-01
8.308878238490666757e-01
8.167792733335056399e-01
8.077906939896105643e-01
7.954925450695354838e-01
7.819916432335080048e-01
7.694248431406411903e-01
7.616850836429108762e-01
7.477879378667851018e-01
7.422610142205421369e-01
7.266161975865894629e-01
7.186036768592799495e-01
7.080803317907279348e-01
6.992379916287226882e-01
6.920468050020909256e-01
6.821553429442206440e-01
6.741285286243122732e-01
6.662322478179174556e-01
6.550281628882603790e-01
6.492957536475971736e-01
6.417059190882692388e-01
6.323425491011976929e-01
6.308699300109632535e-01
6.164140932773870540e-01
6.071142563019278349e-01
5.991909552989272969e-01
5.905190305916552251e-01
5.836441035471476857e-01
5.773310372274831348e-01
5.704796861474332736e-01
5.600172752370271567e-01
5.524137633039467588e-01
5.464464281058142303e-01
5.386941663495492527e-01
5.308313236294168735e-01
5.268933244288530604e-01
5.181292841155940021e-01
5.171184641985897557e-01
5.107369461058169913e-01
5.041405225153723357e-01
5.034598580048861294e-01
4.930782364758307112e-01
4.915110434291623531e-01
4.813658283222119194e-01
4.752799176830046490e-01
4.712774140234660125e-01
4.633734212323606938e-01
4.585701608069132074e-01
4.522837292246547070e-01
4.496903666823104939e-01
4.429372714799139632e-01
4.381888205223984922e-01
4.348270446828710334e-01
4.304261489766533222e-01
4.252204774136055798e-01
4.201828498813296453e-01
4.145771062832526721e-01
4.105437410276050469e-01
4.083081090580154560e-01
4.067968834328445915e-01
4.003258509425389744e-01
3.957004366107427784e-01
3.920277721592303477e-01
3.867180949829920333e-01
3.826266588399606094e-01
3.849141769161241178e-01
3.747590229854935173e-01
3.739918084516372088e-01
3.695267285889768383e-01
3.653932869828154795e-01
3.618176456153562870e-01
3.644337999574524534e-01
3.568527936797664668e-01
3.544185505476530884e-01
3.512340523020451855e-01
3.505260649320117161e-01
3.446013919524245628e-01
3.428299753246894510e-01
3.405027524731252253e-01
3.388716554681651671e-01
3.358425386764363751e-01
3.320528985108898712e-01
3.288803362010854214e-01
3.293643567907661440e-01
3.265202687646577284e-01
3.242392551618910601e-01
3.196821915134193670e-01
3.193921465135708959e-01
3.181261546655945183e-01
3.131133648595275654e-01
3.091922534795952804e-01
3.103229221479931743e-01
3.055974031613243325e-01
3.033215344819582548e-01
3.046590150137526432e-01
3.019548300896877646e-01
2.957322313300534966e-01
2.985587648220188739e-01
2.949922957518620881e-01
2.921305466443570586e-01
2.925941847083974867e-01
2.860217266356490651e-01
2.895210506065349354e-01
2.829490729211118216e-01
2.841360631404489800e-01
2.855040651220038805e-01
2.781803611892634809e-01
2.748258357758745496e-01
2.781692235656396672e-01
2.747531292142234571e-01
2.687831303107289793e-01
2.704012138765597428e-01
2.688292931469494773e-01
2.695464246459414737e-01
2.662306770299942560e-01
2.640100357376787277e-01
2.622120919828237473e-01
2.590608881247924433e-01
2.586076648270031475e-01
2.657341298198639401e-01
2.571987585706800306e-01
2.574411304402173806e-01
2.570898287628867740e-01
2.516043144081772653e-01
2.498664535996809599e-01
2.519326985887131998e-01
2.472191757159427627e-01
2.431898150645853962e-01
2.454336507247658894e-01
2.418888342154245918e-01
2.394532553512069284e-01
2.425023401672657120e-01
2.422917475517271657e-01
2.415820118747608880e-01
2.352171810792056117e-01
2.415738810439657658e-01
2.344410494661418876e-01
2.343221815731788282e-01
2.360562840103521132e-01
2.337477293330834094e-01
2.311364674696690658e-01
2.270628335461064573e-01
2.310271347490601701e-01
2.298641237308566010e-01
2.284457189029864832e-01
2.292673257748322480e-01
2.214270376150711817e-01
2.231362424622858331e-01
2.294444280600961006e-01
2.189050112088174460e-01
2.219004193619283916e-01
2.153349474950312092e-01
2.212931020216673816e-01
2.165679278206329716e-01
2.129138302521680903e-01
2.109877543487211349e-01
2.201987216390558499e-01
2.145252182928101825e-01
2.146671472590494512e-01
2.098608297039366299e-01
2.105689288419800020e-01
2.149440684973844273e-01
2.147178170821798515e-01
2.048278122602606444e-01
2.117310553114536698e-01
2.022990573665408576e-01
2.022557471464406786e-01
2.000178639132167979e-01
1.980691817077601946e-01
2.066912134590698780e-01
2.036992141813382673e-01
1.975215096258987058e-01
1.997969806404510940e-01
2.006484666927018101e-01
1.934708338820223250e-01
1.974918657058989668e-01
1.915447038801940949e-01
1.970801561179230665e-01
1.914484627537522687e-01
1.948961401648212355e-01
1.909987414549945139e-01
1.933427986476878857e-01
1.902831164471602277e-01
2.024472291513547684e-01
1.921109714269693403e-01
1.877387445493643447e-01
1.957301686827941922e-01
1.938557542543012380e-01
1.823987668391270633e-01
1.936563343219629141e-01
2.052898637341718235e-01
1.830223471258420609e-01
1.785419691314872603e-01
1.830006904332611983e-01
1.792103172769612118e-01
1.754687403316939620e-01
1.806404395579425115e-01
1.795757275785233587e-01
1.886777844828991801e-01
1.859161674521364604e-01
1.782043721388588964e-01
1.784646187676778573e-01
1.806750308278249340e-01
1.867276009193530040e-01
1.754661176829329650e-01
1.797859707939451213e-01
1.720247947449276005e-01
1.734861790412529359e-01
1.693770636985959255e-01
1.739570833394191163e-01
1.923298741007009871e-01
1.762913612840499022e-01
1.758167161092406006e-01
1.740112047259056438e-01
1.703012813618746402e-01
1.704360828438848396e-01
1.768265568515022534e-01
1.716187672415632748e-01
1.871204968380425215e-01
1.899675433692871729e-01
1.785578464089152828e-01
1.692649014490790194e-01
1.764569436188739571e-01
1.732462875728925378e-01
1.750223727763185744e-01
1.680308835900066744e-01
1.606822116939940481e-01
1.718197269606887290e-01
1.706781698765378608e-01
1.750316315422031088e-01
1.961436339347198132e-01
1.585911024129620650e-01
1.583634082800325638e-01
1.584941580567653940e-01
1.826530338536087317e-01
1.634952527585603888e-01
1.586185127472041212e-01
1.785347510166524487e-01
1.713196886946266317e-01
1.686227922478895636e-01
1.637056202461375787e-01
1.669481541251001955e-01
1.732714943710350897e-01
1.563831660180321215e-01
1.542092131395179921e-01
1.650157926610889558e-01
1.647137187306308981e-01
1.768105027305580668e-01
1.613637882093938158e-01
1.608822883058839137e-01
1.655678319771979601e-01
1.570487136927812000e-01
1.675953712618359903e-01
1.539928038445196601e-01
1.783162298422080461e-01
1.718466222712183578e-01
1.523990053030303549e-01
1.569645912409016464e-01
1.489327559409892310e-01
1.564823635335707008e-01
1.577407122315030719e-01
1.569204389624950791e-01
1.535669866200277400e-01
1.535274165303074645e-01
1.626453384306482675e-01
1.688646915461116393e-01
1.510095258729489409e-01
1.594652519333649154e-01
1.545098166096731673e-01
1.627453534562744997e-01
1.605153712670940036e-01
1.526808307849897017e-01
1.574505939780851682e-01
1.516275229019988513e-01
1.514100347635481680e-01
1.485106258229751675e-01
1.505995975960632560e-01
1.549638661613957080e-01
1.478233097193889511e-01
1.606489404286363665e-01
1.601594129292412683e-01
1.391124706209869721e-01
1.531945470920402230e-01
1.625136305419213889e-01
1.435211868037079841e-01
1.484303865969893998e-01
1.614586229790019312e-01
1.577793507380843563e-01
1.567652823138455109e-01
1.416893639774247371e-01
1.494763652106824159e-01
1.527768084116546410e-01
1.735674152332097875e-01
1.390374941089449201e-01
1.462408795578977461e-01
1.434993646409706003e-01
1.524609713719244641e-01
1.642826975560759406e-01
1.527653300027876082e-01
1.477332889043365960e-01
1.390759679155134931e-01
1.390465912216825861e-01
1.467586999192819763e-01
1.474236941849933480e-01
1.525922326087413849e-01
1.403492355650980128e-01
1.554945242353766854e-01
1.426764380775975838e-01
1.439210678453145542e-01
1.363949038139869729e-01
1.370407537984464075e-01
1.496269642275820932e-01
1.469179273873407188e-01
1.623944146811686917e-01
1.556332573009607256e-01
1.308530097429941030e-01
1.467340858150171512e-01
1.650910031785103871e-01
1.320850232681534397e-01
1.498315859063719946e-01
1.483046359576466744e-01
1.380061739162345424e-01
1.609469059442582839e-01
1.544967268273270689e-01
1.503088343773918145e-01
1.578364524378734479e-01
1.410629523884590897e-01
1.409760377575917101e-01
1.637600847554277483e-01
1.442025315709221656e-01
1.445265516229609915e-01
1.581961045822335432e-01
1.484762379777878893e-01
1.483409589342531698e-01
1.470022177702786925e-01
1.468461292866357348e-01
1.519395143147596883e-01
1.475592498022672283e-01
1.378659727793565271e-01
1.410474822565009057e-01
1.449716064237008273e-01
1.337260025408252562e-01
1.369248319239606548e-01
1.703033038840262303e-01
1.304035200529515270e-01
1.449571285972159895e-01
1.677880164329152990e-01
1.378113405150677429e-01
1.339982658508449553e-01
1.509752197981795718e-01
1.363958969733935767e-01
1.493383380988338449e-01
1.448071500971492842e-01
1.583831423869420940e-01
1.395564847574115586e-01
1.369688581258037274e-01
1.669905144697009791e-01
1.432954455158850227e-01
1.291358125731637274e-01
1.392378525422848234e-01
1.436995801433401387e-01
1.554707684093703524e-01
1.292911692850797489e-01
1.260879166280647057e-01
1.409339502557469537e-01
1.194400182770540830e-01
1.469942058087285175e-01
1.280055494888114043e-01
1.475559147296849893e-01
1.392059852284394661e-01
1.369794871798256930e-01
1.377385370454741742e-01
1.403562739764365186e-01
1.337033310340951520e-01
1.604148306525422507e-01
1.353776957074204479e-01
1.236227040390174836e-01
1.512971369639620201e-01
1.446944896636427891e-01
1.314209674986852039e-01
1.322961442964289414e-01
1.287405186590797335e-01
1.397728121387725453e-01
1.525195175021434035e-01
1.214375606537739238e-01
1.227650888317597944e-01
1.372528431171594898e-01
1.383422016289954093e-01
1.197585278974225703e-01
1.395579312838166053e-01
1.433936094075121126e-01
1.374034870922551110e-01
1.253208958488208624e-01
1.369522014978359625e-01
1.322591958872587348e-01
1.616039066830299020e-01
1.102156305304976547e-01
1.538266923108425888e-01
1.433583543093588097e-01
1.387163540838175779e-01
1.418410595376960737e-01
1.166530684543211210e-01
1.300553062138623817e-01
1.102211085794183448e-01
1.245626955804737257e-01
1.506416619636083420e-01
1.293091108792046307e-01
1.535888752729958895e-01
1.395231585312132760e-01
1.159022144549701760e-01
1.479731443064171426e-01
1.616384932593339652e-01
1.303865006226496426e-01
1.268876551440697442e-01
1.238175106139086379e-01
1.275263211804860408e-01
1.402352634843489210e-01
1.337153108209074293e-01
1.484739480029752257e-01
1.474908890337867373e-01
1.478807515506709858e-01
1.628378840816198658e-01
1.225006356051068501e-01
1.237227969775209213e-01
1.572254308570795178e-01
1.513041283747345311e-01
1.152845061476600874e-01
1.314076774238816803e-01
1.102930591248960784e-01
1.188673167799015051e-01
1.714383764956276812e-01
1.397771945383323444e-01
1.722811854702992196e-01
1.339709549796984367e-01
1.288141322733157013e-01
1.319746222409191039e-01
1.196690607231440939e-01
1.395375306594784093e-01
1.190433662291512096e-01
1.224202852078613846e-01
1.467411114114778592e-01
1.612440647118425774e-01
1.358914279748202614e-01
1.393330039369444495e-01
1.222249406443826070e-01
1.357499194452221336e-01
1.176572133942416221e-01
1.566368384435128935e-01
1.196368850436680120e-01
1.378094973748625884e-01
1.385118578319717575e-01
1.334733432568640521e-01
1.201041219990604814e-01
1.193009729607605596e-01
1.305566501674191027e-01
1.100170439519776167e-01
1.144765442023116531e-01
1.325435492642603463e-01
1.187542499687836151e-01
1.208343408475252706e-01
9.883271857773968938e-02
1.301107000084246179e-01
1.033303756140448032e-01
1.162497523446330838e-01
1.287732691708726729e-01
1.437658045484002389e-01
1.150420336493532952e-01
1.443850898195867538e-01
1.352075934717009431e-01
1.600769765837616876e-01
1.139104848131808484e-01
1.478853987879235887e-01
1.297322767506483288e-01
1.280059662450743485e-01
1.344415631897318830e-01
1.152780329005776982e-01
1.160501466522356195e-01
1.373295951799454184e-01
1.223275393132533112e-01
1.242762738227873309e-01
1.288141741820273967e-01
1.148709428706562174e-01
1.490059796423757743e-01
1.140163222980979801e-01
1.120233644906961229e-01
1.042619942233164176e-01
1.256437555610108447e-01
1.172545178269420590e-01
1.489144059257093422e-01
1.221359922773667256e-01
1.301238238782271295e-01
1.348749982611474052e-01
1.267595587182078765e-01
1.402385897920506996e-01
1.254870605342932322e-01
1.163064913532517036e-01
1.305102540502948716e-01
1.451288305614837904e-01
1.252418158352166799e-01
1.319191001780418981e-01
1.320346089671746437e-01
1.125070846916010336e-01
1.175904497975935048e-01
1.415455622862051288e-01
1.473887528353607090e-01
1.132578577105975010e-01
1.431118928366168219e-01
1.245548263124985344e-01
1.385848144346190913e-01
1.148036055063781091e-01
1.312237590956936983e-01
1.427482968104191174e-01
1.621118344817256973e-01
1.220189118650253091e-01
1.105366106789468228e-01
1.480274694010400849e-01
1.312844636494149564e-01
1.393828260854103052e-01
1.113578205841492530e-01
1.417619935018142319e-01
1.252533810356534494e-01
1.237902396068847333e-01
1.463683419606407743e-01
1.115006971956970377e-01
1.500601971959537317e-01
1.567165949226094479e-01
1.518078451710447030e-01
1.206419464998645524e-01
1.116540444943131954e-01
1.265304227509007340e-01
1.164301936864214210e-01
1.339800434506813465e-01
1.439602788920820442e-01
1.139716724796014935e-01
1.311565625696893278e-01
1.447658182946737204e-01
1.094631719609671511e-01
1.039375750978890484e-01
1.034861560869426711e-01
1.411576584261196310e-01
1.369072909937898153e-01
1.140281093934560896e-01
1.243406745362454768e-01
1.110852026349418847e-01
1.256697492419480700e-01
1.474275262460817693e-01
1.519545426498200014e-01
1.359907148373017960e-01
1.345142220844407488e-01
1.243476631419611067e-01
1.259564193967206425e-01
1.256972561695182677e-01
1.220573040662763786e-01
1.213780014799801799e-01
9.551179644692013582e-02
1.289983401350608405e-01
1.206492201209969084e-01
1.266101161480249759e-01
1.279167811778979813e-01
1.320339974512776959e-01
1.334415337699620951e-01
1.237842076542416681e-01
1.303333594505391990e-01
1.172687273894062188e-01
1.466477747507780871e-01
1.047940012457896919e-01
1.120955921003520817e-01
1.397551776074195118e-01
1.268659853924748726e-01
1.266346815519877600e-01
1.554684944811579317e-01
1.392340291583160083e-01
1.385296269299673422e-01
1.210813687666141975e-01
1.037817863643716032e-01
1.500480288480983415e-01
9.755736968873536530e-02
1.565135992612407823e-01
1.335408931514079911e-01
1.396806089989467425e-01
1.376272660590646402e-01
1.424027274279099642e-01
1.428761293719018333e-01
1.188918893214216954e-01
1.579312579644676917e-01
1.207588068050527430e-01
1.185103396584910179e-01
1.112384828482324284e-01
1.203950983255583224e-01
1.123910954916093469e-01
1.262463914531256060e-01
1.237538489133344216e-01
1.084598192120533877e-01
1.091364460504869183e-01
1.283305302575231399e-01
1.432979961310909267e-01
1.301787421763008212e-01
1.094825446184129331e-01
1.314832000115274124e-01
1.237574459452915748e-01
1.404250527339298837e-01
1.304967494826118901e-01
1.426858603941063008e-01
1.306328843695493680e-01
8.989221375530145886e-02
1.395724298958234133e-01
1.740822417834415048e-01
1.234509919099982672e-01
1.058520932071595338e-01
1.621535130489816789e-01
1.230030523864253378e-01
1.318494566203069485e-01
1.448903856666698409e-01
1.450718411126693252e-01
1.348786374262258003e-01
1.029868400660428340e-01
1.104447996781849212e-01
1.353292013274714489e-01
1.315526291274084492e-01
1.291507279323042823e-01
1.428271518942625662e-01
1.080402187453462781e-01
9.427842176991557688e-02
1.644388199111398441e-01
1.479452819480431836e-01
1.141530742976855639e-01
1.284010155399195885e-01
1.074787774935773710e-01
1.242811639862989592e-01
1.122059772438011860e-01
1.394079833698125270e-01
9.940072232501165339e-02
1.405052398561595361e-01
1.200424541603662687e-01
1.018536351118404237e-01
1.300944310618114552e-01
1.261585117462789285e-01
9.993193524286350660e-02
1.249453925504308283e-01
1.393651452752664999e-01
1.054440475353944917e-01
1.520130044310617767e-01
1.015263626095611743e-01
1.122158473535214834e-01
9.982476940735392212e-02
1.378173238530540912e-01
1.144021535454157190e-01
1.433385407657200294e-01
1.281857982833713439e-01
1.065631598166858623e-01
1.366797400401235096e-01
1.722005711293409513e-01
1.231030522443789105e-01
1.238188376081317960e-01
1.266796889642973489e-01
1.213788007471937186e-01
1.237013255666158384e-01
1.516429827704713074e-01
1.080715416648612981e-01
1.243878774534483977e-01
1.112179326650680478e-01
1.159585706705195396e-01
1.353564288042255204e-01
1.614721492269659830e-01
1.249857732691190410e-01
9.942879713417056287e-02
1.187100418965762877e-01
1.360853224153635299e-01
1.207624141989102062e-01
1.301514724335487150e-01
1.191157531235807199e-01
1.230099059383349125e-01
1.194774577867506182e-01
1.075989687164011221e-01
1.212420344223359703e-01
1.157127842234606241e-01
1.310874794188403025e-01
1.092786778335228803e-01
1.180090224146655570e-01
1.343272622431387897e-01
8.981041849056073390e-02
1.094783615731495519e-01
1.146991205783392392e-01
1.396750701229742819e-01
1.522387010802153662e-01
1.441329628509017691e-01
1.135024412950352557e-01
1.155893256984029671e-01
1.254699321403601464e-01
1.099378583646820479e-01
1.123561091017635100e-01
1.170230875306419449e-01
1.161018474589520788e-01
1.527889100393657051e-01
1.394217401656858146e-01
1.073247306712314664e-01
1.365319890876490194e-01
1.344609627001348839e-01
1.195797796129231538e-01
1.076438917948918106e-01
1.295824780457035252e-01
1.136603385940767597e-01
1.282366714352584092e-01
1.171260797644842061e-01
1.301242508320615276e-01
1.354059143295039680e-01
1.294990561991744560e-01
1.458749318466410483e-01
1.634325060859115608e-01
1.343726362633579918e-01
1.286248124719854002e-01
1.287509527895981110e-01
1.034079342619765168e-01
1.174710863458577476e-01
8.426536489322239420e-02
1.375236281499018220e-01
1.081691538411326259e-01
9.759808641433624643e-02
1.360938505869739856e-01
1.405559927995742864e-01
1.413392831725005516e-01
1.176851276050457779e-01
1.600646240330491354e-01
1.529748066722753375e-01
1.278158580889163509e-01
1.308520495887304513e-01
1.253258372323794445e-01
1.439983927845699396e-01
1.408330951329942182e-01
1.259029038929051214e-01
1.171934468709067007e-01
1.243952534504817048e-01
1.239204984215566130e-01
1.487358530403556089e-01
1.196988851679637311e-01
1.319304706077944478e-01
1.277249513158480454e-01
1.169349282182126498e-01
1.233090456506214239e-01
1.200074156947881637e-01
1.134812013082795168e-01
1.541720976718807812e-01
1.542636872611466148e-01
1.196522917781923101e-01
1.063522183621907063e-01
1.497083698283156461e-01
1.250212634231112341e-01
1.320516006745693083e-01
1.039718621419647715e-01
1.164171603612481481e-01
1.500859433859144387e-01
1.365897614494293866e-01
1.247003130406789256e-01
8.461937525453200326e-02
1.215735817712488426e-01
1.424238213652915530e-01
1.293401243790678334e-01
1.082932470411337306e-01
1.289323986406355482e-01
1.094941590700075768e-01
1.298952755203070242e-01
1.556491457539542489e-01
1.002028122802904320e-01
1.245771010680303964e-01
1.209453517882674994e-01
1.326669620136840255e-01
1.037539411485707413e-01
1.153405006254800413e-01
1.134851289283618780e-01
1.110504728600140711e-01
1.505937012093279959e-01
1.143673242018695413e-01
1.265772730848965522e-01
9.763159938230864254e-02
1.062686850904108748e-01
1.618411319017428740e-01
1.122110199252159407e-01
1.118434468914791535e-01
1.731491523435065016e-01
9.973223603972360130e-02
1.230430741479504181e-01
1.349504313503699093e-01
1.309190503782498016e-01
1.141679844843899033e-01
1.388746258393216138e-01
1.237489241381954375e-01
1.280934400491698377e-01
1.244663080857179027e-01
8.925010217710907523e-02
1.466414556255249968e-01
1.132858735925236227e-01
1.402178295627230231e-01
1.469133227761826588e-01
1.242564448291661877e-01
1.370719437197280011e-01
8.874281263511049622e-02
1.543294380723398418e-01
1.247742483772145555e-01
1.067372890524357493e-01
1.050642136372738622e-01
1.443593103990115922e-01
9.417452196334752390e-02
8.697248837525496656e-02
1.298310965092897840e-01
1.425007084289960924e-01
1.524744517066582150e-01
1.129460059474497041e-01
1.171829667301776678e-01
1.438113718545566688e-01
1.161236224196819239e-01
1.279506603391466768e-01
1.206673436725470283e-01
9.740767764960678310e-02
1.053351618206898876e-01
1.470529708478131026e-01
1.126547561373628659e-01
1.074388372867006169e-01
1.091254659047597164e-01
1.098601306500403829e-01
1.211583736640224063e-01
1.555068726434515880e-01
1.295176110408597092e-01
1.020189938672667884e-01
1.409576347886212222e-01
1.263699137104388193e-01
1.088886769576107305e-01
1.051754066930654929e-01
1.171458935714761035e-01
1.286263673879455005e-01
1.306812578583472217e-01
1.212877023454206199e-01
1.147167430099315932e-01
1.232273106908965271e-01
1.493247251645982432e-01
1.060285605529117242e-01
1.264135693542793593e-01
1.399777365761784853e-01
1.138601547354808619e-01
9.096161847588397908e-02
1.301499664104895648e-01
1.163617693425534477e-01
8.936469842894907700e-02
1.525113535553620503e-01
1.433176769412118079e-01
1.474284163103926903e-01
1.335180621720359895e-01
1.250236176735018134e-01
1.076443538051435611e-01
8.787498917899137785e-02
1.296735779905286434e-01
1.309670404075431449e-01
1.163418370896359688e-01
1.198689643354127615e-01
1.358926128601681271e-01
1.127850270206513655e-01
9.372139563251709327e-02
1.014710218005425296e-01
1.334359004170055929e-01
1.423046983132194576e-01
1.235084066581380452e-01
9.155507596218963318e-02
1.390978691404442802e-01
1.311008310555371315e-01
9.515948975082513805e-02
1.384123993683840093e-01
1.104201579152396390e-01
1.249407495879868019e-01
1.242439089560476578e-01
1.134017135457922876e-01
1.338678265322544858e-01
1.563887322400211444e-01
1.106829295701908383e-01
1.173511232303030699e-01
9.799622090951835840e-02
1.274629657670715566e-01
9.212062570648736626e-02
1.179869477987651877e-01
1.195971147617527763e-01
1.094536219718637987e-01
9.659054304972401750e-02
1.418657514452127677e-01
1.216109874666427976e-01
1.277729952316823403e-01
1.041932306205228947e-01
1.241262030127604638e-01
1.416066007089583634e-01
1.732571174284500137e-01
1.204579790946996576e-01
1.412344711847262069e-01
1.411111259274186180e-01
9.411166493957054402e-02
1.294765361925643565e-01
1.335744780262633491e-01
1.160656694676695938e-01
1.361831943164247272e-01
1.465275946900456427e-01
1.124033511222001791e-01
1.176557083760521871e-01
1.189059133369562427e-01
1.164011941507398229e-01
1.275209669563434622e-01
1.144920390686665068e-01
1.124651253673494000e-01
9.628903219394555069e-02
1.033088708051363297e-01
1.312025931103611154e-01
1.416974484300772275e-01
1.043411138768094854e-01
1.433945455222233323e-01
1.004889210128194627e-01
1.414770332258868668e-01
1.401521067202963766e-01
1.522517722247907490e-01
1.106393910470614417e-01
1.201305767053095219e-01
1.225716027163852723e-01
1.278933602056544772e-01
1.267862367737223050e-01
1.317021100042616022e-01
1.311951239281978487e-01
1.495273964223389485e-01
1.244274729363894216e-01
1.415359787757649868e-01
1.519087389526966869e-01
1.227296194247363970e-01
1.110197311180773361e-01
1.207901242863469171e-01
1.157224764694208263e-01
1.263659725890611818e-01
1.420433025675945371e-01
1.334388099109090065e-01
1.090646915769687419e-01
1.040089413789540979e-01
1.070886974114948348e-01
9.574570578952286415e-02
1.083343730157560469e-01
1.125725705248643432e-01
1.156186288453882327e-01
