6.775415897369384766e+00
3.468243122100830078e+00
1.148488235473632812e+01
4.927984714508056641e+00
6.342518806457519531e+00
2.673554658889770508e+00
2.726111412048339844e+00
2.664013385772705078e+00
2.690438270568847656e+00
9.489948272705078125e+00
4.559809684753417969e+00
3.007401704788208008e+00
5.790397644042968750e+00
8.186765670776367188e+00
2.847615480422973633e+00
2.404650211334228516e+00
7.219210147857666016e+00
3.011239528656005859e+00
2.490922451019287109e+00
1.857143211364746094e+01
2.674650907516479492e+00
2.315084457397460938e+00
3.010530281066894531e+01
2.710078239440917969e+00
5.377057075500488281e+00
2.678043842315673828e+00
2.686585187911987305e+00
8.252058982849121094e+00
3.328955888748168945e+00
5.207178592681884766e+00
1.983385562896728516e+00
7.965820789337158203e+00
1.835101604461669922e+00
2.709539890289306641e+00
4.563323020935058594e+00
4.453359127044677734e+00
4.428163528442382812e+00
2.667410373687744141e+00
8.781088829040527344e+00
5.003687858581542969e+00
3.069945335388183594e+00
4.451111793518066406e+00
2.387580394744873047e+00
2.578818798065185547e+00
3.360927343368530273e+00
2.166728973388671875e+00
6.581273078918457031e+00
2.719807386398315430e+00
6.676239967346191406e+00
2.668675422668457031e+00
3.554958105087280273e+00
2.664310932159423828e+00
6.793663501739501953e+00
5.854848384857177734e+00
2.679682016372680664e+00
2.696198701858520508e+00
2.669665336608886719e+00
1.001145648956298828e+01
3.193501710891723633e+00
4.125450611114501953e+00
4.576743125915527344e+00
2.662710428237915039e+00
7.272768020629882812e+00
3.117938280105590820e+00
2.428703308105468750e+00
3.715041875839233398e+00
2.969206809997558594e+00
1.389172077178955078e+01
2.305457830429077148e+00
2.677392482757568359e+00
2.616246223449707031e+00
5.423296928405761719e+00
4.857127189636230469e+00
2.598428726196289062e+00
6.117073535919189453e+00
4.833969116210937500e+00
3.753530740737915039e+00
4.494078159332275391e+00
2.688656568527221680e+00
2.965130090713500977e+00
4.285309314727783203e+00
2.235292673110961914e+00
2.306079149246215820e+00
3.140735387802124023e+00
3.784382820129394531e+00
3.814641237258911133e+00
1.004467010498046875e+01
2.751865625381469727e+00
4.186621189117431641e+00
5.379309654235839844e+00
2.708693265914916992e+00
4.805445194244384766e+00
7.458966732025146484e+00
2.370262384414672852e+00
4.488791942596435547e+00
2.693525314331054688e+00
7.579364776611328125e+00
5.681944847106933594e+00
7.695526599884033203e+00
5.238377094268798828e+00
2.169200897216796875e+00
5.393316268920898438e+00
2.079384326934814453e+00
3.320953607559204102e+00
2.396374702453613281e+00
1.096116638183593750e+01
2.684326887130737305e+00
2.712902069091796875e+00
2.522563457489013672e+00
5.208017349243164062e+00
5.106434345245361328e+00
2.603706359863281250e+00
6.411802291870117188e+00
3.062656402587890625e+00
1.433160591125488281e+01
2.783173084259033203e+00
2.548968076705932617e+00
3.503232002258300781e+00
2.702345609664916992e+00
3.913000822067260742e+00
1.112045383453369141e+01
2.320816040039062500e+00
4.792288780212402344e+00
2.887586593627929688e+00
2.695775270462036133e+00
2.207654476165771484e+00
1.681175422668457031e+01
2.569358348846435547e+00
2.270930051803588867e+00
2.696989297866821289e+00
6.878636837005615234e+00
2.483326435089111328e+00
3.344816684722900391e+00
2.692099094390869141e+00
2.857970952987670898e+00
2.714168548583984375e+00
3.657987117767333984e+00
2.709141254425048828e+00
6.055922985076904297e+00
2.707887172698974609e+00
1.963024377822875977e+00
4.526456832885742188e+00
6.517105102539062500e+00
4.420504570007324219e+00
2.687112808227539062e+00
2.797617435455322266e+00
3.660101413726806641e+00
3.314184188842773438e+00
2.945582866668701172e+00
5.213056087493896484e+00
2.793071031570434570e+00
2.684662818908691406e+00
6.393693923950195312e+00
2.433414459228515625e+00
2.578697204589843750e+00
2.922311782836914062e+00
2.701886892318725586e+00
8.447237014770507812e+00
2.601284265518188477e+00
2.679751396179199219e+00
3.399296283721923828e+00
1.087846851348876953e+01
3.892328262329101562e+00
4.042618751525878906e+00
3.147572040557861328e+00
4.697505474090576172e+00
3.710176467895507812e+00
2.565751314163208008e+00
2.958039045333862305e+00
3.034774303436279297e+00
3.724544048309326172e+00
3.340955972671508789e+00
3.186942338943481445e+00
2.664935350418090820e+00
9.174839973449707031e+00
2.737404108047485352e+00
5.880751132965087891e+00
2.667259454727172852e+00
2.686377525329589844e+00
2.729147672653198242e+00
2.264924287796020508e+00
3.767775058746337891e+00
2.759601831436157227e+00
2.018456697463989258e+00
3.445534229278564453e+00
4.550285339355468750e+00
2.931010961532592773e+00
3.939593553543090820e+00
3.102494716644287109e+00
2.734975576400756836e+00
4.323111534118652344e+00
4.982913970947265625e+00
5.367662429809570312e+00
2.905835628509521484e+00
2.107634067535400391e+00
2.221000432968139648e+00
4.274056434631347656e+00
8.407250404357910156e+00
3.592424869537353516e+00
3.428901433944702148e+00
4.853621959686279297e+00
4.276503086090087891e+00
2.683193683624267578e+00
3.794429540634155273e+00
2.640986442565917969e+00
4.583484172821044922e+00
2.697822093963623047e+00
3.612519741058349609e+00
8.457497596740722656e+00
4.276602268218994141e+00
1.142347049713134766e+01
2.724887609481811523e+00
3.567362308502197266e+00
3.409204721450805664e+00
4.225957870483398438e+00
5.812574386596679688e+00
3.369560241699218750e+00
2.696898221969604492e+00
6.314424037933349609e+00
4.210514068603515625e+00
2.468341588973999023e+00
4.271368980407714844e+00
4.793487071990966797e+00
2.422552347183227539e+00
2.678708314895629883e+00
4.266755104064941406e+00
4.084543704986572266e+00
2.503955841064453125e+00
2.676695108413696289e+00
6.071781635284423828e+00
2.729559659957885742e+00
2.715303897857666016e+00
2.660878658294677734e+00
1.230722141265869141e+01
2.672524213790893555e+00
2.697736024856567383e+00
2.670953750610351562e+00
3.291930437088012695e+00
2.669598102569580078e+00
2.993555784225463867e+00
6.223181724548339844e+00
3.638579130172729492e+00
3.797296047210693359e+00
4.564072608947753906e+00
4.996048450469970703e+00
2.340999841690063477e+00
2.646723508834838867e+00
5.178761005401611328e+00
2.984190225601196289e+00
2.560972690582275391e+00
5.290452480316162109e+00
3.566203355789184570e+00
2.718269348144531250e+00
2.745290994644165039e+00
2.797650098800659180e+00
2.666048765182495117e+00
1.440891623497009277e+00
2.657548427581787109e+00
4.030850887298583984e+00
2.734218358993530273e+00
3.507665395736694336e+00
2.382376909255981445e+00
2.212451696395874023e+00
3.221205234527587891e+00
6.736532211303710938e+00
1.532099437713623047e+01
7.237964630126953125e+00
2.688433170318603516e+00
2.711715936660766602e+00
6.096332550048828125e+00
2.348652839660644531e+00
4.420128822326660156e+00
3.170828819274902344e+00
2.992807149887084961e+00
3.856719255447387695e+00
6.497883796691894531e+00
6.751469612121582031e+00
2.701745271682739258e+00
2.682684898376464844e+00
3.654043436050415039e+00
7.169446945190429688e+00
5.724353313446044922e+00
6.569558620452880859e+00
4.488591670989990234e+00
3.054008007049560547e+00
5.352079868316650391e+00
5.733091831207275391e+00
1.087402534484863281e+01
1.907379388809204102e+00
2.713227748870849609e+00
4.162870883941650391e+00
3.785760164260864258e+00
6.896228313446044922e+00
3.437356948852539062e+00
3.310266971588134766e+00
2.478387355804443359e+00
2.737747192382812500e+00
3.419060707092285156e+00
5.006974697113037109e+00
5.201456546783447266e+00
6.623985290527343750e+00
2.153477430343627930e+00
4.309157371520996094e+00
2.700422525405883789e+00
2.709580183029174805e+00
3.564382791519165039e+00
3.307956695556640625e+01
7.341994762420654297e+00
7.845705032348632812e+00
3.169637680053710938e+00
2.802781105041503906e+00
2.468847990036010742e+00
2.838531494140625000e+00
2.679562330245971680e+00
3.993685722351074219e+00
2.578409433364868164e+00
2.275753736495971680e+00
2.925875425338745117e+00
3.890349149703979492e+00
3.104338169097900391e+00
2.696846485137939453e+00
2.038482904434204102e+00
2.821623086929321289e+00
3.190247774124145508e+00
2.435612440109252930e+00
3.303923130035400391e+00
3.923459291458129883e+00
2.576966762542724609e+00
2.783260107040405273e+00
4.760976314544677734e+00
3.464562416076660156e+00
4.987005710601806641e+00
5.678114414215087891e+00
2.670360803604125977e+00
2.696094036102294922e+00
5.777531147003173828e+00
2.749194145202636719e+00
5.486270427703857422e+00
2.989073753356933594e+01
3.122672557830810547e+00
3.007870435714721680e+00
3.521415472030639648e+00
2.986596107482910156e+00
2.643373250961303711e+00
2.679397344589233398e+00
1.244600009918212891e+01
6.495323657989501953e+00
4.506627559661865234e+00
4.014011859893798828e+00
8.518688201904296875e+00
7.558869361877441406e+00
2.689780235290527344e+00
1.178302001953125000e+01
1.676626324653625488e+00
2.688857793807983398e+00
2.273139953613281250e+00
3.489424228668212891e+00
2.735818862915039062e+00
5.224465847015380859e+00
7.619935512542724609e+00
2.510740995407104492e+00
3.721025466918945312e+00
4.910261631011962891e+00
5.615851879119873047e+00
1.635886383056640625e+01
2.607239961624145508e+00
2.234278678894042969e+00
1.789949989318847656e+01
3.610167026519775391e+00
2.677826166152954102e+00
1.570123577117919922e+01
3.522876501083374023e+00
4.613155364990234375e+00
3.150247812271118164e+00
3.602584362030029297e+00
2.619656085968017578e+00
2.717546463012695312e+00
1.522559070587158203e+01
3.572736024856567383e+00
7.878755092620849609e+00
7.698046207427978516e+00
2.825980663299560547e+00
2.682841539382934570e+00
2.604472875595092773e+00
2.727763652801513672e+00
2.716156005859375000e+00
2.620540142059326172e+00
2.713743209838867188e+00
2.685768604278564453e+00
3.592270612716674805e+00
2.836477756500244141e+00
2.299546718597412109e+00
2.688144683837890625e+00
2.669462680816650391e+00
2.664250373840332031e+00
2.684007644653320312e+00
3.620049953460693359e+00
4.686882972717285156e+00
2.203498125076293945e+00
2.820535659790039062e+00
3.196609020233154297e+00
2.689918279647827148e+00
6.869776248931884766e+00
3.676311254501342773e+00
2.624001264572143555e+00
6.529059886932373047e+00
2.672969579696655273e+00
3.689592838287353516e+00
2.735825538635253906e+00
2.778142213821411133e+00
2.806531667709350586e+00
2.525915622711181641e+00
2.711278915405273438e+00
9.258339881896972656e+00
3.306466341018676758e+00
3.242722034454345703e+00
2.729942083358764648e+00
2.692646980285644531e+00
1.871910691261291504e+00
5.875181198120117188e+00
4.549824714660644531e+00
2.487220525741577148e+00
2.584308624267578125e+00
4.006088256835937500e+00
5.203752040863037109e+00
4.185728549957275391e+00
2.601758956909179688e+00
2.473768234252929688e+00
8.292908668518066406e+00
2.449656009674072266e+00
3.161219835281372070e+00
2.701956987380981445e+00
2.525008440017700195e+00
2.977206468582153320e+00
2.698655843734741211e+00
3.143725395202636719e+00
3.915158843994140625e+01
3.049762010574340820e+00
-3.515836477279663086e+00
3.805626869201660156e+00
1.803508281707763672e+00
4.173991680145263672e+00
3.599791049957275391e+00
2.678662776947021484e+00
3.159271955490112305e+00
7.178557395935058594e+00
3.878978729248046875e+00
3.741039037704467773e+00
2.888089179992675781e+00
2.954846143722534180e+00
3.325693845748901367e+00
3.050369739532470703e+00
2.684407711029052734e+00
4.187892913818359375e+00
4.831521034240722656e+00
3.806860923767089844e+00
5.409902572631835938e+00
3.022067070007324219e+00
4.754753112792968750e+00
6.781288146972656250e+00
1.632612609863281250e+01
5.149535655975341797e+00
2.671640634536743164e+00
3.401414394378662109e+00
2.543992757797241211e+00
2.748830318450927734e+00
4.281535148620605469e+00
4.170019626617431641e+00
3.393105506896972656e+00
3.422019720077514648e+00
6.337414741516113281e+00
4.239111423492431641e+00
4.325866222381591797e+00
4.711424827575683594e+00
2.637467861175537109e+00
4.060431480407714844e+00
4.437263965606689453e+00
2.572614431381225586e+00
2.724742650985717773e+00
7.318527698516845703e+00
3.510049581527709961e+00
3.655251264572143555e+00
1.706955909729003906e+00
2.687471628189086914e+00
1.691121459007263184e+00
3.088172435760498047e+00
8.848575592041015625e+00
8.955512046813964844e+00
2.561480283737182617e+00
2.306725502014160156e+00
5.756808757781982422e+00
4.713237285614013672e+00
1.154578876495361328e+01
3.257949113845825195e+00
6.834698677062988281e+00
3.585466861724853516e+00
2.478388071060180664e+00
3.135260820388793945e+00
2.337043285369873047e+00
9.813174247741699219e+00
3.557999610900878906e+00
1.007285881042480469e+01
1.080132579803466797e+01
2.698274135589599609e+00
6.519760131835937500e+00
9.084305763244628906e+00
3.874512910842895508e+00
5.950421810150146484e+00
4.331327438354492188e+00
2.624891519546508789e+00
1.856179594993591309e+00
6.066041469573974609e+00
6.711497306823730469e+00
1.398047924041748047e+01
3.900936365127563477e+00
2.695415973663330078e+00
1.159000110626220703e+01
1.091349506378173828e+01
4.138309001922607422e+00
2.706488132476806641e+00
2.769212007522583008e+00
3.641495466232299805e+00
5.227622985839843750e+00
3.204397916793823242e+00
2.774546623229980469e+00
3.471760272979736328e+00
5.854738235473632812e+00
2.715762138366699219e+00
2.095150947570800781e+01
1.922477340698242188e+01
8.023131370544433594e+00
2.687504768371582031e+00
2.374497175216674805e+00
3.981373310089111328e+00
3.127670764923095703e+00
2.769266843795776367e+00
2.702050447463989258e+00
2.442021131515502930e+00
2.573921442031860352e+00
3.186022758483886719e+00
4.492193222045898438e+00
2.405683517456054688e+00
2.691922426223754883e+00
4.829057216644287109e+00
5.892891407012939453e+00
5.739445209503173828e+00
2.696639060974121094e+00
1.040904235839843750e+01
6.961662769317626953e+00
6.903389453887939453e+00
2.705256938934326172e+00
3.852268695831298828e+00
7.050711154937744141e+00
5.097728729248046875e+00
2.701709985733032227e+00
2.005213260650634766e+00
5.187103271484375000e+00
7.304975509643554688e+00
2.813075542449951172e+00
2.699777841567993164e+00
2.306509971618652344e+00
9.198690414428710938e+00
3.212671041488647461e+00
2.737701892852783203e+00
6.168894767761230469e+00
1.633392333984375000e+01
4.824725151062011719e+00
3.362651824951171875e+00
8.357180595397949219e+00
3.150747537612915039e+00
2.705731391906738281e+00
3.096271276473999023e+00
5.381197929382324219e+00
2.592511892318725586e+00
2.775166988372802734e+00
2.698880910873413086e+00
2.786708593368530273e+00
1.513987064361572266e+01
2.706399440765380859e+00
2.699707269668579102e+00
5.039230823516845703e+00
3.283476352691650391e+00
4.041994571685791016e+00
4.293947696685791016e+00
2.682708263397216797e+00
2.736037254333496094e+00
1.389456748962402344e+01
2.718301534652709961e+00
2.501097917556762695e+00
6.581488609313964844e+00
2.691266775131225586e+00
2.976122617721557617e+00
4.741976261138916016e+00
2.832618236541748047e+00
3.503986358642578125e+00
4.282905578613281250e+00
2.568379640579223633e+00
2.693006277084350586e+00
3.016556739807128906e+00
2.689568996429443359e+00
1.000356101989746094e+01
3.149726629257202148e+00
8.134922027587890625e+00
2.690742492675781250e+00
4.407694339752197266e+00
3.000306844711303711e+00
2.712598562240600586e+00
3.706458330154418945e+00
2.789577245712280273e+00
2.939584732055664062e+00
3.500024080276489258e+00
5.675324916839599609e+00
2.856791734695434570e+00
7.968193054199218750e+00
2.738299131393432617e+00
2.691418886184692383e+00
3.362611532211303711e+00
2.682367086410522461e+00
1.039007282257080078e+01
3.050719738006591797e+00
3.227798223495483398e+00
2.669537067413330078e+00
2.969350576400756836e+00
3.640500068664550781e+00
2.511099815368652344e+00
6.512950420379638672e+00
4.318180084228515625e+00
1.761532974243164062e+01
2.710357189178466797e+00
2.749557018280029297e+00
7.518338680267333984e+00
1.214415669441223145e+00
2.668220996856689453e+00
2.719983816146850586e+00
1.800618410110473633e+00
3.153532028198242188e+00
4.258772850036621094e+00
2.293430328369140625e+00
4.254690647125244141e+00
2.985836744308471680e+00
3.346836328506469727e+00
3.129397392272949219e+00
1.750541877746582031e+01
2.696365118026733398e+00
2.733803033828735352e+00
2.347083663940429688e+01
2.342244863510131836e+00
1.597413182258605957e+00
9.706249237060546875e+00
2.708873987197875977e+00
2.677003145217895508e+00
2.917841196060180664e+00
5.310368537902832031e+00
1.094759082794189453e+01
2.698868989944458008e+00
2.705185651779174805e+00
3.882164001464843750e+00
5.291853427886962891e+00
4.390719413757324219e+00
2.708867311477661133e+00
9.409538269042968750e+00
5.867501735687255859e+00
1.872772336006164551e+00
2.707739114761352539e+00
1.274540519714355469e+01
2.680266618728637695e+00
2.676129102706909180e+00
3.653379201889038086e+00
5.253807067871093750e+00
5.955128192901611328e+00
3.639945030212402344e+00
2.860365152359008789e+00
2.512344837188720703e+00
3.812049388885498047e+00
2.934169769287109375e+00
2.222524404525756836e+00
4.718286991119384766e+00
3.755186080932617188e+00
3.160466432571411133e+00
5.015789508819580078e+00
3.335664749145507812e+00
2.708431482315063477e+00
7.662204742431640625e+00
1.400348067283630371e+00
4.207661628723144531e+00
2.650294303894042969e+00
4.498980522155761719e+00
2.703882932662963867e+00
2.700546979904174805e+00
3.407592058181762695e+00
2.741210222244262695e+00
3.398625850677490234e+00
2.672814846038818359e+00
3.603391170501708984e+00
2.654177188873291016e+00
9.133041381835937500e+00
2.915739774703979492e+00
3.751850128173828125e+00
2.576974391937255859e+00
1.455550861358642578e+01
3.631571531295776367e+00
2.719213008880615234e+00
3.004422187805175781e+00
3.450491666793823242e+00
6.357671737670898438e+00
3.058248519897460938e+01
1.048968124389648438e+01
3.358410358428955078e+00
2.141864299774169922e+00
3.389313697814941406e+00
4.733576297760009766e+00
1.431474971771240234e+01
6.512384891510009766e+00
2.254296302795410156e+01
2.310446262359619141e+00
5.296906471252441406e+00
3.163254261016845703e+00
2.993085861206054688e+00
2.715595960617065430e+00
2.467127561569213867e+00
2.681555509567260742e+00
3.426926136016845703e+00
3.503535509109497070e+00
3.452714681625366211e+00
2.683004379272460938e+00
2.694729566574096680e+00
4.450215339660644531e+00
3.310742616653442383e+00
2.741207361221313477e+00
2.693037986755371094e+00
2.804907560348510742e+00
5.909141063690185547e+00
2.708042621612548828e+00
6.869280815124511719e+00
4.896527767181396484e+00
2.631257057189941406e+00
2.085633850097656250e+01
8.231069564819335938e+00
2.682938098907470703e+00
3.309810876846313477e+00
2.096720218658447266e+00
4.543582439422607422e+00
2.676534175872802734e+00
3.021361589431762695e+00
2.712957143783569336e+00
5.269065856933593750e+00
2.866002321243286133e+00
3.161833047866821289e+00
7.799913883209228516e+00
6.457201480865478516e+00
2.716553211212158203e+00
2.896182775497436523e+00
3.578915357589721680e+00
3.562493085861206055e+00
4.524265766143798828e+00
3.743058204650878906e+00
9.231582641601562500e+00
3.164188385009765625e+00
5.035041809082031250e+00
2.039173841476440430e+00
3.081331253051757812e+00
3.413836479187011719e+00
2.568207502365112305e+00
8.955646514892578125e+00
2.264150381088256836e+00
1.814114809036254883e+00
2.248865127563476562e+00
6.770238399505615234e+00
2.701033115386962891e+00
3.275785684585571289e+00
2.705709457397460938e+00
3.455785274505615234e+00
5.658153057098388672e+00
2.231418609619140625e+00
2.677040576934814453e+00
2.673057556152343750e+00
3.701628446578979492e+00
5.755825042724609375e+00
2.685539007186889648e+00
3.367417812347412109e+00
5.426000595092773438e+00
8.693307876586914062e+00
2.657670736312866211e+00
2.921533346176147461e+00
1.158351135253906250e+01
2.457251071929931641e+00
2.341001033782958984e+00
2.714704751968383789e+00
2.796901464462280273e+00
2.918920755386352539e+00
2.686884164810180664e+00
7.051267147064208984e+00
2.976227521896362305e+00
3.130892515182495117e+00
2.234001159667968750e+00
2.947686672210693359e+00
3.881464242935180664e+00
2.675248146057128906e+00
2.944526672363281250e+00
2.716857194900512695e+00
4.296790122985839844e+00
2.249014377593994141e+00
8.646213531494140625e+00
2.719556808471679688e+00
2.790071010589599609e+00
3.338039398193359375e+00
6.105428695678710938e+00
4.450006961822509766e+00
2.895681858062744141e+00
1.547714519500732422e+01
4.477216243743896484e+00
4.702447891235351562e+00
1.381107997894287109e+01
2.504921674728393555e+00
2.869269609451293945e+00
2.664244890213012695e+00
2.415901184082031250e+00
3.709134101867675781e+00
6.471051692962646484e+00
2.689060449600219727e+00
2.887922048568725586e+00
2.683474540710449219e+00
2.728983640670776367e+00
2.904176950454711914e+00
3.863358974456787109e+00
1.538333702087402344e+01
5.045079231262207031e+00
2.217507362365722656e+00
2.427496671676635742e+00
4.950054168701171875e+00
3.080413341522216797e+00
4.436436176300048828e+00
2.409468650817871094e+00
2.680373191833496094e+00
3.802047967910766602e+00
2.705003023147583008e+00
2.284713506698608398e+00
3.377904891967773438e+00
1.715126037597656250e+01
3.260580062866210938e+00
2.003227233886718750e+00
2.834750652313232422e+00
4.757957458496093750e+00
5.039351463317871094e+00
4.572088718414306641e+00
1.057081222534179688e+01
3.111830234527587891e+00
3.226657390594482422e+00
3.275159358978271484e+00
2.685003519058227539e+00
3.293221712112426758e+00
2.681048631668090820e+00
4.689717292785644531e+00
3.267114162445068359e+00
4.711174488067626953e+00
2.677655458450317383e+00
3.432244300842285156e+00
2.677701473236083984e+00
4.015345096588134766e+00
4.301809787750244141e+00
2.631603240966796875e+00
3.902980566024780273e+00
1.343115997314453125e+01
2.669154882431030273e+00
3.603635787963867188e+00
1.360551452636718750e+01
2.988554954528808594e+00
6.354602336883544922e+00
2.240462303161621094e+00
6.487503051757812500e+00
1.551316082477569580e-01
3.956033706665039062e+00
2.493634939193725586e+00
5.278677463531494141e+00
5.773876190185546875e+00
7.771719455718994141e+00
1.049358558654785156e+01
3.203518152236938477e+00
3.161710023880004883e+00
5.128890991210937500e+00
2.530711889266967773e+00
2.679970264434814453e+00
2.682124376296997070e+00
2.956968307495117188e+00
3.123804569244384766e+00
2.102086782455444336e+00
2.738282203674316406e+00
1.133980464935302734e+01
5.496556282043457031e+00
2.657953500747680664e+00
3.056779384613037109e+00
4.465297222137451172e+00
4.015004634857177734e+00
2.932901859283447266e+00
1.339033031463623047e+01
2.406751394271850586e+00
4.323599338531494141e+00
3.875956058502197266e+00
2.741402626037597656e+00
2.349481582641601562e+00
5.493613719940185547e+00
2.704063653945922852e+00
2.993766069412231445e+00
2.668641090393066406e+00
3.514443397521972656e+00
6.765573501586914062e+00
7.577636241912841797e+00
5.267930030822753906e+00
3.613307714462280273e+00
5.103205204010009766e+00
2.701090335845947266e+00
2.654767036437988281e+00
4.019604682922363281e+00
1.483398532867431641e+01
2.697034358978271484e+00
6.606621742248535156e+00
1.128722381591796875e+01
2.731747388839721680e+00
4.098792076110839844e+00
3.094500541687011719e+00
2.702232599258422852e+00
2.691405296325683594e+00
2.685084342956542969e+00
3.256097316741943359e+00
7.091524600982666016e+00
2.044003725051879883e+00
3.466422653198242188e+01
6.285241603851318359e+00
1.879801511764526367e+00
5.719780921936035156e+00
2.719202041625976562e+00
2.796983480453491211e+00
2.759224891662597656e+00
6.248412609100341797e+00
2.474320411682128906e+00
4.028014659881591797e+00
3.489019393920898438e+00
2.510025024414062500e+00
4.536791324615478516e+00
3.450060367584228516e+00
1.107602596282958984e+01
2.142152786254882812e+00
2.697012662887573242e+00
2.679660797119140625e+00
5.363181591033935547e+00
1.126790809631347656e+01
7.468430519104003906e+00
4.560856342315673828e+00
3.316635131835937500e+00
2.701954364776611328e+00
2.686497211456298828e+00
2.718007326126098633e+00
1.183679771423339844e+01
4.999352931976318359e+00
2.678415298461914062e+00
1.285567283630371094e+01
1.685397505760192871e+00
5.019709110260009766e+00
2.383777856826782227e+00
2.409466266632080078e+00
1.852517485618591309e+00
3.301222085952758789e+00
2.678973436355590820e+00
3.933142423629760742e+00
4.191863059997558594e+00
4.713154315948486328e+00
5.641867160797119141e+00
2.142801761627197266e+00
2.038725852966308594e+00
5.246279239654541016e+00
2.693102836608886719e+00
2.984947443008422852e+00
3.178278446197509766e+00
6.303560733795166016e+00
8.826575279235839844e+00
2.413975954055786133e+00
2.838383913040161133e+00
2.516134738922119141e+00
4.503158092498779297e+00
2.696186304092407227e+00
2.103481674194335938e+01
2.930233001708984375e+00
2.677532672882080078e+00
1.573473811149597168e+00
2.474846124649047852e+00
2.907878637313842773e+00
3.696221351623535156e+00
2.687533617019653320e+00
2.119051218032836914e+00
8.614183425903320312e+00
2.676161289215087891e+00
8.919426918029785156e+00
4.912907123565673828e+00
2.712296485900878906e+00
2.685258626937866211e+00
2.717704534530639648e+00
2.606700420379638672e+00
2.689680576324462891e+00
3.124163866043090820e+00
7.366070270538330078e+00
2.048203468322753906e+01
8.340767860412597656e+00
2.687917232513427734e+00
3.173698425292968750e+00
2.713130235671997070e+00
3.921593427658081055e+00
2.660028457641601562e+00
2.708413124084472656e+00
3.114035844802856445e+00
5.779872417449951172e+00
2.668776750564575195e+00
2.711034774780273438e+00
2.387613773345947266e+00
4.728833675384521484e+00
1.415578746795654297e+01
3.672915697097778320e+00
2.706565618515014648e+00
2.671958446502685547e+00
2.699397563934326172e+00
4.031948089599609375e+00
9.825103759765625000e+00
3.143767118453979492e+00
3.123626708984375000e+00
2.750837087631225586e+00
5.834846496582031250e+00
3.323424339294433594e+00
3.130472421646118164e+00
2.669572353363037109e+00
2.692415237426757812e+00
4.764132976531982422e+00
2.622265815734863281e+00
3.364346981048583984e+00
2.507114648818969727e+00
1.455851173400878906e+01
2.693604469299316406e+00
1.287930774688720703e+01
7.276610374450683594e+00
8.343943595886230469e+00
1.456411552429199219e+01
4.015526771545410156e+00
2.658134460449218750e+00
2.787655115127563477e+00
2.131154537200927734e+00
1.901743769645690918e+00
1.868397951126098633e+00
4.959292888641357422e+00
3.332571506500244141e+00
3.993438005447387695e+00
3.967031478881835938e+00
2.270708799362182617e+00
2.690360069274902344e+00
2.679535388946533203e+00
2.641981840133666992e+00
2.691936969757080078e+00
4.839329242706298828e+00
1.994319081306457520e+00
1.186883449554443359e+01
2.663190841674804688e+00
5.703103065490722656e+00
2.676549196243286133e+00
6.435614109039306641e+00
3.533169031143188477e+00
2.743271827697753906e+00
3.782650947570800781e+00
5.803829193115234375e+00
6.567679882049560547e+00
3.832527637481689453e+00
3.366654634475708008e+00
3.078075647354125977e+00
9.020703315734863281e+00
2.688582897186279297e+00
2.567267179489135742e+00
2.716572523117065430e+00
7.802858829498291016e+00
3.716536760330200195e+00
4.405894756317138672e+00
2.718619823455810547e+00
5.209464550018310547e+00
2.658406257629394531e+00
2.696820735931396484e+00
2.770383119583129883e+00
7.102343559265136719e+00
4.253119468688964844e+00
3.725749969482421875e+00
2.540454864501953125e+00
1.205894565582275391e+01
6.385613441467285156e+00
2.700638771057128906e+00
3.227727174758911133e+00
7.519922733306884766e+00
3.121424674987792969e+00
2.405787706375122070e+00
5.248224258422851562e+00
3.572807073593139648e+00
3.946195363998413086e+00
4.694753646850585938e+00
1.121889877319335938e+01
2.679858922958374023e+00
2.585476398468017578e+00
3.667871236801147461e+00
7.812052726745605469e+00
8.552154541015625000e+00
1.418534660339355469e+01
2.615946054458618164e+00
2.716372489929199219e+00
3.121478652954101562e+01
4.735931396484375000e+00
2.692302703857421875e+00
4.001803398132324219e+00
2.689195394515991211e+00
6.072270393371582031e+00
3.501692295074462891e+00
9.732824325561523438e+00
8.400901794433593750e+00
5.064238071441650391e+00
2.582000017166137695e+00
5.789506435394287109e+00
6.054804801940917969e+00
2.136985063552856445e+00
2.736564874649047852e+00
2.710273504257202148e+00
2.476750850677490234e+00
3.358509540557861328e+00
2.958635568618774414e+00
3.144796609878540039e+00
2.216870069503784180e+00
2.718320608139038086e+00
2.707102060317993164e+00
5.318367481231689453e+00
4.134156703948974609e+00
3.639526605606079102e+00
3.200310230255126953e+00
7.621548175811767578e+00
1.791035413742065430e+00
2.711396932601928711e+00
1.937185049057006836e+00
3.312200069427490234e+00
1.746017575263977051e+00
3.740358352661132812e+00
2.701353311538696289e+00
3.443138837814331055e+00
2.677130222320556641e+00
3.364078521728515625e+00
2.662785768508911133e+00
7.003379821777343750e+00
3.630662679672241211e+00
5.147097110748291016e+00
2.364594936370849609e+00
2.692566156387329102e+00
2.693216323852539062e+00
3.311048269271850586e+00
3.210051059722900391e+00
3.915885448455810547e+00
2.058936119079589844e+00
3.538230657577514648e+00
2.679298639297485352e+00
4.581853866577148438e+00
1.250662231445312500e+01
2.676865100860595703e+00
5.325366973876953125e+00
3.307207107543945312e+00
2.713941335678100586e+00
5.614933490753173828e+00
1.411731362342834473e+00
3.296960115432739258e+00
3.861095905303955078e+00
3.328104257583618164e+00
2.663319349288940430e+00
3.175252437591552734e+00
2.634168624877929688e+00
3.336987257003784180e+00
2.977463960647583008e+00
3.494643449783325195e+00
1.150098609924316406e+01
2.722691059112548828e+00
5.743565559387207031e+00
5.721195697784423828e+00
2.743616104125976562e+00
2.362919092178344727e+00
3.877614974975585938e+00
4.576468944549560547e+00
2.703225612640380859e+00
2.451078605651855469e+01
2.241225481033325195e+00
3.801081895828247070e+00
5.850141525268554688e+00
2.033277750015258789e+00
4.497415065765380859e+00
2.713308334350585938e+00
2.697263479232788086e+00
1.247547054290771484e+01
2.716209411621093750e+00
2.706228971481323242e+00
3.124980449676513672e+00
2.751756906509399414e+00
2.666722059249877930e+00
7.483909606933593750e+00
3.097010374069213867e+00
2.707425117492675781e+00
6.748362064361572266e+00
9.454210281372070312e+00
2.582321405410766602e+00
3.477180719375610352e+00
2.677214622497558594e+00
2.860860347747802734e+00
2.679062366485595703e+00
3.224592447280883789e+00
6.576021194458007812e+00
5.251236438751220703e+00
2.656665802001953125e+00
3.901347398757934570e+00
4.157497406005859375e+00
2.613869905471801758e+00
2.118565320968627930e+00
1.145342063903808594e+01
4.081170082092285156e+00
2.622602462768554688e+00
2.683013916015625000e+00
2.192102193832397461e+00
1.444587898254394531e+01
2.696890592575073242e+00
7.115103244781494141e+00
2.697964668273925781e+00
3.989545106887817383e+00
3.004637956619262695e+00
2.671030998229980469e+00
3.778338670730590820e+00
6.301572799682617188e+00
4.514209270477294922e+00
5.497784137725830078e+00
4.209162235260009766e+00
2.433198451995849609e+00
4.218928337097167969e+00
8.218989372253417969e+00
2.618678331375122070e+00
5.855903148651123047e+00
2.541496753692626953e+00
4.633429527282714844e+00
2.735943317413330078e+00
8.736187934875488281e+00
2.537402391433715820e+00
2.687693595886230469e+00
6.680524826049804688e+00
2.836494445800781250e+00
8.323013305664062500e+00
3.531577348709106445e+00
1.098571968078613281e+01
4.470067501068115234e+00
3.863808393478393555e+00
2.956426382064819336e+00
3.356780052185058594e+00
6.076798439025878906e+00
3.198055744171142578e+00
2.682141304016113281e+00
3.064813613891601562e+00
4.400679111480712891e+00
8.169156074523925781e+00
1.356643581390380859e+01
1.118862915039062500e+01
3.203092336654663086e+00
2.329924345016479492e+00
6.929284572601318359e+00
3.194600343704223633e+00
4.598773002624511719e+00
4.197124004364013672e+00
4.546453952789306641e+00
2.696485519409179688e+00
2.703783988952636719e+00
1.940070867538452148e+00
3.838823556900024414e+00
2.701587200164794922e+00
2.723177671432495117e+00
4.146266460418701172e+00
2.683871030807495117e+00
2.668389320373535156e+00
3.990041732788085938e+00
1.362301063537597656e+01
1.109800148010253906e+01
4.503161907196044922e+00
2.905490159988403320e+00
4.790862083435058594e+00
4.720063209533691406e+00
4.447472572326660156e+00
1.190881824493408203e+01
2.685911178588867188e+00
5.337344169616699219e+00
4.810555934906005859e+00
2.530844211578369141e+00
3.854638099670410156e+00
1.312644386291503906e+01
5.736822605133056641e+00
5.442593097686767578e+00
2.388248205184936523e+00
5.897022724151611328e+00
2.700361251831054688e+00
1.041773414611816406e+01
1.015084362030029297e+01
5.930953979492187500e+00
2.696827888488769531e+00
3.141378879547119141e+00
2.177072048187255859e+00
6.376138687133789062e+00
2.494925498962402344e+00
4.215176582336425781e+00
2.592051267623901367e+00
2.834430932998657227e+00
3.648266315460205078e+00
6.076302528381347656e+00
2.624153614044189453e+00
2.232020616531372070e+00
2.347130060195922852e+00
2.756062507629394531e+00
5.383637428283691406e+00
2.673362255096435547e+00
2.687112808227539062e+00
3.864533662796020508e+00
3.468483209609985352e+00
7.907487392425537109e+00
2.318881988525390625e+00
2.699945211410522461e+00
2.691766023635864258e+00
6.975856781005859375e+00
2.892930984497070312e+00
2.434105873107910156e+00
2.680437088012695312e+00
2.790937900543212891e+00
6.286283969879150391e+00
2.830907583236694336e+00
4.016549110412597656e+00
1.039380168914794922e+01
3.880734443664550781e+00
5.925701141357421875e+00
2.706771135330200195e+00
2.670718669891357422e+00
6.570776939392089844e+00
2.701984882354736328e+00
6.626168251037597656e+00
2.717105627059936523e+00
2.751614570617675781e+00
2.687002897262573242e+00
2.695855855941772461e+00
5.146609783172607422e+00
3.135360717773437500e+00
4.732685089111328125e+00
3.445692777633666992e+00
1.568763256072998047e+01
3.749234437942504883e+00
1.714696884155273438e+01
2.682223558425903320e+00
7.926746368408203125e+00
8.324868202209472656e+00
3.452816009521484375e+00
6.415002346038818359e+00
2.687460422515869141e+00
3.002825736999511719e+00
8.889679908752441406e+00
3.316893339157104492e+00
8.243216514587402344e+00
7.397377490997314453e+00
3.276794195175170898e+00
2.715062856674194336e+00
6.494043350219726562e+00
9.164583206176757812e+00
2.653059482574462891e+00
2.739674091339111328e+00
3.949387788772583008e+00
4.847566604614257812e+00
6.080588340759277344e+00
3.872956752777099609e+00
4.788586139678955078e+00
2.367451429367065430e+00
2.649917602539062500e+00
2.720049381256103516e+00
6.797669887542724609e+00
9.286388397216796875e+00
7.525538921356201172e+00
2.554393529891967773e+00
2.699639558792114258e+00
2.687320232391357422e+00
2.710394382476806641e+00
3.071251869201660156e+00
3.436681270599365234e+00
2.672979593276977539e+00
4.158398628234863281e+00
1.063172245025634766e+01
2.659306526184082031e+00
5.598921775817871094e+00
5.131442070007324219e+00
3.528335332870483398e+00
2.544754266738891602e+00
5.045701503753662109e+00
5.509033679962158203e+00
5.830751895904541016e+00
9.301403045654296875e+00
2.705660343170166016e+00
4.588733673095703125e+00
3.059653282165527344e+00
4.530682086944580078e+00
3.498740196228027344e+00
4.621159553527832031e+00
2.787089824676513672e+00
8.646503448486328125e+00
2.707739591598510742e+00
4.914200782775878906e+00
4.476167201995849609e+00
3.875598669052124023e+00
3.783794403076171875e+00
3.060513973236083984e+00
2.636538267135620117e+00
2.680717706680297852e+00
3.414251804351806641e+00
4.865165233612060547e+00
2.638042926788330078e+00
2.879536628723144531e+00
2.872438669204711914e+00
5.868577957153320312e+00
6.869752883911132812e+00
2.635981440544128418e-01
6.302541732788085938e+00
1.118377971649169922e+01
4.640926361083984375e+00
3.357645511627197266e+00
4.595751762390136719e+00
4.759005546569824219e+00
2.689465761184692383e+00
4.612117290496826172e+00
2.668895483016967773e+00
2.707861900329589844e+00
4.776782035827636719e+00
2.901759386062622070e+00
2.770695209503173828e+00
2.839756965637207031e+01
6.955781936645507812e+00
2.598189592361450195e+00
2.691742658615112305e+00
4.941008090972900391e+00
2.978221178054809570e+00
3.702802181243896484e+00
8.920734405517578125e+00
4.916527271270751953e+00
2.110904693603515625e+00
2.364533662796020508e+00
2.669846296310424805e+00
3.068748474121093750e+00
8.145753860473632812e+00
2.821556329727172852e+00
7.248623847961425781e+00
2.715459823608398438e+00
2.604352474212646484e+00
2.728976964950561523e+00
3.701207160949707031e+00
2.600863218307495117e+00
4.446216106414794922e+00
8.121944427490234375e+00
5.865279197692871094e+00
7.712841033935546875e+00
2.682209491729736328e+00
4.523587703704833984e+00
2.482779741287231445e+00
8.403895378112792969e+00
4.349718093872070312e+00
2.727888822555541992e+00
2.760044813156127930e+00
3.681150674819946289e+00
2.741817474365234375e+00
1.013251304626464844e+01
9.204940795898437500e+00
2.534575700759887695e+00
2.026141881942749023e+00
2.718022584915161133e+00
4.364083290100097656e+00
3.936886787414550781e+00
4.775491714477539062e+00
5.022347450256347656e+00
2.721109390258789062e+00
6.033980369567871094e+00
3.022622346878051758e+00
2.692341089248657227e+00
8.740698814392089844e+00
4.589863300323486328e+00
3.506453037261962891e+00
1.321631717681884766e+01
2.996747732162475586e+00
2.675380229949951172e+00
3.718320369720458984e+00
2.702055215835571289e+00
6.119592189788818359e+00
3.263051271438598633e+00
2.443595647811889648e+00
2.431510925292968750e+00
6.516108512878417969e+00
9.170334815979003906e+00
2.798607349395751953e+00
5.101321220397949219e+00
2.477420091629028320e+00
2.524406909942626953e+00
2.535655975341796875e+00
1.136140918731689453e+01
5.113532543182373047e+00
2.686228036880493164e+00
6.703029632568359375e+00
3.460893392562866211e+00
4.115552425384521484e+00
4.502068519592285156e+00
2.684610128402709961e+00
3.086996555328369141e+00
7.735792636871337891e+00
4.151354789733886719e+00
2.696956396102905273e+00
2.462296009063720703e+00
8.704936981201171875e+00
2.555071592330932617e+00
2.156093597412109375e+00
1.302567958831787109e+00
3.625867366790771484e+00
3.338182449340820312e+00
2.750260591506958008e+00
2.700889825820922852e+00
3.030692815780639648e+00
8.167009353637695312e+00
7.114214897155761719e+00
3.611614704132080078e+00
4.952747821807861328e+00
7.374791622161865234e+00
4.481775283813476562e+00
2.668632268905639648e+00
2.673102378845214844e+00
2.690108060836791992e+00
2.640348672866821289e+00
3.601701498031616211e+00
8.020741462707519531e+00
7.405694484710693359e+00
5.481904983520507812e+00
3.099744558334350586e+00
1.595900774002075195e+00
2.667295217514038086e+00
4.799196720123291016e+00
3.539637565612792969e+00
3.870821475982666016e+00
3.191286325454711914e+00
2.098729848861694336e+00
2.689587831497192383e+00
8.930099487304687500e+00
7.493545532226562500e+00
2.117441892623901367e+00
4.134664058685302734e+00
8.023933410644531250e+00
3.538245677947998047e+00
3.217415332794189453e+00
5.320966720581054688e+00
2.688619613647460938e+00
3.831625461578369141e+00
7.180714130401611328e+00
3.269756317138671875e+00
3.171581745147705078e+00
4.052170753479003906e+00
2.722453594207763672e+00
1.570472431182861328e+01
2.684669017791748047e+00
3.686151266098022461e+00
2.698279857635498047e+00
5.738286972045898438e+00
4.062269687652587891e+00
5.863733291625976562e+00
2.377176284790039062e+00
4.330724716186523438e+00
2.715862751007080078e+00
2.663079023361206055e+00
3.259372472763061523e+00
3.888243675231933594e+00
1.576553821563720703e+00
4.057670116424560547e+00
3.448232650756835938e+00
2.522173643112182617e+00
3.258815288543701172e+00
4.859129428863525391e+00
2.387268543243408203e+00
2.862867355346679688e+00
1.030146980285644531e+01
3.181398630142211914e+00
4.138637542724609375e+00
4.865391254425048828e+00
2.940858840942382812e+00
2.714740514755249023e+00
3.321780204772949219e+00
2.730803489685058594e+00
2.151085615158081055e+00
1.500885581970214844e+01
2.356200218200683594e+00
3.418700695037841797e+00
6.890359878540039062e+00
1.932793378829956055e+00
4.793231010437011719e+00
1.408872413635253906e+01
2.677837371826171875e+00
6.560741901397705078e+00
4.810459613800048828e+00
5.328265190124511719e+00
3.211063623428344727e+00
2.673989057540893555e+00
2.731237649917602539e+00
3.751929998397827148e+00
2.676918268203735352e+00
6.120549678802490234e+00
3.734799623489379883e+00
3.531760692596435547e+00
1.100639438629150391e+01
7.264640808105468750e+00
5.615948200225830078e+00
5.159635543823242188e+00
2.699018239974975586e+00
2.921927690505981445e+00
3.707857370376586914e+00
1.036953926086425781e+00
2.695067167282104492e+00
3.434929847717285156e+00
5.177097797393798828e+00
2.598732471466064453e+00
3.627677202224731445e+00
4.439906120300292969e+00
2.474628448486328125e+00
8.223401069641113281e+00
5.450178146362304688e+00
2.496154308319091797e+00
4.963740825653076172e+00
3.518371820449829102e+00
2.687050819396972656e+00
2.208548784255981445e+00
3.414076328277587891e+00
6.333662986755371094e+00
2.471074819564819336e+00
2.192765235900878906e+00
2.673706054687500000e+00
2.083739757537841797e+00
5.159456729888916016e+00
2.467150926589965820e+00
2.553477287292480469e+00
5.482356548309326172e+00
2.839536428451538086e+00
2.696166992187500000e+00
2.628855228424072266e+00
1.002963447570800781e+01
3.830144166946411133e+00
2.253844976425170898e+00
4.536789894104003906e+00
1.002849006652832031e+01
3.995905399322509766e+00
7.672108650207519531e+00
2.680648088455200195e+00
2.576163053512573242e+00
7.740717411041259766e+00
2.667576789855957031e+00
2.675108909606933594e+00
2.689232826232910156e+00
2.685980558395385742e+00
5.756128787994384766e+00
4.320968627929687500e+00
7.924877643585205078e+00
4.958763599395751953e+00
1.542726039886474609e+01
3.033086061477661133e+00
2.915851593017578125e+00
1.115558242797851562e+01
3.588944435119628906e+00
1.285399055480957031e+01
8.844008445739746094e+00
6.227372646331787109e+00
3.025941610336303711e+00
2.684553623199462891e+00
2.969710588455200195e+00
4.167191982269287109e+00
3.673913478851318359e+00
2.991962194442749023e+00
3.087105512619018555e+00
3.278444290161132812e+00
5.546797752380371094e+00
3.453830003738403320e+00
2.682287693023681641e+00
1.138634109497070312e+01
2.692036151885986328e+00
4.621331691741943359e+00
2.893888235092163086e+00
5.666592597961425781e+00
2.682605504989624023e+00
3.126149415969848633e+00
2.691098451614379883e+00
4.439328193664550781e+00
5.587696552276611328e+00
2.686772823333740234e+00
4.275932788848876953e+00
4.290406703948974609e+00
2.701779127120971680e+00
5.906485557556152344e+00
6.345808506011962891e+00
2.688140869140625000e+00
2.456673860549926758e+00
1.053699874877929688e+01
7.012314796447753906e+00
4.732469558715820312e+00
6.769889831542968750e+00
2.494998455047607422e+00
1.963918328285217285e+00
3.836804151535034180e+00
2.743254423141479492e+00
1.751086950302124023e+00
4.902222156524658203e+00
2.693170785903930664e+00
2.657423973083496094e+00
4.875386714935302734e+00
4.550064563751220703e+00
2.721086502075195312e+00
4.009234905242919922e+00
2.561750888824462891e+00
7.071786403656005859e+00
3.263894557952880859e+00
2.688530683517456055e+00
5.805137157440185547e+00
3.811353206634521484e+00
5.671841144561767578e+00
2.786874771118164062e+00
6.119690418243408203e+00
8.918313980102539062e+00
6.800481319427490234e+00
2.688067197799682617e+00
4.680141448974609375e+00
2.998730182647705078e+00
2.804150581359863281e+00
3.201022624969482422e+00
1.566656494140625000e+01
2.424338340759277344e+01
2.987545490264892578e+00
1.075876045227050781e+01
2.690126180648803711e+00
1.127382755279541016e+01
3.648792266845703125e+00
3.813258647918701172e+00
4.859593391418457031e+00
2.663633108139038086e+00
2.612781047821044922e+00
3.207531452178955078e+00
4.551360130310058594e+00
4.016174793243408203e+00
1.321013450622558594e+01
2.718798875808715820e+00
2.511608600616455078e+00
2.333226680755615234e+00
8.786812782287597656e+00
2.835424423217773438e+00
1.649933433532714844e+01
3.334311485290527344e+00
7.782397747039794922e+00
2.677531003952026367e+00
1.464460468292236328e+01
3.773815870285034180e+00
7.169353485107421875e+00
2.677098512649536133e+00
2.502825260162353516e+00
9.516927719116210938e+00
4.661886215209960938e+00
2.663472414016723633e+00
1.886449813842773438e+01
5.613823413848876953e+00
4.566822052001953125e+00
7.924101829528808594e+00
2.000414133071899414e+00
3.472267866134643555e+00
5.482165813446044922e+00
5.878018379211425781e+00
1.264165306091308594e+01
2.595404624938964844e+00
4.611204147338867188e+00
2.681097507476806641e+00
2.650093793869018555e+00
5.265291690826416016e+00
2.653126716613769531e+00
5.366053581237792969e+00
2.680271625518798828e+00
5.297253608703613281e+00
1.127444362640380859e+01
2.684183359146118164e+00
1.515575504302978516e+01
4.733253002166748047e+00
7.548193931579589844e+00
4.204684257507324219e+00
5.246357917785644531e+00
2.680043458938598633e+00
5.580126285552978516e+00
2.457860708236694336e+00
2.439301729202270508e+00
3.974229097366333008e+00
2.668485879898071289e+00
2.575039625167846680e+00
2.753460645675659180e+00
2.560410499572753906e+00
2.292006015777587891e+00
3.835527420043945312e+00
5.332895278930664062e+00
2.886207103729248047e+00
2.615828990936279297e+00
7.740310668945312500e+00
3.554416418075561523e+00
2.665811538696289062e+00
4.612964153289794922e+00
3.947691679000854492e+00
2.682877302169799805e+00
4.494218826293945312e+00
8.165692329406738281e+00
2.694008111953735352e+00
3.626086235046386719e+00
2.711463451385498047e+00
2.872534751892089844e+00
4.745576858520507812e+00
8.605075836181640625e+00
5.823623657226562500e+00
3.427185773849487305e+00
2.239703178405761719e+00
2.718126296997070312e+00
2.088740110397338867e+00
2.682916879653930664e+00
2.648079872131347656e+00
1.430585670471191406e+01
2.230160236358642578e+00
2.712792873382568359e+00
4.718203544616699219e+00
2.578057289123535156e+00
3.954304456710815430e+00
3.424818038940429688e+00
4.324911594390869141e+00
9.090347290039062500e+00
4.789074897766113281e+00
2.540907859802246094e+00
2.669621229171752930e+00
6.497979640960693359e+00
4.789183616638183594e+00
9.127841949462890625e+00
3.186680793762207031e+00
2.678399562835693359e+00
3.027735233306884766e+00
4.600405693054199219e+00
2.735482215881347656e+00
4.443791389465332031e+00
2.712252616882324219e+00
3.377280473709106445e+00
3.570035696029663086e+00
9.959320068359375000e+00
2.424517869949340820e+00
2.322210788726806641e+00
2.727095127105712891e+00
2.510478734970092773e+00
3.316099643707275391e+00
2.567528724670410156e+00
3.127765655517578125e+00
4.491569995880126953e+00
2.678870916366577148e+00
2.785134077072143555e+00
2.693844079971313477e+00
6.789192199707031250e+00
2.774635076522827148e+00
6.125594139099121094e+00
3.225531339645385742e+00
8.845087051391601562e+00
1.200446987152099609e+01
2.992479801177978516e+00
2.867204189300537109e+00
2.998427867889404297e+00
3.334138393402099609e+00
1.270605659484863281e+01
2.291328430175781250e+01
2.095895051956176758e+00
4.849564552307128906e+00
3.419158220291137695e+00
3.218543052673339844e+00
4.486536979675292969e+00
4.394014358520507812e+00
2.632426977157592773e+00
9.767100334167480469e+00
2.683177471160888672e+00
2.953822135925292969e+00
2.720563650131225586e+00
4.501049518585205078e+00
2.699457406997680664e+00
7.857160568237304688e+00
2.678692340850830078e+00
2.820360660552978516e+00
2.687131404876708984e+00
2.732522964477539062e+00
7.340024948120117188e+00
2.385271787643432617e+00
2.678133964538574219e+00
4.535449504852294922e+00
1.262522506713867188e+01
1.971625566482543945e+00
9.164607048034667969e+00
3.787381172180175781e+00
2.711884021759033203e+00
2.505741834640502930e+00
5.459567546844482422e+00
2.575313806533813477e+00
2.657099008560180664e+00
7.217383861541748047e+00
3.647968053817749023e+00
1.126325130462646484e+01
7.692570209503173828e+00
4.529641628265380859e+00
4.127545833587646484e+00
2.436923265457153320e+00
3.102826595306396484e+00
6.052311897277832031e+00
6.157672405242919922e+00
1.714872598648071289e+00
3.317646980285644531e+00
2.703562736511230469e+00
2.717336416244506836e+00
4.046677112579345703e+00
6.702635288238525391e+00
1.946499466896057129e+00
1.901786446571350098e+00
2.948250055313110352e+00
7.174085140228271484e+00
2.657822132110595703e+00
2.521519422531127930e+00
5.090116024017333984e+00
2.715437173843383789e+00
2.696736335754394531e+00
2.520938634872436523e+00
3.139225721359252930e+00
1.483561992645263672e+00
2.880573272705078125e+00
5.302701950073242188e+00
2.441785573959350586e+00
2.704060554504394531e+00
2.671734571456909180e+00
2.702157974243164062e+00
2.658162832260131836e+00
2.693702697753906250e+00
7.815104484558105469e+00
5.804157257080078125e+00
5.234547138214111328e+00
2.460426092147827148e+00
2.683020591735839844e+00
3.155618667602539062e+00
7.271790981292724609e+00
4.740392684936523438e+00
2.737023353576660156e+00
7.937435626983642578e+00
4.138137817382812500e+00
1.907708883285522461e+00
2.739853858947753906e+00
5.419824123382568359e+00
5.576251506805419922e+00
2.535836219787597656e+00
4.034824371337890625e+00
3.300505161285400391e+00
4.554304599761962891e+00
2.679810523986816406e+00
3.937664270401000977e+00
5.592063426971435547e+00
5.227964878082275391e+00
2.716997623443603516e+00
2.698821067810058594e+00
5.404864311218261719e+00
1.192948937416076660e+00
3.328054189682006836e+00
3.936514854431152344e+00
3.323960781097412109e+00
2.410185337066650391e+00
2.699992418289184570e+00
5.868794918060302734e+00
1.682592988014221191e+00
2.684381008148193359e+00
3.140950441360473633e+00
2.681196451187133789e+00
5.719537734985351562e+00
3.810924291610717773e+00
8.028994560241699219e+00
3.947706460952758789e+00
1.960624575614929199e+00
2.708247661590576172e+00
5.426898479461669922e+00
3.479780673980712891e+00
3.996854543685913086e+00
3.251520872116088867e+00
2.811768054962158203e+00
8.111118316650390625e+00
2.695979118347167969e+00
4.801363468170166016e+00
2.138482475280761719e+01
2.886485815048217773e+00
2.657954692840576172e+00
1.115167522430419922e+01
3.276871681213378906e+00
2.689761400222778320e+00
2.732326269149780273e+00
2.603383064270019531e+00
2.683323144912719727e+00
3.380918884277343750e+01
2.705952167510986328e+00
2.692435503005981445e+00
5.235596656799316406e+00
4.211227416992187500e+00
