1.358563799858093279e+00
9.532508630752563050e-01
9.357047462463379262e-01
8.906189489364624290e-01
9.233268575668335254e-01
8.630850749015808177e-01
8.222820057868956978e-01
8.452963256835936967e-01
9.720582666397095117e-01
7.673936696052551243e-01
8.066974644660949156e-01
7.394111323356628018e-01
7.589918107986449725e-01
6.908587093353271147e-01
7.145267786979675462e-01
7.400921835899353374e-01
6.422920322418212979e-01
6.861399679183960432e-01
7.668256435394287251e-01
7.047790694236755193e-01
6.647620158195495232e-01
6.672263092994690226e-01
7.372674016952515119e-01
6.665836858749389915e-01
6.131249566078186275e-01
7.033195939064026403e-01
7.151088266372680469e-01
5.923632235527038770e-01
6.375605635643005753e-01
6.615680017471313734e-01
6.599523253440856552e-01
7.427387762069702637e-01
6.632136931419372328e-01
5.920423560142517028e-01
6.627730574607849645e-01
6.044215450286865021e-01
6.361384592056273934e-01
7.773703856468200390e-01
6.217809462547302379e-01
6.654541406631470091e-01
5.817571730613708691e-01
6.499347090721130371e-01
6.401939544677733851e-01
5.538218836784363219e-01
7.391416707038879208e-01
7.263622198104858763e-01
5.811653351783752086e-01
6.774606571197510085e-01
7.076225509643554457e-01
8.206951818466186044e-01
6.302390360832214045e-01
6.211295919418334810e-01
6.173608694076537784e-01
7.462915039062499867e-01
5.664672183990479004e-01
5.902668547630309792e-01
5.781847095489501820e-01
6.452295699119567907e-01
6.119390068054199050e-01
6.128868007659912243e-01
5.820150094032288113e-01
6.500517859458923020e-01
6.539298191070556099e-01
5.992634725570679111e-01
5.573366026878356916e-01
4.935114827156066863e-01
5.252365512847900764e-01
5.872846155166625559e-01
5.771712679862975870e-01
5.286101346015930069e-01
5.017542977333069310e-01
4.999800953865051190e-01
4.881998305320739973e-01
5.734204573631286328e-01
4.603494453430175826e-01
4.842639250755310099e-01
5.309340376853942667e-01
4.906512923240661794e-01
6.002118244171142925e-01
5.183152070045471405e-01
4.657147116661071728e-01
5.300326828956604119e-01
4.710933551788329954e-01
5.264674391746521076e-01
4.673278870582580624e-01
4.701544017791747798e-01
4.517960147857665865e-01
4.873162250518798810e-01
4.785529828071594105e-01
4.555329444408416917e-01
4.325370306968688849e-01
4.491612410545349210e-01
4.323161902427673509e-01
4.679867606163025107e-01
4.277734551429748788e-01
4.281238017082214520e-01
4.285301582813262899e-01
4.216945481300353737e-01
4.255638053417205580e-01
4.176755671501159450e-01
