-2.838238954544067383e+00
2.624725580215454102e+00
-8.574688911437988281e+00
-6.004499912261962891e+00
2.339739036560058594e+01
1.320875167846679688e+01
-1.552816033363342285e-01
2.989450693130493164e+00
7.600183963775634766e+00
1.103664398193359375e+01
9.471163749694824219e+00
-1.344987010955810547e+01
2.323137998580932617e+00
2.360963582992553711e+00
1.368074798583984375e+01
8.478955268859863281e+00
-2.031867980957031250e+01
-3.168804645538330078e+00
1.655804061889648438e+01
-4.058272838592529297e+00
-4.086924076080322266e+00
4.513715744018554688e+00
2.351930236816406250e+01
-1.114218807220458984e+01
-6.195997238159179688e+00
1.098532080650329590e+00
1.808598995208740234e+00
9.630918502807617188e+00
6.517636179924011230e-01
1.333411693572998047e+01
-8.194743156433105469e+00
-3.768225669860839844e+00
-2.246882629394531250e+01
-1.648935890197753906e+01
-7.621621131896972656e+00
6.366462707519531250e+00
-1.156362342834472656e+01
1.245499372482299805e+00
-1.034987926483154297e+01
-3.487001955509185791e-01
-2.035128021240234375e+01
-1.621150016784667969e+00
-1.780700302124023438e+01
-8.516092300415039062e+00
-1.454290866851806641e+01
3.691902160644531250e+00
3.085026264190673828e+00
-7.337028980255126953e+00
6.959617137908935547e+00
1.406173229217529297e+01
3.468625843524932861e-01
2.579299688339233398e+00
-3.367118835449218750e-01
9.488388061523437500e+00
1.347240638732910156e+01
-8.316522598266601562e+00
-1.425896263122558594e+01
7.353692650794982910e-01
5.938611984252929688e+00
-6.209467411041259766e+00
8.496946334838867188e+00
2.068056017160415649e-01
-1.837794780731201172e-01
4.936397075653076172e+00
8.764784812927246094e+00
-9.359028816223144531e+00
6.478384733200073242e-01
-2.236959266662597656e+01
-6.789968490600585938e+00
-1.161789226531982422e+01
-1.200018310546875000e+01
9.243618011474609375e+00
7.231820106506347656e+00
6.315026760101318359e+00
1.106368923187255859e+01
-5.477720260620117188e+00
-4.248892784118652344e+00
-4.593230247497558594e+00
-7.594896316528320312e+00
2.186579465866088867e+00
6.553847789764404297e-01
-1.163623237609863281e+01
6.828004837036132812e+00
3.746947765350341797e+00
9.331032752990722656e+00
2.283841896057128906e+01
-1.033949184417724609e+01
1.024608039855957031e+01
-7.045760154724121094e-01
7.791857242584228516e+00
1.357659220695495605e+00
2.354670906066894531e+01
-1.251116633415222168e+00
1.964516258239746094e+01
6.355441808700561523e-01
6.343280315399169922e+00
5.097665190696716309e-01
-6.742978096008300781e+00
5.954662322998046875e+00
1.247375130653381348e+00
-1.463566589355468750e+01
-5.850714683532714844e+00
-3.317636251449584961e-02
-7.566098213195800781e+00
-5.341481208801269531e+00
-6.865842938423156738e-01
1.047196674346923828e+01
1.054586791992187500e+01
-5.116902351379394531e+00
1.524018001556396484e+01
-4.993518352508544922e+00
3.572236776351928711e+00
9.468536376953125000e+00
-1.664269256591796875e+01
-8.420887947082519531e+00
-3.966327428817749023e+00
1.535457253456115723e+00
-7.719766497611999512e-01
6.268486976623535156e+00
-1.505821800231933594e+01
-1.622033882141113281e+01
-1.150553894042968750e+01
2.437801599502563477e+00
5.181516647338867188e+00
-2.587421894073486328e+00
-1.318712830543518066e+00
4.658019840717315674e-01
-6.953524589538574219e+00
-3.580672740936279297e+00
2.138953506946563721e-01
-1.182093429565429688e+01
-1.514972400665283203e+01
1.805631446838378906e+01
9.003849029541015625e+00
4.252344608306884766e+00
5.802708625793457031e+00
1.343096160888671875e+01
-4.842999458312988281e+00
-2.180880546569824219e+00
3.877049207687377930e+00
-8.447338104248046875e+00
1.268919467926025391e+01
4.983508110046386719e+00
-4.652928829193115234e+00
1.915665388107299805e+00
-3.617583990097045898e+00
-1.432671904563903809e+00
-1.475873142480850220e-01
7.341809749603271484e+00
7.014566421508789062e+00
-6.508707523345947266e+00
6.760200023651123047e+00
-3.068515300750732422e+00
-2.176377677917480469e+01
3.854225873947143555e+00
-1.648026275634765625e+01
-3.447356700897216797e+00
9.640340805053710938e+00
1.256438064575195312e+01
-2.506437540054321289e+00
-3.223993062973022461e+00
-1.767323732376098633e+00
-1.910427665710449219e+01
1.786090469360351562e+01
-7.836903572082519531e+00
1.642916297912597656e+01
-1.908923834562301636e-01
1.207194614410400391e+01
2.381994628906250000e+01
7.544641971588134766e+00
2.132109451293945312e+01
-6.568570137023925781e+00
5.254143714904785156e+00
-9.254549026489257812e+00
-9.273437500000000000e+00
-5.531976222991943359e+00
-7.295330524444580078e+00
-8.104846000671386719e+00
4.160398960113525391e+00
-3.805130481719970703e+00
-4.895247459411621094e+00
-2.944033145904541016e+00
-7.829116344451904297e+00
1.511652278900146484e+01
1.171153831481933594e+01
1.193709278106689453e+01
-9.369071960449218750e+00
-6.887097835540771484e+00
-3.737159490585327148e+00
-2.878714561462402344e+00
-7.425406455993652344e+00
-6.966730117797851562e+00
1.005273723602294922e+01
2.216193675994873047e+00
5.800595283508300781e+00
8.318844795227050781e+00
-9.287557601928710938e+00
-1.158237648010253906e+01
1.317760753631591797e+01
3.068589448928833008e+00
1.120059585571289062e+01
-5.975385665893554688e+00
3.030324459075927734e+00
-5.894157409667968750e+00
-9.401415824890136719e+00
-8.046682357788085938e+00
-2.259565353393554688e+01
-6.917960047721862793e-01
-7.560796737670898438e+00
-3.198847055435180664e+00
1.563744258880615234e+01
6.213126659393310547e+00
-3.917447805404663086e+00
1.216072463989257812e+01
-1.186770915985107422e+00
1.701740646362304688e+01
-8.779182434082031250e+00
6.178297042846679688e+00
1.372288036346435547e+01
-2.604727268218994141e+00
-4.471195697784423828e+00
3.991064071655273438e+00
-8.161042213439941406e+00
-1.695019531250000000e+01
2.396340370178222656e+00
1.101873683929443359e+01
1.190896987915039062e+01
-2.315431535243988037e-01
-3.351866960525512695e+00
2.124034643173217773e+00
-9.125858306884765625e+00
-1.396181869506835938e+01
-1.018955230712890625e+01
1.520274066925048828e+01
-5.989606380462646484e+00
-2.280631828308105469e+01
-9.211513519287109375e+00
1.361251711845397949e+00
-1.241319105029106140e-01
8.051915764808654785e-01
-1.176944446563720703e+01
7.287082076072692871e-01
8.793279647827148438e+00
-5.776421070098876953e+00
9.975602149963378906e+00
-9.569864273071289062e+00
2.355741500854492188e+00
-2.451828479766845703e+00
6.010463714599609375e+00
-2.335267543792724609e+00
1.256960201263427734e+01
-9.022459983825683594e+00
-1.604927420616149902e+00
-5.744349002838134766e+00
3.869037389755249023e+00
-1.204970550537109375e+01
-1.716816306114196777e+00
-6.253913402557373047e+00
-1.086640357971191406e+01
4.168460845947265625e+00
-1.028856754302978516e+01
7.417308330535888672e+00
-5.135184526443481445e-01
2.232609367370605469e+01
-9.322865486145019531e+00
-9.937219619750976562e+00
-2.329345703125000000e+00
4.322897911071777344e+00
-2.814095973968505859e+00
2.733840227127075195e+00
4.225859642028808594e+00
-1.778243184089660645e+00
-2.265070343017578125e+01
1.092398405075073242e+00
5.315467715263366699e-01
-2.434146165847778320e+00
-1.257707500457763672e+01
-8.538397789001464844e+00
-3.560938358306884766e+00
-3.915924072265625000e+00
-9.184964299201965332e-01
-3.836748600006103516e+00
1.031242251396179199e+00
-8.859896659851074219e+00
9.612667083740234375e+00
-1.153790187835693359e+01
-2.272437667846679688e+01
1.209537124633789062e+01
-7.382442474365234375e+00
2.904873371124267578e+00
-5.192622184753417969e+00
1.459732174873352051e+00
-1.282252120971679688e+01
4.828979969024658203e+00
4.166983962059020996e-01
-2.470807075500488281e+00
1.253369045257568359e+01
1.532656574249267578e+01
-3.283028125762939453e+00
1.062639999389648438e+01
1.980529212951660156e+01
-1.298701572418212891e+01
-3.680952072143554688e+00
-3.835669755935668945e+00
2.909453868865966797e+00
1.503915786743164062e+00
1.304819107055664062e+01
-2.270249938964843750e+01
-8.696074485778808594e+00
-4.717854976654052734e+00
9.080986022949218750e+00
8.253210067749023438e+00
1.385927945375442505e-01
4.415428638458251953e+00
2.883625745773315430e+00
-4.582633018493652344e+00
3.483887672424316406e+00
-4.161657333374023438e+00
2.264077568054199219e+01
1.495419406890869141e+01
-1.055348277091979980e+00
6.995205402374267578e+00
2.355614471435546875e+01
-5.544985532760620117e-01
-8.598913192749023438e+00
2.955457687377929688e+00
1.619516372680664062e+01
-1.471207809448242188e+01
-1.059085607528686523e+00
-8.314308166503906250e+00
-6.082114577293395996e-01
-1.478875350952148438e+01
-1.217563533782958984e+01
2.308112335205078125e+01
-7.740777969360351562e+00
-6.077070713043212891e+00
6.913222789764404297e+00
-9.375280380249023438e+00
5.717703342437744141e+00
9.364026069641113281e+00
5.512449741363525391e+00
-7.911705017089843750e+00
-8.720013618469238281e+00
1.834650611877441406e+01
1.033510208129882812e+00
1.006452560424804688e+01
5.867133617401123047e+00
-5.519513607025146484e+00
-6.066376566886901855e-01
-1.014267063140869141e+01
-1.759693861007690430e+00
-1.592689704895019531e+01
9.708015441894531250e+00
6.160295486450195312e+00
1.160244750976562500e+01
9.122196197509765625e+00
-3.196129560470581055e+00
-8.753185272216796875e+00
-7.125775337219238281e+00
1.105882263183593750e+01
3.640488147735595703e+00
1.146344766020774841e-01
1.018804359436035156e+01
-1.133477973937988281e+01
-2.707873582839965820e+00
1.477297210693359375e+01
-1.728601646423339844e+01
-1.112707328796386719e+01
1.379442596435546875e+01
-1.699443817138671875e+00
-2.257591438293457031e+01
-1.016092395782470703e+01
1.507694530487060547e+01
6.053782463073730469e+00
1.166475176811218262e+00
-6.516484260559082031e+00
-4.717474937438964844e+00
9.636579155921936035e-01
-1.516262626647949219e+01
2.172177696228027344e+01
5.991221904754638672e+00
-1.554824829101562500e+00
-8.560647964477539062e+00
-9.217210769653320312e+00
2.357475280761718750e+01
4.113741517066955566e-01
2.369683647155761719e+01
-1.601507377624511719e+01
-7.846113204956054688e+00
5.443637847900390625e+00
3.740172684192657471e-01
2.357718276977539062e+01
-2.714540719985961914e+00
8.030920028686523438e+00
-2.431701898574829102e+00
3.390348851680755615e-01
-6.235656261444091797e+00
1.180053806304931641e+01
-1.180734038352966309e+00
3.354677200317382812e+00
8.795317649841308594e+00
4.943679332733154297e+00
2.844918012619018555e+00
-4.183651506900787354e-02
1.493140792846679688e+01
5.241670131683349609e+00
4.447916507720947266e+00
1.697930097579956055e+00
-6.608953952789306641e+00
-5.234529018402099609e+00
2.311377906799316406e+01
1.007786369323730469e+01
-9.917213439941406250e+00
-1.008213615417480469e+01
-9.007691383361816406e+00
-1.011160945892333984e+01
-1.386850738525390625e+01
2.573172330856323242e+00
-1.764274406433105469e+01
-6.936563968658447266e+00
-4.688713073730468750e+00
-5.940871238708496094e+00
-5.871360898017883301e-01
2.314494609832763672e+00
2.092420816421508789e+00
1.171489906311035156e+01
1.324643802642822266e+01
7.566231727600097656e+00
-1.584825897216796875e+01
-1.460530185699462891e+01
3.313595056533813477e+00
3.235264062881469727e+00
-3.652035951614379883e+00
3.533413410186767578e+00
-3.063350677490234375e+00
-2.230142784118652344e+01
2.389290183782577515e-01
4.932492256164550781e+00
1.696842575073242188e+01
2.329828643798828125e+01
-2.188744306564331055e+00
7.310060977935791016e+00
1.779287099838256836e+00
5.553760051727294922e+00
-1.080751419067382812e+01
-1.532873153686523438e+01
6.322413444519042969e+00
3.335168838500976562e+00
-1.774705314636230469e+01
4.207379817962646484e+00
-7.838218688964843750e+00
-2.211112737655639648e+00
3.754914283752441406e+00
-4.679414749145507812e+00
-2.486539602279663086e+00
4.858515739440917969e+00
-9.760639190673828125e+00
1.281832790374755859e+01
-1.579776096343994141e+01
-8.256672859191894531e+00
5.775183677673339844e+00
-1.347732353210449219e+01
3.684935331344604492e+00
-1.477450013160705566e+00
-6.918437957763671875e+00
4.345458984375000000e+00
-2.115019321441650391e+00
4.915107727050781250e+00
5.530190467834472656e+00
4.119299888610839844e+00
3.977249562740325928e-01
-1.506447196006774902e+00
-6.566663742065429688e+00
1.473076462745666504e+00
-5.684476375579833984e+00
3.093470811843872070e+00
-9.053707122802734375e+00
-1.101423263549804688e+00
-1.655369377136230469e+01
1.289951610565185547e+01
1.428739643096923828e+01
5.005867958068847656e+00
-2.270464897155761719e+00
9.069647789001464844e+00
3.551620244979858398e-01
-1.913204956054687500e+01
-8.731520652770996094e+00
4.475783705711364746e-01
1.262256026268005371e+00
-7.431431293487548828e+00
-6.334244728088378906e+00
1.009107303619384766e+01
-7.167429447174072266e+00
8.372972488403320312e+00
6.949767589569091797e+00
-3.215809464454650879e-01
2.318897056579589844e+01
5.598767280578613281e+00
1.458843803405761719e+01
1.131650924682617188e+01
