3.193145036697387695e+00
2.501038312911987305e+00
1.245324850082397461e+00
7.352674603462219238e-01
6.044132709503173828e-01
4.817847907543182373e-01
3.810997605323791504e-01
3.185996711254119873e-01
2.413216829299926758e-01
1.841958463191986084e-01
1.529445499181747437e-01
1.228408217430114746e-01
9.641648083925247192e-02
8.004980534315109253e-02
7.050090283155441284e-02
6.403694301843643188e-02
5.816161260008811951e-02
5.275964736938476562e-02
4.879902675747871399e-02
4.569848626852035522e-02
4.301816970109939575e-02
4.016443341970443726e-02
3.693263605237007141e-02
3.499381616711616516e-02
3.471500799059867859e-02
3.342515602707862854e-02
3.231002390384674072e-02
3.177017346024513245e-02
3.158926591277122498e-02
3.122330829501152039e-02
3.091865591704845428e-02
3.104518353939056396e-02
3.075434267520904541e-02
3.015870973467826843e-02
2.983885258436203003e-02
2.953626215457916260e-02
2.925707586109638214e-02
2.903199009597301483e-02
2.885033003985881805e-02
2.871937118470668793e-02
2.864096872508525848e-02
2.849507145583629608e-02
2.839655429124832153e-02
2.865773998200893402e-02
2.848833426833152771e-02
2.818889170885086060e-02
2.816130407154560089e-02
2.815031632781028748e-02
2.805668860673904419e-02
2.849556691944599152e-02
2.855871804058551788e-02
2.786635980010032654e-02
2.790909260511398315e-02
2.772087603807449341e-02
2.821827121078968048e-02
2.812887914478778839e-02
2.758980356156826019e-02
2.753633819520473480e-02
2.750897966325283051e-02
2.758950740098953247e-02
2.772467397153377533e-02
2.776836790144443512e-02
2.736025862395763397e-02
2.744149975478649139e-02
2.726941928267478943e-02
2.744390256702899933e-02
2.738191373646259308e-02
2.716319821774959564e-02
2.723271586000919342e-02
2.716207131743431091e-02
2.750068530440330505e-02
2.716658823192119598e-02
2.709007449448108673e-02
2.705551870167255402e-02
2.757853642106056213e-02
2.737659774720668793e-02
2.691895514726638794e-02
2.688223868608474731e-02
2.707963809370994568e-02
2.732562460005283356e-02
2.689979970455169678e-02
2.678490057587623596e-02
2.687687240540981293e-02
2.672719769179821014e-02
2.742105349898338318e-02
2.746159397065639496e-02
2.663754858076572418e-02
2.683300338685512543e-02
2.661615423858165741e-02
2.682167105376720428e-02
2.700466103851795197e-02
2.654510550200939178e-02
2.685882337391376495e-02
2.660030312836170197e-02
2.724791876971721649e-02
2.707838453352451324e-02
2.678519114851951599e-02
2.679627016186714172e-02
2.661770954728126526e-02
2.820609696209430695e-02
2.672965079545974731e-02
2.697128243744373322e-02
2.648836001753807068e-02
2.663821354508399963e-02
2.753918431699275970e-02
2.680485323071479797e-02
2.652024663984775543e-02
2.649943903088569641e-02
2.675182744860649109e-02
2.694797702133655548e-02
2.655665948987007141e-02
2.674561552703380585e-02
2.643871493637561798e-02
2.745223231613636017e-02
2.733681909739971161e-02
2.668661065399646759e-02
2.743620052933692932e-02
2.637743763625621796e-02
2.801466174423694611e-02
2.659034915268421173e-02
2.686507627367973328e-02
2.679068595170974731e-02
2.651691064238548279e-02
2.742028422653675079e-02
2.707026712596416473e-02
2.629901655018329620e-02
2.632731571793556213e-02
2.630035951733589172e-02
2.649336680769920349e-02
2.624368667602539062e-02
2.623288892209529877e-02
2.634000591933727264e-02
2.628161013126373291e-02
2.687690965831279755e-02
2.624361775815486908e-02
2.659366838634014130e-02
2.669118158519268036e-02
2.630688622593879700e-02
2.723748423159122467e-02
2.627181634306907654e-02
2.645708993077278137e-02
2.615601755678653717e-02
2.618806250393390656e-02
2.609632909297943115e-02
2.604204043745994568e-02
2.612583898007869720e-02
2.630288340151309967e-02
2.599074132740497589e-02
2.669446542859077454e-02
2.597086317837238312e-02
2.733637206256389618e-02
2.720618434250354767e-02
2.622439339756965637e-02
2.675223536789417267e-02
2.656716480851173401e-02
2.779197320342063904e-02
2.599835209548473358e-02
2.711659483611583710e-02
2.640181779861450195e-02
2.637511305510997772e-02
2.776246890425682068e-02
2.591353468596935272e-02
2.721238695085048676e-02
2.649671956896781921e-02
2.635400369763374329e-02
2.774232998490333557e-02
2.604581601917743683e-02
2.714736200869083405e-02
2.703816257417201996e-02
2.599661611020565033e-02
2.806759253144264221e-02
2.639346942305564880e-02
2.615219354629516602e-02
2.639675140380859375e-02
2.589225769042968750e-02
2.691124193370342255e-02
2.616669237613677979e-02
2.620768733322620392e-02
2.652448788285255432e-02
2.589577808976173401e-02
2.733683213591575623e-02
2.604180201888084412e-02
2.617575228214263916e-02
2.616053819656372070e-02
2.611892111599445343e-02
2.704189531505107880e-02
2.576996386051177979e-02
2.664882689714431763e-02
2.607483044266700745e-02
2.581335790455341339e-02
2.694223821163177490e-02
2.586269564926624298e-02
2.572607435286045074e-02
2.574056386947631836e-02
2.615815401077270508e-02
2.581642568111419678e-02
2.570515684783458710e-02
2.571659907698631287e-02
2.587819658219814301e-02
2.571755647659301758e-02
2.587772905826568604e-02
2.640533261001110077e-02
2.602984011173248291e-02
2.570605091750621796e-02
2.641962282359600067e-02
2.559868991374969482e-02
2.678395994007587433e-02
2.695609815418720245e-02
2.559025585651397705e-02
2.643371187150478363e-02
2.556329779326915741e-02
2.697087638080120087e-02
2.569621987640857697e-02
2.619726769626140594e-02
2.601099386811256409e-02
2.598571963608264923e-02
2.741670422255992889e-02
2.603871934115886688e-02
2.560813352465629578e-02
2.594320662319660187e-02
2.562982961535453796e-02
2.595995366573333740e-02
2.553826756775379181e-02
2.552985958755016327e-02
2.553534694015979767e-02
2.557921782135963440e-02
2.562879025936126709e-02
2.576019056141376495e-02
2.551823668181896210e-02
2.545817196369171143e-02
2.544718794524669647e-02
2.548974938690662384e-02
2.549308724701404572e-02
2.546900510787963867e-02
2.538585662841796875e-02
2.545396983623504639e-02
2.570469118654727936e-02
2.539801970124244690e-02
2.553884685039520264e-02
2.536137029528617859e-02
2.593396417796611786e-02
2.627372927963733673e-02
2.549546957015991211e-02
2.561957761645317078e-02
2.548862993717193604e-02
2.617865800857543945e-02
2.533954195678234100e-02
2.555245347321033478e-02
2.532672509551048279e-02
2.630239352583885193e-02
2.539737150073051453e-02
2.540133520960807800e-02
2.527666650712490082e-02
2.533365786075592041e-02
2.564358524978160858e-02
2.527737803757190704e-02
2.523038908839225769e-02
2.552096545696258545e-02
2.564591169357299805e-02
2.517699636518955231e-02
2.524335682392120361e-02
2.543400228023529053e-02
2.544242329895496368e-02
2.515560202300548553e-02
2.521808445453643799e-02
2.513606846332550049e-02
2.529380843043327332e-02
2.556866593658924103e-02
2.526094019412994385e-02
2.518611960113048553e-02
2.560894191265106201e-02
2.515123412013053894e-02
2.545887231826782227e-02
2.513692900538444519e-02
2.549022622406482697e-02
2.610540948808193207e-02
2.511237561702728271e-02
2.512528374791145325e-02
2.523261308670043945e-02
2.550214529037475586e-02
2.516192384064197540e-02
2.518446370959281921e-02
2.511684596538543701e-02
2.518695779144763947e-02
2.505111508071422577e-02
2.511191740632057190e-02
2.506969869136810303e-02
2.501994557678699493e-02
2.514870464801788330e-02
2.550770714879035950e-02
2.497179992496967316e-02
2.518208324909210205e-02
2.494328841567039490e-02
2.593524567782878876e-02
2.510642632842063904e-02
2.484155260026454926e-02
2.485267817974090576e-02
2.500325627624988556e-02
2.530330605804920197e-02
2.483575046062469482e-02
2.513773366808891296e-02
2.481539361178874969e-02
2.567058801651000977e-02
2.496664039790630341e-02
2.481365017592906952e-02
2.486898377537727356e-02
2.501672320067882538e-02
2.509254030883312225e-02
2.486516535282135010e-02
2.484894357621669769e-02
2.485328912734985352e-02
2.486110292375087738e-02
2.549368143081665039e-02
2.568036317825317383e-02
2.505463548004627228e-02
2.513377554714679718e-02
2.535550668835639954e-02
2.562619745731353760e-02
2.527324855327606201e-02
2.520061098039150238e-02
2.675676159560680389e-02
2.497245371341705322e-02
2.527588792145252228e-02
2.527903020381927490e-02
2.577130869030952454e-02
2.526760287582874298e-02
2.521246485412120819e-02
2.661537751555442810e-02
2.618909068405628204e-02
2.612827531993389130e-02
2.526972815394401550e-02
2.588790655136108398e-02
2.666522748768329620e-02
2.497198060154914856e-02
2.590535208582878113e-02
2.517364546656608582e-02
2.658605016767978668e-02
2.492974698543548584e-02
2.556259557604789734e-02
2.492358162999153137e-02
2.693011052906513214e-02
2.561479620635509491e-02
2.551322989165782928e-02
2.679354697465896606e-02
2.503293938934803009e-02
2.731006406247615814e-02
2.556276507675647736e-02
2.541138604283332825e-02
2.558930218219757080e-02
2.525919489562511444e-02
2.601931989192962646e-02
2.505301870405673981e-02
2.526873536407947540e-02
2.509067580103874207e-02
2.568465098738670349e-02
2.551865763962268829e-02
2.502830140292644501e-02
2.515409514307975769e-02
2.505208551883697510e-02
2.539728581905364990e-02
2.495600655674934387e-02
2.514145895838737488e-02
2.492792718112468719e-02
2.578670717775821686e-02
2.524280361831188202e-02
2.506232075393199921e-02
2.501058019697666168e-02
2.510517649352550507e-02
2.582733519375324249e-02
2.489107660949230194e-02
2.502733282744884491e-02
2.485514059662818909e-02
2.536266855895519257e-02
2.597736753523349762e-02
2.481389604508876801e-02
2.511693537235260010e-02
2.481912076473236084e-02
2.506487071514129639e-02
2.528363652527332306e-02
2.487450838088989258e-02
2.484673447906970978e-02
2.477858588099479675e-02
2.511398680508136749e-02
2.487396821379661560e-02
2.477677166461944580e-02
2.479193732142448425e-02
2.510855719447135925e-02
2.571565844118595123e-02
2.470987662672996521e-02
2.493689581751823425e-02
2.472288906574249268e-02
2.518415264785289764e-02
2.475069463253021240e-02
2.471693046391010284e-02
2.469633147120475769e-02
2.508728206157684326e-02
2.480904944241046906e-02
2.512796223163604736e-02
2.466750703752040863e-02
2.481913380324840546e-02
2.530501782894134521e-02
2.475263178348541260e-02
2.474214509129524231e-02
2.537536807358264923e-02
2.585814893245697021e-02
2.468174695968627930e-02
2.502727136015892029e-02
2.463221363723278046e-02
2.549220994114875793e-02
2.515435032546520233e-02
2.492594532668590546e-02
2.529454044997692108e-02
2.503036893904209137e-02
2.569913677871227264e-02
2.466299012303352356e-02
2.480934187769889832e-02
2.476972341537475586e-02
2.644802816212177277e-02
2.464945800602436066e-02
2.742488123476505280e-02
2.465327084064483643e-02
2.836513891816139221e-02
2.532011084258556366e-02
2.581239305436611176e-02
2.499173209071159363e-02
2.605469338595867157e-02
2.529112994670867920e-02
2.506066858768463135e-02
2.491116710007190704e-02
2.500420622527599335e-02
2.556682005524635315e-02
2.500106766819953918e-02
2.492858842015266418e-02
2.495646663010120392e-02
2.521711401641368866e-02
2.646853215992450714e-02
2.487134747207164764e-02
2.609997987747192383e-02
2.542112767696380615e-02
2.504509501159191132e-02
2.627037093043327332e-02
2.510410360991954803e-02
2.508156374096870422e-02
2.492712438106536865e-02
2.504950575530529022e-02
2.525669150054454803e-02
2.476684935390949249e-02
2.486736886203289032e-02
2.505185082554817200e-02
2.599501796066761017e-02
2.512473054230213165e-02
2.478693053126335144e-02
2.533461153507232666e-02
2.487509138882160187e-02
2.525665238499641418e-02
2.657078020274639130e-02
2.472536452114582062e-02
2.510602585971355438e-02
2.470286190509796143e-02
2.513480372726917267e-02
2.584416978061199188e-02
2.494281716644763947e-02
2.481271326541900635e-02
2.472050301730632782e-02
2.480317652225494385e-02
2.539139799773693085e-02
2.461044490337371826e-02
2.473013289272785187e-02
2.464038133621215820e-02
2.489421889185905457e-02
2.462936006486415863e-02
2.469324693083763123e-02
2.466934546828269958e-02
2.470438368618488312e-02
2.468879520893096924e-02
2.466652914881706238e-02
2.480077929794788361e-02
2.492594718933105469e-02
2.475470490753650665e-02
2.463181503117084503e-02
2.471851930022239685e-02
2.508092299103736877e-02
2.473569102585315704e-02
2.465821802616119385e-02
2.481323294341564178e-02
2.464127913117408752e-02
2.507297694683074951e-02
2.469966933131217957e-02
2.499651350080966949e-02
2.473728545010089874e-02
2.558452077209949493e-02
2.519506029784679413e-02
2.531240507960319519e-02
2.512671053409576416e-02
2.537034451961517334e-02
2.610509656369686127e-02
2.460377104580402374e-02
2.472859807312488556e-02
2.470828965306282043e-02
2.478503808379173279e-02
2.470463328063488007e-02
2.468235976994037628e-02
2.467464841902256012e-02
2.512192167341709137e-02
2.519823610782623291e-02
2.477597817778587341e-02
2.508783526718616486e-02
2.524304762482643127e-02
2.584368921816349030e-02
2.480840496718883514e-02
2.481127344071865082e-02
2.474643290042877197e-02
2.485609240829944611e-02
2.458022534847259521e-02
2.458827197551727295e-02
2.464533038437366486e-02
2.455831132829189301e-02
2.498667128384113312e-02
2.471208758652210236e-02
2.510661073029041290e-02
2.468157187104225159e-02
2.533246949315071106e-02
2.478099428117275238e-02
2.469963021576404572e-02
2.482078969478607178e-02
2.458478882908821106e-02
2.485948987305164337e-02
2.458745613694190979e-02
2.475666441023349762e-02
2.454203367233276367e-02
2.523659169673919678e-02
2.465764991939067841e-02
2.480268478393554688e-02
2.449272200465202332e-02
2.495146356523036957e-02
2.455790340900421143e-02
2.454036474227905273e-02
2.450871281325817108e-02
2.537154965102672577e-02
2.538585104048252106e-02
2.458523213863372803e-02
2.465899474918842316e-02
2.477335743606090546e-02
2.512495219707489014e-02
2.453462593257427216e-02
2.468061260879039764e-02
2.482654154300689697e-02
2.497959695756435394e-02
2.469136193394660950e-02
2.461004070937633514e-02
2.456037700176239014e-02
2.482994087040424347e-02
2.468657866120338440e-02
2.446873299777507782e-02
2.469390630722045898e-02
2.451960556209087372e-02
2.560351416468620300e-02
2.497051656246185303e-02
2.497003600001335144e-02
2.448177896440029144e-02
2.524493634700775146e-02
2.575414068996906281e-02
2.444905042648315430e-02
2.485817857086658478e-02
2.469992823898792267e-02
2.563333697617053986e-02
2.474992163479328156e-02
2.472377382218837738e-02
2.485823072493076324e-02
2.581476606428623199e-02
2.451014332473278046e-02
2.470857277512550354e-02
2.444965019822120667e-02
2.518136799335479736e-02
2.494168840348720551e-02
2.520394884049892426e-02
2.448089234530925751e-02
2.517562918365001678e-02
2.498769946396350861e-02
2.457364089787006378e-02
2.467839606106281281e-02
2.458119578659534454e-02
2.608702704310417175e-02
2.441453747451305389e-02
2.513295225799083710e-02
2.440221793949604034e-02
2.562171034514904022e-02
2.486962266266345978e-02
2.454167976975440979e-02
2.521087601780891418e-02
2.456528320908546448e-02
2.596838586032390594e-02
2.443021535873413086e-02
2.542598545551300049e-02
2.448970451951026917e-02
2.666504308581352234e-02
2.451713383197784424e-02
2.566693536937236786e-02
2.464245259761810303e-02
2.686244994401931763e-02
2.461415901780128479e-02
2.557175233960151672e-02
2.464239485561847687e-02
2.609903551638126373e-02
2.513789944350719452e-02
2.510857768356800079e-02
2.555364370346069336e-02
2.507418394088745117e-02
2.646952494978904724e-02
2.478307299315929413e-02
2.538472227752208710e-02
2.485324814915657043e-02
2.574735879898071289e-02
2.496911957859992981e-02
2.481144852936267853e-02
2.477972395718097687e-02
2.478935196995735168e-02
2.524302527308464050e-02
2.478592284023761749e-02
2.465158700942993164e-02
2.459581196308135986e-02
2.462832443416118622e-02
2.485705912113189697e-02
2.458590269088745117e-02
2.445984445512294769e-02
2.440875768661499023e-02
2.444934286177158356e-02
2.449848130345344543e-02
2.433554828166961670e-02
2.435332536697387695e-02
2.433353662490844727e-02
2.445610053837299347e-02
2.478092536330223083e-02
2.431567013263702393e-02
2.453922852873802185e-02
2.477950043976306915e-02
2.439664304256439209e-02
2.436573803424835205e-02
2.479558996856212616e-02
2.465200610458850861e-02
2.443511597812175751e-02
2.433615922927856445e-02
2.529533207416534424e-02
2.436208166182041168e-02
2.434778027236461639e-02
2.437287569046020508e-02
2.431510388851165771e-02
2.428086102008819580e-02
2.428682148456573486e-02
2.458246238529682159e-02
2.452450990676879883e-02
2.434366568922996521e-02
2.432777360081672668e-02
2.460360527038574219e-02
2.430351078510284424e-02
2.446276322007179260e-02
2.444960176944732666e-02
2.518940344452857971e-02
2.426292188465595245e-02
2.438330464065074921e-02
2.463197894394397736e-02
2.542186342179775238e-02
2.484209649264812469e-02
2.489177696406841278e-02
2.625988423824310303e-02
2.504746988415718079e-02
2.623337507247924805e-02
2.443019859492778778e-02
2.649142034351825714e-02
2.560092881321907043e-02
2.505087479948997498e-02
2.459740266203880310e-02
2.595978602766990662e-02
2.579546533524990082e-02
2.459265664219856262e-02
2.499197050929069519e-02
2.476859092712402344e-02
2.581952512264251709e-02
2.453637309372425079e-02
2.503698877990245819e-02
2.468222007155418396e-02
2.628581784665584564e-02
2.495354413986206055e-02
2.477072179317474365e-02
2.461665868759155273e-02
2.503347769379615784e-02
2.507526986300945282e-02
2.448279038071632385e-02
2.446510270237922668e-02
2.465002052485942841e-02
2.515166811645030975e-02
2.449100837111473083e-02
2.446483075618743896e-02
2.433941885828971863e-02
2.525359578430652618e-02
2.439592406153678894e-02
2.431010641157627106e-02
2.442194893956184387e-02
2.444531396031379700e-02
2.423689700663089752e-02
2.423689886927604675e-02
2.440530434250831604e-02
2.426187694072723389e-02
2.426123432815074921e-02
2.427766844630241394e-02
2.420497313141822815e-02
2.422434464097023010e-02
2.445745654404163361e-02
2.420924231410026550e-02
2.439427934587001801e-02
2.461845055222511292e-02
2.421967312693595886e-02
2.457856945693492889e-02
2.458739466965198517e-02
2.437424473464488983e-02
2.422626316547393799e-02
2.425676956772804260e-02
2.473068051040172577e-02
2.461226470768451691e-02
2.424257621169090271e-02
2.417818829417228699e-02
2.542924322187900543e-02
2.458293735980987549e-02
2.449893392622470856e-02
2.414846606552600861e-02
2.413934282958507538e-02
2.417844347655773163e-02
2.441723458468914032e-02
2.445298433303833008e-02
2.434713020920753479e-02
2.420337870717048645e-02
2.415925264358520508e-02
2.441382966935634613e-02
2.425025217235088348e-02
2.418613620102405548e-02
2.422831580042839050e-02
2.473266422748565674e-02
2.418540231883525848e-02
2.421730756759643555e-02
2.457563392817974091e-02
2.415174245834350586e-02
2.445274591445922852e-02
2.529359050095081329e-02
2.552030980587005615e-02
2.598756551742553711e-02
2.427673526108264923e-02
2.581446431577205658e-02
2.465866133570671082e-02
2.417499199509620667e-02
2.759623713791370392e-02
2.426487393677234650e-02
2.729201875627040863e-02
2.444346435368061066e-02
2.802612073719501495e-02
2.472661063075065613e-02
2.559161558747291565e-02
2.441555634140968323e-02
2.634049765765666962e-02
2.454360015690326691e-02
2.450584992766380310e-02
2.471568062901496887e-02
2.514916844666004181e-02
2.441698312759399414e-02
2.486205287277698517e-02
2.430111169815063477e-02
2.500150725245475769e-02
2.432440221309661865e-02
2.425225079059600830e-02
2.420180663466453552e-02
2.457301132380962372e-02
2.422769367694854736e-02
2.418853342533111572e-02
2.457998320460319519e-02
2.446150965988636017e-02
2.427762746810913086e-02
2.446744963526725769e-02
2.459766343235969543e-02
2.421491965651512146e-02
2.439157478511333466e-02
2.418351545929908752e-02
2.658122777938842773e-02
2.426511235535144806e-02
2.432887256145477295e-02
2.513481676578521729e-02
2.406356856226921082e-02
2.415871061384677887e-02
2.422052994370460510e-02
2.472657151520252228e-02
2.403276972472667694e-02
2.405192144215106964e-02
2.410657703876495361e-02
2.532196044921875000e-02
2.417929470539093018e-02
2.420991659164428711e-02
2.452556602656841278e-02
2.443528547883033752e-02
2.515381760895252228e-02
2.412937581539154053e-02
2.415702864527702332e-02
2.403498254716396332e-02
2.475506439805030823e-02
2.479387819766998291e-02
2.493738941848278046e-02
2.413082309067249298e-02
2.557760477066040039e-02
2.460956200957298279e-02
2.426075562834739685e-02
2.423637732863426208e-02
2.481047995388507843e-02
2.403253130614757538e-02
2.391416020691394806e-02
2.514083310961723328e-02
2.388428151607513428e-02
2.405761182308197021e-02
2.473147399723529816e-02
2.394550666213035583e-02
2.443410828709602356e-02
2.463031373918056488e-02
2.556258253753185272e-02
2.406739629805088043e-02
2.406881377100944519e-02
2.486856095492839813e-02
2.423793449997901917e-02
2.414894662797451019e-02
2.403133921325206757e-02
2.441341057419776917e-02
2.439372427761554718e-02
2.398365549743175507e-02
2.541226148605346680e-02
2.401351742446422577e-02
2.377980388700962067e-02
2.463175728917121887e-02
2.368330396711826324e-02
2.376818470656871796e-02
2.442622743546962738e-02
2.373378910124301910e-02
2.375890687108039856e-02
2.456848323345184326e-02
2.507704310119152069e-02
2.545142360031604767e-02
2.379011921584606171e-02
2.422983944416046143e-02
2.610843069851398468e-02
2.359930612146854401e-02
2.362396195530891418e-02
2.446462586522102356e-02
2.417127788066864014e-02
2.386809885501861572e-02
2.472374960780143738e-02
2.388531528413295746e-02
2.366302534937858582e-02
2.642941661179065704e-02
2.381737902760505676e-02
2.373411133885383606e-02
2.515228092670440674e-02
2.387993969023227692e-02
2.396362833678722382e-02
2.408498339354991913e-02
2.520603127777576447e-02
2.436302229762077332e-02
2.431744337081909180e-02
2.476960234344005585e-02
2.381657995283603668e-02
2.386092953383922577e-02
2.817272953689098358e-02
2.356703765690326691e-02
2.502696216106414795e-02
2.723191678524017334e-02
2.548169530928134918e-02
2.875631675124168396e-02
2.493237890303134918e-02
2.643273957073688507e-02
2.644676342606544495e-02
2.518389746546745300e-02
2.612924017012119293e-02
2.427275478839874268e-02
2.687740325927734375e-02
2.480609714984893799e-02
2.466892823576927185e-02
2.402003109455108643e-02
2.562904171645641327e-02
2.466368116438388824e-02
2.394349873065948486e-02
2.397066727280616760e-02
2.463680878281593323e-02
2.487283758819103241e-02
2.401258051395416260e-02
2.416227385401725769e-02
2.444989979267120361e-02
2.471160702407360077e-02
2.389550767838954926e-02
2.367115207016468048e-02
2.417780645191669464e-02
2.413129620254039764e-02
2.346164546906948090e-02
2.341175265610218048e-02
2.388089522719383240e-02
2.336414344608783722e-02
2.320462837815284729e-02
2.339220233261585236e-02
2.381729707121849060e-02
2.330786362290382385e-02
2.325478941202163696e-02
2.360480464994907379e-02
2.639906480908393860e-02
2.381354756653308868e-02
2.346008643507957458e-02
2.449410781264305115e-02
2.326756902039051056e-02
2.511785551905632019e-02
2.573774755001068115e-02
2.335835061967372894e-02
2.397107891738414764e-02
2.458905987441539764e-02
2.424858137965202332e-02
2.476400323212146759e-02
2.322221361100673676e-02
2.898310124874114990e-02
2.549616992473602295e-02
2.395510859787464142e-02
2.642156183719635010e-02
2.358601614832878113e-02
2.400255016982555389e-02
2.390074916183948517e-02
2.691267244517803192e-02
2.399642765522003174e-02
2.517278492450714111e-02
2.451784908771514893e-02
2.782130613923072815e-02
2.362793497741222382e-02
2.543920278549194336e-02
2.353603206574916840e-02
2.744645252823829651e-02
2.464461885392665863e-02
2.397846989333629608e-02
2.424557693302631378e-02
2.453225478529930115e-02
2.481794916093349457e-02
2.368472330272197723e-02
2.411454916000366211e-02
2.416872605681419373e-02
2.541129663586616516e-02
2.357006631791591644e-02
2.376192249357700348e-02
2.383663132786750793e-02
2.494591102004051208e-02
2.328800968825817108e-02
2.352762781083583832e-02
2.349469996988773346e-02
2.480936422944068909e-02
2.299738489091396332e-02
2.368140593171119690e-02
2.329270169138908386e-02
2.576107159256935120e-02
2.309560216963291168e-02
2.341540344059467316e-02
2.384621463716030121e-02
2.366717532277107239e-02
2.465122938156127930e-02
2.290660701692104340e-02
2.673022821545600891e-02
2.309339679777622223e-02
2.473519369959831238e-02
2.518445439636707306e-02
2.571250870823860168e-02
2.376677468419075012e-02
2.322817035019397736e-02
2.466964907944202423e-02
2.279655262827873230e-02
2.479070425033569336e-02
2.358921058475971222e-02
2.536155655980110168e-02
2.374053560197353363e-02
2.448208443820476532e-02
2.322141453623771667e-02
2.404855005443096161e-02
2.374226413667201996e-02
2.308718115091323853e-02
2.395510114729404449e-02
2.277658693492412567e-02
2.278564497828483582e-02
2.524144947528839111e-02
2.307224459946155548e-02
2.532869577407836914e-02
2.344209142029285431e-02
2.735638432204723358e-02
2.333617769181728363e-02
2.518534474074840546e-02
2.522323653101921082e-02
2.685451135039329529e-02
2.340557239949703217e-02
2.329127304255962372e-02
2.649331279098987579e-02
2.472090534865856171e-02
2.532672509551048279e-02
2.474576421082019806e-02
2.582781575620174408e-02
2.567577734589576721e-02
2.507187426090240479e-02
2.519982866942882538e-02
2.451516687870025635e-02
2.535009197890758514e-02
2.407145686447620392e-02
2.360350079834461212e-02
2.363030612468719482e-02
2.385498583316802979e-02
2.407103963196277618e-02
2.352325059473514557e-02
2.376786805689334869e-02
2.345808036625385284e-02
2.425820007920265198e-02
2.292482182383537292e-02
2.309148758649826050e-02
2.314408868551254272e-02
2.409531548619270325e-02
2.395588345825672150e-02
2.341405861079692841e-02
2.327386848628520966e-02
2.295372821390628815e-02
2.275083772838115692e-02
2.268513478338718414e-02
2.264118753373622894e-02
2.265476994216442108e-02
2.260128408670425415e-02
2.320168726146221161e-02
2.456880174577236176e-02
2.174781076610088348e-02
2.255177311599254608e-02
2.747988514602184296e-02
2.564615383744239807e-02
2.717072330415248871e-02
2.714175172150135040e-02
2.580355107784271240e-02
3.012252226471900940e-02
2.438308298587799072e-02
2.720618620514869690e-02
2.527926489710807800e-02
2.509926259517669678e-02
2.272884175181388855e-02
2.384161576628684998e-02
2.395979687571525574e-02
2.611582539975643158e-02
2.421373128890991211e-02
2.390639483928680420e-02
2.492517232894897461e-02
2.323842234909534454e-02
2.393048815429210663e-02
2.355813421308994293e-02
2.414329722523689270e-02
2.460049092769622803e-02
2.321912534534931183e-02
2.546365186572074890e-02
2.507336065173149109e-02
2.417413517832756042e-02
2.616471052169799805e-02
2.331543155014514923e-02
2.503450214862823486e-02
2.284214831888675690e-02
2.291991375386714935e-02
2.355653233826160431e-02
2.274330705404281616e-02
2.266575582325458527e-02
2.263333462178707123e-02
2.288364991545677185e-02
2.280616573989391327e-02
2.224467135965824127e-02
2.264491841197013855e-02
2.286536246538162231e-02
2.375562675297260284e-02
2.344759367406368256e-02
2.349263615906238556e-02
2.274036034941673279e-02
2.388836629688739777e-02
2.502701804041862488e-02
2.345148660242557526e-02
2.439092099666595459e-02
2.240421064198017120e-02
2.280243113636970520e-02
2.467829361557960510e-02
2.338075079023838043e-02
2.265969663858413696e-02
2.514093928039073944e-02
2.285950817167758942e-02
2.384518086910247803e-02
2.542750909924507141e-02
2.235748432576656342e-02
2.872752957046031952e-02
2.376486361026763916e-02
2.556078508496284485e-02
2.319335751235485077e-02
2.586341090500354767e-02
2.442121319472789764e-02
2.373218722641468048e-02
2.453104965388774872e-02
2.316214703023433685e-02
2.525918185710906982e-02
2.329967357218265533e-02
2.402017638087272644e-02
2.348167076706886292e-02
2.302859537303447723e-02
2.583313360810279846e-02
2.315878681838512421e-02
2.727443911135196686e-02
2.508932538330554962e-02
2.565759420394897461e-02
2.908398024737834930e-02
2.422386594116687775e-02
2.417994104325771332e-02
2.411216497421264648e-02
2.360423468053340912e-02
2.533763647079467773e-02
2.390525676310062408e-02
2.526714280247688293e-02
2.393793687224388123e-02
2.501247450709342957e-02
2.358277328312397003e-02
2.325485274195671082e-02
2.308966778218746185e-02
2.334403805434703827e-02
2.324812859296798706e-02
2.299260534346103668e-02
2.299142256379127502e-02
2.302058413624763489e-02
2.292481809854507446e-02
2.295994572341442108e-02
2.288206294178962708e-02
2.286219783127307892e-02
2.271986566483974457e-02
2.294111810624599457e-02
2.284391596913337708e-02
2.288102917373180389e-02
2.293088100850582123e-02
2.238481305539608002e-02
2.638697810471057892e-02
2.329748310148715973e-02
2.444297075271606445e-02
2.347381971776485443e-02
2.477789111435413361e-02
2.548605203628540039e-02
2.300269156694412231e-02
2.346641011536121368e-02
2.453535795211791992e-02
2.513192594051361084e-02
2.421349287033081055e-02
2.356505580246448517e-02
2.695751376450061798e-02
2.498705685138702393e-02
2.517492882907390594e-02
2.582217939198017120e-02
2.491306699812412262e-02
2.444545738399028778e-02
2.331153489649295807e-02
2.314331196248531342e-02
2.293562516570091248e-02
2.455313690006732941e-02
2.354170382022857666e-02
2.411604486405849457e-02
2.327839843928813934e-02
2.362012676894664764e-02
2.316713146865367889e-02
2.337931096553802490e-02
2.332431823015213013e-02
2.292966283857822418e-02
2.516263909637928009e-02
2.381612733006477356e-02
2.471512183547019958e-02
2.564646489918231964e-02
2.267076633870601654e-02
2.617548033595085144e-02
2.291607297956943512e-02
2.452856302261352539e-02
2.346046827733516693e-02
2.658795006573200226e-02
2.421545796096324921e-02
2.494312822818756104e-02
2.474887669086456299e-02
2.536843717098236084e-02
2.475048974156379700e-02
2.446176484227180481e-02
2.461616694927215576e-02
2.442290261387825012e-02
2.473789826035499573e-02
2.446794696152210236e-02
2.418988943099975586e-02
2.401516772806644440e-02
2.412883937358856201e-02
2.435048297047615051e-02
2.373693510890007019e-02
2.386043593287467957e-02
2.378296665847301483e-02
2.383059076964855194e-02
2.428621053695678711e-02
2.410386502742767334e-02
2.330810576677322388e-02
2.678322605788707733e-02
2.395409159362316132e-02
2.424144186079502106e-02
2.441930212080478668e-02
2.679008431732654572e-02
2.455878630280494690e-02
2.553939446806907654e-02
2.432249300181865692e-02
2.650385722517967224e-02
2.464818395674228668e-02
2.482531592249870300e-02
2.461599931120872498e-02
2.390361018478870392e-02
2.718894742429256439e-02
2.341890335083007812e-02
2.421903796494007111e-02
2.332423254847526550e-02
2.585150673985481262e-02
2.457259595394134521e-02
2.366137318313121796e-02
2.366828359663486481e-02
2.453215233981609344e-02
2.431170642375946045e-02
2.343845367431640625e-02
2.335125952959060669e-02
2.363687939941883087e-02
2.405317500233650208e-02
2.306801453232765198e-02
2.371255867183208466e-02
2.321608737111091614e-02
2.484352700412273407e-02
2.285629883408546448e-02
2.281420677900314331e-02
2.311866730451583862e-02
2.267678827047348022e-02
2.271741256117820740e-02
2.281624451279640198e-02
2.271372452378273010e-02
2.399064600467681885e-02
2.244425006210803986e-02
2.244042791426181793e-02
2.266828157007694244e-02
2.337592467665672302e-02
2.434180118143558502e-02
2.369826845824718475e-02
2.441932633519172668e-02
2.364611811935901642e-02
2.472780644893646240e-02
2.344744652509689331e-02
2.384479716420173645e-02
2.517245709896087646e-02
2.285812422633171082e-02
2.343275211751461029e-02
2.286226302385330200e-02
2.231541834771633148e-02
2.202280797064304352e-02
2.213961444795131683e-02
2.232551015913486481e-02
2.398187108337879181e-02
2.210353128612041473e-02
2.684046328067779541e-02
2.445738017559051514e-02
2.443788945674896240e-02
2.479769289493560791e-02
2.273728139698505402e-02
2.476198971271514893e-02
2.274227701127529144e-02
2.702587097883224487e-02
2.247713319957256317e-02
2.443868294358253479e-02
2.403306588530540466e-02
2.249479852616786957e-02
2.623893320560455322e-02
2.307464368641376495e-02
2.383566461503505707e-02
2.346946857869625092e-02
2.565735951066017151e-02
2.325398474931716919e-02
2.450633235275745392e-02
2.282110601663589478e-02
2.523587644100189209e-02
2.266599796712398529e-02
2.534462511539459229e-02
2.384549565613269806e-02
2.801990881562232971e-02
2.407195046544075012e-02
2.562451548874378204e-02
2.536946535110473633e-02
2.607576735317707062e-02
2.734659425914287567e-02
2.578144893050193787e-02
2.550528571009635925e-02
2.635352872312068939e-02
2.496911585330963135e-02
2.579496614634990692e-02
2.810197323560714722e-02
2.563697285950183868e-02
2.447826974093914032e-02
2.591655775904655457e-02
2.450901269912719727e-02
2.561289258301258087e-02
2.663844078779220581e-02
2.445775270462036133e-02
2.449296414852142334e-02
2.442908659577369690e-02
2.363326214253902435e-02
2.405643276870250702e-02
2.482913061976432800e-02
2.437853999435901642e-02
2.412102743983268738e-02
2.445142157375812531e-02
2.419542707502841949e-02
2.395884320139884949e-02
2.517693117260932922e-02
2.412557415664196014e-02
2.363681979477405548e-02
2.402471937239170074e-02
2.343489415943622589e-02
2.391378395259380341e-02
2.488692291080951691e-02
2.399848215281963348e-02
2.298428490757942200e-02
2.337549254298210144e-02
2.295110933482646942e-02
2.467624656856060028e-02
2.410238981246948242e-02
2.359630167484283447e-02
2.322332374751567841e-02
2.330786734819412231e-02
2.362871356308460236e-02
2.326585911214351654e-02
2.280904911458492279e-02
2.317645028233528137e-02
2.423757314682006836e-02
2.501148171722888947e-02
2.428587153553962708e-02
2.467662096023559570e-02
2.442868240177631378e-02
2.382675930857658386e-02
2.305514365434646606e-02
2.354503236711025238e-02
2.438833191990852356e-02
2.393514476716518402e-02
2.348216064274311066e-02
2.375507168471813202e-02
2.441722154617309570e-02
2.431338652968406677e-02
2.284995652735233307e-02
2.322771027684211731e-02
2.277443744242191315e-02
2.513148263096809387e-02
2.457998692989349365e-02
2.370794676244258881e-02
2.412120811641216278e-02
2.374576032161712646e-02
2.445269003510475159e-02
2.521925978362560272e-02
2.332502789795398712e-02
2.334912493824958801e-02
2.336756512522697449e-02
2.284758724272251129e-02
2.382248081266880035e-02
2.335817180573940277e-02
2.250218577682971954e-02
2.359412051737308502e-02
2.373171411454677582e-02
2.499079331755638123e-02
2.232743985950946808e-02
2.287298813462257385e-02
2.241769991815090179e-02
2.387095987796783447e-02
2.252737618982791901e-02
2.315624803304672241e-02
2.335779182612895966e-02
2.288778871297836304e-02
2.371382154524326324e-02
2.365891076624393463e-02
2.352595515549182892e-02
2.335760928690433502e-02
2.597196213901042938e-02
2.409417927265167236e-02
2.261113561689853668e-02
2.287795208394527435e-02
2.435414306819438934e-02
2.499246038496494293e-02
2.446033433079719543e-02
2.437948994338512421e-02
2.379566617310047150e-02
2.511451765894889832e-02
2.462863922119140625e-02
2.373860217630863190e-02
2.409792505204677582e-02
2.456116490066051483e-02
2.570049650967121124e-02
2.482455782592296600e-02
2.482940256595611572e-02
2.492691576480865479e-02
2.466106228530406952e-02
2.548289671540260315e-02
2.388143353164196014e-02
2.405935712158679962e-02
2.381060644984245300e-02
2.466637268662452698e-02
2.478669211268424988e-02
2.355408109724521637e-02
2.359079755842685699e-02
2.334570325911045074e-02
2.396542020142078400e-02
2.398163639008998871e-02
2.294381707906723022e-02
2.290994673967361450e-02
2.411701157689094543e-02
2.388088032603263855e-02
2.427170798182487488e-02
2.293857000768184662e-02
2.844144217669963837e-02
2.299801446497440338e-02
2.569295465946197510e-02
2.290583029389381409e-02
2.691079862415790558e-02
2.361296117305755615e-02
2.335959859192371368e-02
2.321345359086990356e-02
2.329605072736740112e-02
2.450587227940559387e-02
2.287825010716915131e-02
2.434665337204933167e-02
2.335597574710845947e-02
2.714370004832744598e-02
2.320677414536476135e-02
2.465836517512798309e-02
2.446334064006805420e-02
2.353239618241786957e-02
2.548044919967651367e-02
2.347254939377307892e-02
2.373344264924526215e-02
2.419090457260608673e-02
2.316831983625888824e-02
2.407239004969596863e-02
2.387292683124542236e-02
2.333315275609493256e-02
2.395813167095184326e-02
2.296711690723896027e-02
2.341024018824100494e-02
2.438165433704853058e-02
2.314812317490577698e-02
2.314021252095699310e-02
2.377412654459476471e-02
2.279043383896350861e-02
2.374404482543468475e-02
2.395937964320182800e-02
2.289970964193344116e-02
2.310850098729133606e-02
2.304941788315773010e-02
2.284071780741214752e-02
2.325366064906120300e-02
2.273782156407833099e-02
2.351600490510463715e-02
2.314474061131477356e-02
2.380084805190563202e-02
2.334308065474033356e-02
2.360868640244007111e-02
2.363854832947254181e-02
2.358906902372837067e-02
2.336429990828037262e-02
2.297917753458023071e-02
2.302056923508644104e-02
2.307606302201747894e-02
2.372695505619049072e-02
2.338854782283306122e-02
2.371525391936302185e-02
2.428507246077060699e-02
2.346444688737392426e-02
2.413672022521495819e-02
2.449315413832664490e-02
2.354002185165882111e-02
2.344083227217197418e-02
2.340958639979362488e-02
2.310063503682613373e-02
2.365452609956264496e-02
2.428960427641868591e-02
2.303593978285789490e-02
2.306652255356311798e-02
2.327753603458404541e-02
2.475883439183235168e-02
2.324678562581539154e-02
2.425129711627960205e-02
2.294516563415527344e-02
2.362815476953983307e-02
2.344272658228874207e-02
2.317088469862937927e-02
2.326037362217903137e-02
2.317951060831546783e-02
2.388117648661136627e-02
2.349088899791240692e-02
2.297902293503284454e-02
2.318794280290603638e-02
2.269299700856208801e-02
2.336804196238517761e-02
2.412915416061878204e-02
2.366860769689083099e-02
2.344108186662197113e-02
2.368647418916225433e-02
2.349637262523174286e-02
2.472551353275775909e-02
2.343599312007427216e-02
2.357935346662998199e-02
2.316800877451896667e-02
2.343018539249897003e-02
2.311738207936286926e-02
2.276206202805042267e-02
2.262035943567752838e-02
2.264897152781486511e-02
2.269703894853591919e-02
2.284644171595573425e-02
2.348844520747661591e-02
2.322047576308250427e-02
2.331583946943283081e-02
2.357608266174793243e-02
2.381729893386363983e-02
2.377589419484138489e-02
2.381999790668487549e-02
2.346395887434482574e-02
2.328951843082904816e-02
2.370476163923740387e-02
2.356410212814807892e-02
2.383516728878021240e-02
2.376095764338970184e-02
2.326059155166149139e-02
2.405261620879173279e-02
2.335985377430915833e-02
2.459613792598247528e-02
2.266501821577548981e-02
2.332067303359508514e-02
2.300095371901988983e-02
2.256363257765769958e-02
2.310488745570182800e-02
2.265795320272445679e-02
2.376843988895416260e-02
2.286522835493087769e-02
2.292249538004398346e-02
2.420299872756004333e-02
2.209519781172275543e-02
2.449457161128520966e-02
2.340229041874408722e-02
2.265071310102939606e-02
2.359318919479846954e-02
2.330938912928104401e-02
2.346831932663917542e-02
2.391320839524269104e-02
2.339719049632549286e-02
2.367774769663810730e-02
2.385449968278408051e-02
2.314114011824131012e-02
2.402766421437263489e-02
2.327735908329486847e-02
2.320718951523303986e-02
2.498815581202507019e-02
2.305262535810470581e-02
2.333331666886806488e-02
2.345268242061138153e-02
2.272072993218898773e-02
2.352285571396350861e-02
2.305223233997821808e-02
2.257132716476917267e-02
2.282286249101161957e-02
2.258221060037612915e-02
2.290535531938076019e-02
2.332360297441482544e-02
2.279146760702133179e-02
2.282143197953701019e-02
2.267384715378284454e-02
2.253748662769794464e-02
2.752106450498104095e-02
2.435357868671417236e-02
2.668672613799571991e-02
2.616756223142147064e-02
2.546932175755500793e-02
2.666257135570049286e-02
2.481482550501823425e-02
2.642752416431903839e-02
2.470423281192779541e-02
2.536845020949840546e-02
2.590935118496417999e-02
2.455685660243034363e-02
2.488701231777667999e-02
2.413153089582920074e-02
2.501819655299186707e-02
2.545307204127311707e-02
2.422310784459114075e-02
2.366279996931552887e-02
2.645152062177658081e-02
2.339036948978900909e-02
2.568817511200904846e-02
2.349025756120681763e-02
2.497839741408824921e-02
2.652714960277080536e-02
2.354359813034534454e-02
2.577598206698894501e-02
2.554553933441638947e-02
2.362457849085330963e-02
2.497585117816925049e-02
2.499787323176860809e-02
2.293723076581954956e-02
2.451561391353607178e-02
2.387523464858531952e-02
2.386897616088390350e-02
2.476548589766025543e-02
2.292084321379661560e-02
2.296454459428787231e-02
2.299006469547748566e-02
2.256210893392562866e-02
2.365143597126007080e-02
2.333953045308589935e-02
2.287816628813743591e-02
2.338743768632411957e-02
2.331092022359371185e-02
2.378392592072486877e-02
2.380345202982425690e-02
2.303361706435680389e-02
2.324001118540763855e-02
2.307510189712047577e-02
2.380005829036235809e-02
2.406786195933818817e-02
2.340699732303619385e-02
2.318231388926506042e-02
2.330828271806240082e-02
2.305388636887073517e-02
2.295629121363162994e-02
2.307995222508907318e-02
2.240339480340480804e-02
2.333114668726921082e-02
2.315902896225452423e-02
2.329142950475215912e-02
2.426178753376007080e-02
2.335635758936405182e-02
2.296996675431728363e-02
2.300379984080791473e-02
2.300381846725940704e-02
2.299300581216812134e-02
2.311181835830211639e-02
2.311054617166519165e-02
2.294413372874259949e-02
2.294174581766128540e-02
2.277924679219722748e-02
2.290417812764644623e-02
2.304913662374019623e-02
2.304681204259395599e-02
2.290899120271205902e-02
2.296321839094161987e-02
2.273839153349399567e-02
2.277018688619136810e-02
2.273796312510967255e-02
2.291631884872913361e-02
2.286941371858119965e-02
2.288063243031501770e-02
2.276166528463363647e-02
2.276944555342197418e-02
2.271079830825328827e-02
2.266185916960239410e-02
2.259991876780986786e-02
2.267425693571567535e-02
2.258373983204364777e-02
2.258039079606533051e-02
2.259262837469577789e-02
2.265222743153572083e-02
2.265906147658824921e-02
2.281071431934833527e-02
2.273065596818923950e-02
2.267343178391456604e-02
2.321511879563331604e-02
2.360107377171516418e-02
2.275037206709384918e-02
2.309632115066051483e-02
2.272718213498592377e-02
2.311564050614833832e-02
2.274211496114730835e-02
2.251989021897315979e-02
2.247961796820163727e-02
2.253429219126701355e-02
2.239615283906459808e-02
2.238208614289760590e-02
2.225897647440433502e-02
2.222799696028232574e-02
2.232066355645656586e-02
2.224037982523441315e-02
2.225906215608119965e-02
2.228357456624507904e-02
2.212817594408988953e-02
2.207097038626670837e-02
2.231629751622676849e-02
2.233121730387210846e-02
2.315336838364601135e-02
2.251124940812587738e-02
2.358857914805412292e-02
2.244743146002292633e-02
2.420927584171295166e-02
2.236851491034030914e-02
2.279860526323318481e-02
2.245878614485263824e-02
2.260524593293666840e-02
2.431791834533214569e-02
2.231550030410289764e-02
2.361964993178844452e-02
2.248733863234519958e-02
2.355059050023555756e-02
2.295043133199214935e-02
2.281333692371845245e-02
2.352497912943363190e-02
2.216484211385250092e-02
2.244981192052364349e-02
2.243377827107906342e-02
2.235610224306583405e-02
2.227371372282505035e-02
2.220457047224044800e-02
2.216290868818759918e-02
2.228496409952640533e-02
2.233217470347881317e-02
2.233831025660037994e-02
2.305340580642223358e-02
2.341673709452152252e-02
2.257377281785011292e-02
2.281022258102893829e-02
2.227379940450191498e-02
2.342301979660987854e-02
2.201032452285289764e-02
2.430056035518646240e-02
2.242819406092166901e-02
2.333982847630977631e-02
2.278401516377925873e-02
2.330444194376468658e-02
2.363173291087150574e-02
2.293991483747959137e-02
2.294198423624038696e-02
2.410032041370868683e-02
2.373982034623622894e-02
2.433569729328155518e-02
2.259852550923824310e-02
2.448398247361183167e-02
2.297846227884292603e-02
2.427760884165763855e-02
2.390759997069835663e-02
2.335685305297374725e-02
2.308986708521842957e-02
2.276818081736564636e-02
2.506309561431407928e-02
2.294928394258022308e-02
2.401502802968025208e-02
2.260954119265079498e-02
2.504013106226921082e-02
2.253652177751064301e-02
2.403229288756847382e-02
2.279504388570785522e-02
2.444197610020637512e-02
2.304935269057750702e-02
2.373836562037467957e-02
2.285391464829444885e-02
2.399182505905628204e-02
2.279671095311641693e-02
2.334316633641719818e-02
2.292459458112716675e-02
2.266097255051136017e-02
2.367734350264072418e-02
2.233624644577503204e-02
2.403648570179939270e-02
2.218500152230262756e-02
2.417510375380516052e-02
2.265889011323451996e-02
2.373600192368030548e-02
2.300000749528408051e-02
2.411888539791107178e-02
2.284884639084339142e-02
2.314970828592777252e-02
2.308050543069839478e-02
2.272175066173076630e-02
2.336923219263553619e-02
2.222466282546520233e-02
2.262759767472743988e-02
2.225907705724239349e-02
2.263975329697132111e-02
2.230388484895229340e-02
2.216951921582221985e-02
2.268164418637752533e-02
2.230065502226352692e-02
2.318770065903663635e-02
2.236962132155895233e-02
2.335278131067752838e-02
2.229573391377925873e-02
2.369030006229877472e-02
2.253104932606220245e-02
2.298259176313877106e-02
2.339466102421283722e-02
2.226964570581912994e-02
2.389543876051902771e-02
2.351824380457401276e-02
2.253699861466884613e-02
2.352071180939674377e-02
2.258992381393909454e-02
2.298377268016338348e-02
2.275059744715690613e-02
2.268719486892223358e-02
2.261804975569248199e-02
2.248241566121578217e-02
2.236960269510746002e-02
2.218844555318355560e-02
2.211434394121170044e-02
2.215456403791904449e-02
2.222069539129734039e-02
2.222110889852046967e-02
2.222325466573238373e-02
2.203250490128993988e-02
2.205395884811878204e-02
2.231638692319393158e-02
2.197002805769443512e-02
2.263959683477878571e-02
2.234242670238018036e-02
2.261846698820590973e-02
2.317387238144874573e-02
2.285146526992321014e-02
2.274967916309833527e-02
2.230913005769252777e-02
2.275083586573600769e-02
2.234269864857196808e-02
2.209527045488357544e-02
2.193291112780570984e-02
2.233936451375484467e-02
2.207914367318153381e-02
2.215838246047496796e-02
2.204774133861064911e-02
2.212565205991268158e-02
2.187156490981578827e-02
2.186425775289535522e-02
2.189993299543857574e-02
2.186751924455165863e-02
2.203012071549892426e-02
2.231574617326259613e-02
2.218993753194808960e-02
2.225424535572528839e-02
2.231042645871639252e-02
2.253748662769794464e-02
2.198386751115322113e-02
2.256148308515548706e-02
2.263051830232143402e-02
2.196994796395301819e-02
2.215289883315563202e-02
2.175196632742881775e-02
2.174711041152477264e-02
2.170777134597301483e-02
2.173248119652271271e-02
2.186305075883865356e-02
2.185138687491416931e-02
2.184534631669521332e-02
2.182365022599697113e-02
2.192022092640399933e-02
2.186401933431625366e-02
2.182982675731182098e-02
2.176562324166297913e-02
2.232956327497959137e-02
2.202066034078598022e-02
2.231789194047451019e-02
2.191328443586826324e-02
2.169775404036045074e-02
2.191710658371448517e-02
2.199595235288143158e-02
2.284216694533824921e-02
2.165085822343826294e-02
2.586890757083892822e-02
2.290097810328006744e-02
2.213646657764911652e-02
2.309968136250972748e-02
2.225295267999172211e-02
2.247683145105838776e-02
2.197885327041149139e-02
2.226734720170497894e-02
2.160995081067085266e-02
2.229278348386287689e-02
2.223299257457256317e-02
2.169520407915115356e-02
2.162506245076656342e-02
2.162328548729419708e-02
2.154540829360485077e-02
2.155400998890399933e-02
2.159929089248180389e-02
2.172304876148700714e-02
2.185288816690444946e-02
2.156710065901279449e-02
2.186085842549800873e-02
2.177239023149013519e-02
2.152197435498237610e-02
2.157824113965034485e-02
2.150108292698860168e-02
2.154611982405185699e-02
2.145831473171710968e-02
2.146315015852451324e-02
2.144139073789119720e-02
2.166049927473068237e-02
2.242850698530673981e-02
2.317007631063461304e-02
2.303894236683845520e-02
2.137850038707256317e-02
2.225923351943492889e-02
2.215862087905406952e-02
2.146450243890285492e-02
2.251226268708705902e-02
2.189614437520503998e-02
2.256313525140285492e-02
2.222626470029354095e-02
2.227663435041904449e-02
2.316878549754619598e-02
2.175449766218662262e-02
2.376168780028820038e-02
2.166206389665603638e-02
2.347842790186405182e-02
2.180106192827224731e-02
2.355130575597286224e-02
2.194302156567573547e-02
2.157785557210445404e-02
2.165111340582370758e-02
2.171397395431995392e-02
2.197820879518985748e-02
2.188834175467491150e-02
2.218683622777462006e-02
2.203973382711410522e-02
2.222655154764652252e-02
2.172113023698329926e-02
2.165833488106727600e-02
2.167508937418460846e-02
2.204483188688755035e-02
2.167859859764575958e-02
2.163193374872207642e-02
2.180305868387222290e-02
2.192703261971473694e-02
2.218341641128063202e-02
2.153747528791427612e-02
2.158395200967788696e-02
2.154533937573432922e-02
2.171371318399906158e-02
2.176286838948726654e-02
2.191615290939807892e-02
2.218644879758358002e-02
2.163696102797985077e-02
2.298538014292716980e-02
2.164426632225513458e-02
2.180957980453968048e-02
2.234862186014652252e-02
2.370522730052471161e-02
2.307988889515399933e-02
2.195191197097301483e-02
2.359837107360363007e-02
2.231677435338497162e-02
2.228680811822414398e-02
2.159651368856430054e-02
2.220678515732288361e-02
2.148199267685413361e-02
2.180648036301136017e-02
2.197081595659255981e-02
2.171652391552925110e-02
2.151701785624027252e-02
2.206293120980262756e-02
2.163321897387504578e-02
2.152322046458721161e-02
2.151441387832164764e-02
2.153681032359600067e-02
2.167360857129096985e-02
2.177182212471961975e-02
2.173830755054950714e-02
2.523891814053058624e-02
2.203297428786754608e-02
2.184536121785640717e-02
2.261827327311038971e-02
2.146504633128643036e-02
2.289884723722934723e-02
2.171657606959342957e-02
2.194651216268539429e-02
2.286893874406814575e-02
2.159760706126689911e-02
2.246450819075107574e-02
2.180979587137699127e-02
2.228474058210849762e-02
2.147715352475643158e-02
2.176507562398910522e-02
2.157553657889366150e-02
2.172224596142768860e-02
2.235172502696514130e-02
2.156044729053974152e-02
2.192696183919906616e-02
2.187386900186538696e-02
2.177730947732925415e-02
2.179544046521186829e-02
2.167066745460033417e-02
2.150591835379600525e-02
2.141044475138187408e-02
2.136628516018390656e-02
2.168601006269454956e-02
2.144740149378776550e-02
2.246586419641971588e-02
2.200223691761493683e-02
2.249940671026706696e-02
2.308345399796962738e-02
2.273512072861194611e-02
2.384758554399013519e-02
2.201221324503421783e-02
2.532695233821868896e-02
2.136397548019886017e-02
2.291442826390266418e-02
2.175424434244632721e-02
