-2.034310102462768555e-01
-9.674455225467681885e-02
3.118517994880676270e-02
-5.686123669147491455e-02
1.145311892032623291e-01
2.971051633358001709e-02
-4.111522436141967773e-02
8.352246135473251343e-03
-1.316660493612289429e-01
3.274723887443542480e-03
-9.957775473594665527e-03
1.097048670053482056e-01
6.128297746181488037e-02
5.778129771351814270e-02
6.877027451992034912e-02
1.099021732807159424e-02
-2.290615141391754150e-01
-3.482031822204589844e-02
8.379936218261718750e-02
-1.057548820972442627e-02
-2.323452532291412354e-01
1.532860100269317627e-01
-3.467503190040588379e-02
-1.993267685174942017e-01
1.766302436590194702e-01
4.565550386905670166e-02
1.565732508897781372e-01
6.994403898715972900e-02
1.025273352861404419e-01
-5.704686045646667480e-03
4.437607526779174805e-02
1.072080582380294800e-01
-1.687106192111968994e-01
-6.096127629280090332e-02
-5.631260573863983154e-02
1.560878008604049683e-01
-7.462163269519805908e-02
-9.259706735610961914e-02
-1.185726821422576904e-01
3.773935139179229736e-02
-1.723852753639221191e-01
1.009379178285598755e-01
-1.884354054927825928e-01
-6.236851215362548828e-02
5.076518654823303223e-02
-4.818318784236907959e-02
1.698726266622543335e-01
1.041868478059768677e-01
4.259566962718963623e-02
3.792452812194824219e-02
-8.017849922180175781e-02
-5.660847574472427368e-02
1.541870683431625366e-01
-1.313299983739852905e-01
-3.748083859682083130e-02
-1.014098525047302246e-01
-1.360293626785278320e-01
2.258829772472381592e-02
6.956343352794647217e-02
-2.594193816184997559e-02
-9.381994605064392090e-03
-7.708434760570526123e-02
-1.097929030656814575e-01
1.936032921075820923e-01
-5.961494147777557373e-02
3.268671035766601562e-02
5.615068972110748291e-02
4.633530974388122559e-02
8.986416459083557129e-02
-5.307787656784057617e-02
-8.621993660926818848e-02
1.987692564725875854e-01
1.382826268672943115e-02
-3.766091540455818176e-02
-9.506153315305709839e-02
-1.982050836086273193e-01
-8.280619978904724121e-02
4.432627558708190918e-02
6.100252270698547363e-02
8.062998950481414795e-02
-1.012844145298004150e-01
-2.639159560203552246e-02
-1.349682211875915527e-01
6.072419881820678711e-02
-4.163100570440292358e-02
1.550697684288024902e-01
1.974919438362121582e-02
-1.549613475799560547e-02
-6.435459852218627930e-02
-1.573850214481353760e-02
4.219801723957061768e-02
2.094198912382125854e-01
7.487623393535614014e-02
1.265023648738861084e-01
6.239086389541625977e-03
2.473250031471252441e-02
1.996424794197082520e-02
-1.055200099945068359e-01
1.023588329553604126e-01
-8.281154930591583252e-02
-1.211254820227622986e-01
1.538255959749221802e-01
2.665482461452484131e-02
-9.421738982200622559e-02
-1.327334642410278320e-01
-7.161732017993927002e-02
1.143286079168319702e-01
1.204568743705749512e-01
-1.393258571624755859e-04
5.713477730751037598e-02
-4.557260870933532715e-02
1.789170503616333008e-01
-1.278758049011230469e-03
-5.848126113414764404e-02
-1.816135644912719727e-02
2.143478393554687500e-02
5.073830485343933105e-03
4.595701396465301514e-02
2.273300290107727051e-02
-1.125552207231521606e-01
-1.456329226493835449e-02
1.916086673736572266e-02
-5.859009921550750732e-02
4.492196440696716309e-02
6.527112424373626709e-02
1.444920897483825684e-01
2.472592890262603760e-02
-9.666359424591064453e-02
-1.453276276588439941e-01
2.161547541618347168e-02
3.420159220695495605e-02
-1.998588442802429199e-01
-4.584140330553054810e-02
1.673568189144134521e-01
-5.160583555698394775e-02
6.864848732948303223e-02
2.736286818981170654e-02
8.489458262920379639e-02
2.833515405654907227e-03
-1.127084493637084961e-01
-1.424395442008972168e-01
2.018778473138809204e-01
3.392732143402099609e-02
4.913240671157836914e-02
7.095307111740112305e-03
-3.325563669204711914e-02
-3.694880008697509766e-02
-8.726876974105834961e-02
-5.071662366390228271e-02
-3.116700798273086548e-02
2.520591020584106445e-03
1.604564040899276733e-01
9.979842603206634521e-02
-7.727017998695373535e-02
1.207750588655471802e-01
7.783293724060058594e-02
8.031420409679412842e-02
1.596641540527343750e-01
8.735494315624237061e-02
-4.117861390113830566e-02
-3.985010087490081787e-02
1.392187178134918213e-02
4.812949895858764648e-02
3.792437165975570679e-02
-3.253114223480224609e-02
7.342278957366943359e-02
-4.089841246604919434e-02
5.651682615280151367e-02
1.447382122278213501e-01
2.411012202501296997e-01
7.375396788120269775e-03
-1.307727545499801636e-01
-5.751654505729675293e-03
-1.381546258926391602e-01
-7.129457592964172363e-02
-1.559989154338836670e-02
6.108573079109191895e-02
-1.038424372673034668e-01
9.878863394260406494e-02
-7.206865400075912476e-02
1.220670342445373535e-01
-1.827114820480346680e-01
-1.718536019325256348e-01
8.371159434318542480e-03
5.057390034198760986e-02
-2.434037625789642334e-02
1.420016735792160034e-01
8.485989272594451904e-02
-5.085200071334838867e-02
-1.222947984933853149e-01
1.049087196588516235e-01
-1.836752891540527344e-02
1.055697947740554810e-01
-6.112273037433624268e-02
4.432499408721923828e-04
9.385488927364349365e-02
-4.468202590942382812e-02
2.740362286567687988e-02
1.814841479063034058e-01
-3.742053359746932983e-02
-6.344588100910186768e-02
9.525135159492492676e-03
4.874074459075927734e-02
2.128392159938812256e-01
-3.046944737434387207e-03
8.967816829681396484e-02
-2.174905538558959961e-01
5.745775997638702393e-02
9.397803246974945068e-02
8.448836207389831543e-02
1.073177158832550049e-01
-2.306103706359863281e-03
-7.939431071281433105e-02
-4.522413015365600586e-02
1.042196154594421387e-01
2.380941063165664673e-01
8.412976562976837158e-02
1.189098060131072998e-01
-8.833319693803787231e-02
2.071529626846313477e-03
9.716486930847167969e-02
2.401724457740783691e-03
7.431556284427642822e-02
-1.411119103431701660e-02
-1.582179069519042969e-01
1.970178037881851196e-01
9.974320232868194580e-02
7.137145102024078369e-02
-3.343211114406585693e-02
1.771733164787292480e-02
6.625720858573913574e-02
1.810082048177719116e-01
-1.347964107990264893e-01
2.086640894412994385e-01
-7.092849910259246826e-02
-2.120638638734817505e-01
1.026736199855804443e-01
-2.684172987937927246e-02
-5.386206507682800293e-02
8.200205862522125244e-02
-9.634003043174743652e-02
-2.251952886581420898e-03
-2.309630066156387329e-02
5.871498584747314453e-02
-3.552646934986114502e-02
6.390848755836486816e-02
3.032565116882324219e-03
-9.950454533100128174e-02
-7.060676813125610352e-02
-1.098269298672676086e-01
2.614174783229827881e-02
-9.430572390556335449e-03
1.952567696571350098e-02
-1.082209199666976929e-01
1.694566160440444946e-01
-2.771914005279541016e-03
1.566925644874572754e-01
-1.148740798234939575e-01
-1.718437969684600830e-01
2.030266821384429932e-02
-1.323722451925277710e-01
5.665519833564758301e-02
-1.009340584278106689e-01
-2.670384943485260010e-02
-1.261740922927856445e-03
7.345262169837951660e-02
8.635818958282470703e-03
9.817387163639068604e-02
5.699396133422851562e-03
-8.005531132221221924e-02
-3.454464673995971680e-02
-5.686670541763305664e-02
-5.859532952308654785e-02
1.087841689586639404e-01
-9.874296188354492188e-02
8.298613131046295166e-02
7.239994406700134277e-02
5.095560848712921143e-02
-2.094070613384246826e-01
1.426132470369338989e-01
-5.283531546592712402e-02
1.524357050657272339e-01
1.182492822408676147e-01
1.672428846359252930e-02
-3.415958583354949951e-02
-6.359563767910003662e-02
-5.917412042617797852e-02
1.719471216201782227e-01
-2.002986967563629150e-01
2.527593076229095459e-02
-3.497093915939331055e-02
-2.649875730276107788e-02
2.624636888504028320e-02
-7.529790699481964111e-02
-1.909101009368896484e-02
4.679536819458007812e-02
7.363095879554748535e-02
2.102411687374114990e-01
1.001066714525222778e-01
-1.269111037254333496e-02
2.056993991136550903e-01
2.650204300880432129e-02
-4.840154945850372314e-02
1.504370570182800293e-02
2.669304609298706055e-03
-7.566002011299133301e-02
-8.441682159900665283e-02
3.388233482837677002e-02
2.071306854486465454e-01
-1.761961281299591064e-01
5.807022750377655029e-02
8.039028942584991455e-02
-6.069943308830261230e-02
4.220716655254364014e-02
3.186792135238647461e-02
5.454507470130920410e-02
-3.202479332685470581e-02
-4.945851862430572510e-02
-6.661535240709781647e-03
2.490438520908355713e-02
-6.621962785720825195e-02
5.332846194505691528e-02
5.888823792338371277e-02
1.682247966527938843e-01
-5.264109373092651367e-02
-1.053332313895225525e-01
1.532317250967025757e-01
3.917479515075683594e-02
-2.059067487716674805e-01
-9.900227189064025879e-03
-3.228376805782318115e-02
-1.842197775840759277e-02
7.434420287609100342e-02
-7.850974798202514648e-03
9.887894988059997559e-02
-2.490907907485961914e-03
2.559676393866539001e-02
6.768770515918731689e-02
3.872284293174743652e-02
9.052506089210510254e-02
1.339611858129501343e-01
1.216784119606018066e-02
-8.165489137172698975e-02
4.145133495330810547e-02
1.003362089395523071e-01
1.250057369470596313e-01
-4.657104611396789551e-02
-7.185512781143188477e-02
1.815931499004364014e-01
9.969294071197509766e-03
1.026286333799362183e-01
-7.862505316734313965e-02
1.187890022993087769e-01
-2.549414336681365967e-02
7.104389369487762451e-02
1.022222936153411865e-01
1.225420385599136353e-01
4.791399836540222168e-02
-8.445821702480316162e-02
1.649608165025711060e-01
-8.201841264963150024e-02
9.477202594280242920e-02
8.126626908779144287e-02
5.843698978424072266e-03
-9.618233144283294678e-02
1.181603148579597473e-01
-1.308161020278930664e-01
-5.288055539131164551e-02
1.430720984935760498e-01
2.966225147247314453e-04
6.997704505920410156e-02
-1.064142286777496338e-01
1.911026388406753540e-01
-4.398378729820251465e-02
-5.167841911315917969e-02
8.213962614536285400e-02
3.996047377586364746e-02
-7.934251427650451660e-02
-6.752863526344299316e-02
-4.788094758987426758e-02
1.657391637563705444e-01
-2.577307820320129395e-02
-4.913899302482604980e-02
-1.957575976848602295e-02
1.918312460184097290e-01
1.031373888254165649e-01
7.160486280918121338e-02
-1.041536033153533936e-01
3.294266760349273682e-02
2.116899192333221436e-01
-3.416302055120468140e-02
3.295407816767692566e-02
-9.672914445400238037e-02
1.469820588827133179e-01
1.941265165805816650e-02
4.131467640399932861e-02
4.141496121883392334e-02
-1.545593142509460449e-03
-1.460504978895187378e-01
-1.578717678785324097e-01
2.383310645818710327e-01
2.852422744035720825e-02
7.230319082736968994e-02
-4.667443037033081055e-02
2.518866956233978271e-02
1.115787774324417114e-01
1.691889762878417969e-02
-7.636027038097381592e-02
-1.011698693037033081e-01
5.525302886962890625e-02
1.303870528936386108e-01
-7.936084270477294922e-02
7.269382476806640625e-04
-1.962288171052932739e-01
1.078067719936370850e-02
2.632579207420349121e-02
-2.426396906375885010e-01
1.185445636510848999e-01
2.252238988876342773e-02
-1.374162286520004272e-01
-2.254202812910079956e-01
4.439577460289001465e-02
-8.641044795513153076e-02
1.137570291757583618e-01
-3.459696471691131592e-02
1.375360190868377686e-01
6.892432272434234619e-02
1.028011739253997803e-02
1.763266324996948242e-02
1.151482164859771729e-01
1.641875356435775757e-01
-1.632556319236755371e-02
1.723667234182357788e-01
1.034617424011230469e-02
-6.741890311241149902e-02
-4.113091528415679932e-02
-1.280048191547393799e-01
-6.697411835193634033e-02
1.453552097082138062e-01
2.523623704910278320e-01
1.108054071664810181e-01
1.224533170461654663e-01
1.069001704454421997e-01
-1.457020640373229980e-03
4.876330494880676270e-03
-1.949674189090728760e-01
2.371562272310256958e-01
-5.652440339326858521e-02
6.266550719738006592e-02
-4.128694534301757812e-03
2.108603715896606445e-02
-1.837508976459503174e-01
2.095680981874465942e-01
1.515808254480361938e-01
7.293671369552612305e-03
-6.709396839141845703e-03
-1.694759726524353027e-01
1.697417795658111572e-01
-3.713867068290710449e-02
4.704700410366058350e-02
5.344069004058837891e-02
-3.297623991966247559e-02
4.953545331954956055e-02
-6.195802986621856689e-02
-1.744545400142669678e-01
-3.150105476379394531e-02
-2.304580807685852051e-02
-8.332788944244384766e-02
7.849034667015075684e-02
2.561487257480621338e-02
2.295194566249847412e-02
-1.753611862659454346e-02
-6.181813776493072510e-02
1.067557930946350098e-02
4.023104906082153320e-03
1.465417295694351196e-01
7.217101752758026123e-02
1.292821913957595825e-01
-1.304887831211090088e-01
1.405351310968399048e-01
1.502753645181655884e-01
4.771620035171508789e-02
-1.032997369766235352e-01
3.728922083973884583e-02
3.727267682552337646e-02
-5.739463865756988525e-02
-2.213078737258911133e-02
2.455547451972961426e-02
6.289605796337127686e-02
-8.857905864715576172e-03
-4.279828071594238281e-02
1.997650116682052612e-01
-4.347434639930725098e-02
1.749542206525802612e-01
1.321795582771301270e-02
9.760323166847229004e-02
2.513819187879562378e-02
-1.140893995761871338e-02
2.063454687595367432e-01
1.426106691360473633e-02
