3.341643965244293302e+00
3.215923678874969660e+00
3.091608524322509766e+00
2.968948209285735995e+00
2.847973823547363281e+00
2.728444540500640780e+00
2.610164368152618319e+00
2.493206405639648349e+00
2.377385950088501065e+00
2.263006973266601385e+00
2.149805992841720581e+00
2.037714606523513883e+00
1.927830582857132047e+00
1.821205705404281616e+00
1.718880051374435336e+00
1.622129499912261963e+00
1.532247120141982943e+00
1.449913907051086470e+00
1.375237286090850830e+00
1.310527861118316650e+00
1.254387888312339827e+00
1.208356207609176725e+00
1.171711772680282593e+00
1.142222839593887374e+00
1.117231392860412509e+00
1.095480072498321578e+00
1.074399170279502824e+00
1.054185748100280762e+00
1.034008243680000216e+00
1.013208323717117221e+00
9.920932710170745628e-01
9.717407047748565230e-01
9.525351852178574052e-01
9.345424443483352217e-01
9.185101121664047685e-01
9.045774668455124345e-01
8.926728039979934248e-01
8.816024333238601240e-01
8.707812964916229470e-01
8.596430927515029685e-01
8.491882622241974099e-01
8.387030214071273804e-01
8.277874529361725076e-01
8.163739860057830366e-01
8.046458303928375466e-01
7.931415230035782082e-01
7.825614035129546675e-01
7.734010636806487593e-01
7.649961322546005027e-01
7.579260051250458208e-01
7.520734697580337969e-01
7.470143690705299822e-01
7.418316811323165672e-01
7.369039684534073320e-01
7.316814899444580300e-01
7.266928642988205178e-01
7.216187655925750954e-01
7.163964405655860457e-01
7.113552227616309898e-01
7.073734432458878008e-01
7.038571894168853538e-01
7.009350493550300376e-01
6.978266537189483643e-01
6.941118210554122481e-01
6.905165642499924150e-01
6.874630093574524148e-01
6.845221504569053428e-01
6.824969664216041787e-01
6.794737145304680093e-01
6.753898218274116960e-01
6.700757190585135969e-01
6.650426775217056496e-01
6.607556656002998574e-01
6.568013846874236616e-01
6.539141952991485152e-01
6.529456689953804238e-01
6.516348287463188393e-01
6.496171429753303528e-01
6.466911062598228455e-01
6.447698652744293657e-01
6.443520084023475203e-01
6.439668759703636169e-01
6.426716431975364463e-01
6.410586595535278098e-01
6.383462592959403548e-01
6.349448218941688982e-01
6.321982428431510703e-01
6.309716314077377097e-01
6.300981238484382185e-01
6.291609674692153487e-01
6.291120067238807900e-01
6.302363768219947371e-01
6.298450186848640886e-01
6.275236681103706360e-01
6.238978177309035811e-01
6.207836985588073286e-01
6.189166724681853804e-01
6.174813851714133772e-01
6.160480231046676636e-01
6.147254139184952226e-01
6.134649768471718279e-01
6.118500798940658125e-01
6.104502573609351668e-01
6.101347863674163596e-01
6.109471172094345093e-01
6.115677416324615256e-01
6.103828683495521323e-01
6.075132489204406738e-01
6.055210798978805098e-01
6.028904825448989646e-01
6.009564474225044250e-01
6.009738504886626975e-01
6.015082105994224992e-01
6.009970963001250999e-01
5.990788131952285989e-01
5.963105559349060059e-01
5.946126773953437361e-01
5.942972630262375322e-01
5.940150082111358421e-01
5.930130392313003318e-01
5.913533478975295798e-01
5.896404653787612471e-01
5.885027602314949480e-01
5.875488817691802979e-01
5.869339033961296082e-01
5.868581697344780190e-01
5.865513533353805542e-01
5.854634106159209983e-01
5.845603659749031289e-01
5.834997251629829851e-01
5.823477923870086226e-01
5.809603437781334367e-01
5.800280168652534041e-01
5.789630517363548723e-01
5.781064540147781150e-01
5.770835235714912859e-01
5.761470675468445268e-01
5.749590009450912254e-01
5.739362522959708945e-01
5.730143070220947710e-01
5.722611695528030396e-01
5.710995867848396301e-01
5.700434923171997514e-01
5.703394055366516335e-01
5.704127684235572593e-01
5.708812698721885681e-01
5.700491532683372720e-01
5.677207350730896218e-01
5.652267649769783242e-01
5.641359478235244973e-01
5.648463398218155351e-01
5.655648693442344443e-01
5.651490867137909380e-01
5.631806850433349609e-01
5.616293609142303245e-01
5.610893934965133223e-01
5.599337905645370705e-01
5.587188124656676802e-01
5.582665801048278809e-01
5.577842921018600908e-01
5.571220666170120239e-01
5.563323616981505904e-01
5.556402504444122314e-01
5.546839252114296182e-01
5.540302738547324690e-01
5.531560480594635010e-01
5.523725494742393050e-01
5.521783426403998885e-01
5.518818601965904680e-01
5.508647605776786360e-01
5.507567346096038374e-01
5.504494205117225203e-01
5.495016157627106157e-01
5.492785260081290977e-01
5.498529106378555742e-01
5.509275525808334795e-01
5.529896244406700134e-01
5.540448695421218428e-01
5.525811254978180154e-01
5.494334220886230025e-01
5.466778755187988725e-01
5.463783115148543867e-01
5.477976366877556069e-01
5.499175727367401345e-01
5.506564423441886458e-01
5.515940517187118974e-01
5.511874750256537947e-01
5.497617602348328081e-01
5.472631365060806052e-01
5.446766600012779014e-01
5.428007706999778970e-01
5.415222540497779402e-01
5.412813588976860268e-01
5.405539199709892273e-01
5.396620810031891313e-01
5.382230132818222046e-01
5.383235961198806763e-01
5.372641995549202187e-01
5.370334848761558755e-01
5.366886019706725852e-01
5.368655607104301231e-01
5.356691449880599531e-01
5.337466686964035256e-01
5.327229961752891763e-01
5.323250561952590498e-01
5.320269986987113953e-01
5.318914547562598738e-01
5.322248086333274397e-01
5.323555335402488931e-01
5.323103189468383345e-01
5.320559695363045183e-01
5.312369659543036970e-01
5.307794466614723650e-01
5.306644871830940025e-01
5.300193920731544051e-01
5.287419319152831809e-01
5.284088835120200889e-01
5.275346070528030840e-01
5.272522091865539107e-01
5.269504964351654497e-01
5.272741511464118513e-01
5.268911883234977944e-01
5.255769938230514526e-01
5.249973475933075173e-01
5.240270316600799116e-01
5.232403337955474631e-01
5.229595273733138594e-01
5.234531566500664201e-01
5.238143652677536011e-01
5.239245593547821045e-01
5.242033421993255171e-01
5.247240468859672990e-01
5.256553918123245683e-01
5.260322198271751848e-01
5.247546926140784773e-01
5.222539618611335976e-01
5.204308062791824785e-01
5.200723081827163252e-01
5.218395531177520974e-01
5.241753101348877175e-01
5.260061770677566528e-01
5.256495848298072815e-01
5.222622737288474815e-01
5.184512853622436079e-01
5.168286129832267983e-01
5.163398817181586997e-01
5.174183845520019531e-01
5.180632263422012551e-01
5.174938082695007546e-01
5.182578951120376809e-01
5.185876563191413879e-01
5.191703423857688682e-01
5.186959356069564819e-01
5.182334154844283614e-01
5.177393764257430808e-01
5.172748863697052002e-01
5.178908824920653853e-01
5.186278223991394043e-01
5.181061789393425210e-01
5.155376747250557390e-01
5.142344698309898599e-01
5.129835054278373274e-01
5.137528985738754050e-01
5.164125397801399009e-01
5.212964549660682456e-01
5.245822757482528909e-01
5.258583709597587363e-01
5.234858244657516479e-01
5.186571165919303672e-01
5.133531734347343001e-01
5.108081638813019021e-01
5.110188364982605203e-01
5.121232941746711731e-01
5.120306178927421792e-01
5.105931684374809265e-01
5.096856400370597395e-01
5.103778064250945601e-01
5.131339639425277488e-01
5.151160627603530440e-01
5.148724183440208657e-01
5.130539357662200484e-01
5.104562520980835405e-01
5.097247168421745744e-01
5.138095155358314292e-01
5.192988172173500505e-01
5.221706971526145491e-01
5.216740950942039268e-01
5.181741252541541831e-01
5.148680686950684038e-01
5.111478954553604348e-01
5.097230270504951033e-01
5.124097228050231712e-01
5.166135758161545244e-01
5.196219995617866738e-01
5.188957124948501143e-01
5.162838205695152727e-01
5.114245414733886719e-01
5.075471654534340349e-01
5.076691985130310503e-01
5.117821633815765603e-01
