6.182000160217285156e+00
4.947704792022705078e+00
9.884855270385742188e+00
6.082197189331054688e+00
7.342408180236816406e+00
1.591839075088500977e+00
1.606208682060241699e+00
1.599742054939270020e+00
1.606369495391845703e+00
8.961503028869628906e+00
4.291145801544189453e+00
4.049487113952636719e+00
4.341464996337890625e+00
7.442571163177490234e+00
1.810058712959289551e+00
1.853497743606567383e+00
6.763750076293945312e+00
2.890779495239257812e+00
1.522421240806579590e+00
1.267628574371337891e+01
1.592591404914855957e+00
1.738573074340820312e+00
1.493470191955566406e+01
1.599813222885131836e+00
6.315876007080078125e+00
1.603668332099914551e+00
1.586742281913757324e+00
8.736601829528808594e+00
3.606378555297851562e+00
6.615197181701660156e+00
2.514819383621215820e+00
7.391379356384277344e+00
1.493705511093139648e+00
1.603290319442749023e+00
3.439808845520019531e+00
3.496610164642333984e+00
4.450733184814453125e+00
1.590366482734680176e+00
8.621673583984375000e+00
4.255765438079833984e+00
1.994063973426818848e+00
4.752851486206054688e+00
1.546985507011413574e+00
3.982636213302612305e+00
2.827845335006713867e+00
3.196749687194824219e+00
6.212222099304199219e+00
3.883691549301147461e+00
7.420374870300292969e+00
1.603584647178649902e+00
2.411604404449462891e+00
1.603432178497314453e+00
6.059255123138427734e+00
4.291357994079589844e+00
1.605058550834655762e+00
1.600915551185607910e+00
1.603895187377929688e+00
8.949128150939941406e+00
2.621567487716674805e+00
2.883077621459960938e+00
4.027284622192382812e+00
1.578588962554931641e+00
7.197522163391113281e+00
1.919817447662353516e+00
1.534532904624938965e+00
1.903266191482543945e+00
1.642638564109802246e+00
1.261375808715820312e+01
1.944199919700622559e+00
1.604938864707946777e+00
1.574301004409790039e+00
4.646370410919189453e+00
5.488485813140869141e+00
1.628897428512573242e+00
6.845121383666992188e+00
4.285943508148193359e+00
2.766692161560058594e+00
3.245455980300903320e+00
1.594278931617736816e+00
2.487408638000488281e+00
2.842028856277465820e+00
1.532803058624267578e+00
1.926640629768371582e+00
5.245369434356689453e+00
1.904915809631347656e+00
2.466842889785766602e+00
1.065723228454589844e+01
1.596401572227478027e+00
3.300847053527832031e+00
5.615848064422607422e+00
1.584084510803222656e+00
4.145337104797363281e+00
6.966289520263671875e+00
1.498856186866760254e+00
5.268924713134765625e+00
1.602774143218994141e+00
5.864764690399169922e+00
7.141263961791992188e+00
4.862291812896728516e+00
4.850956916809082031e+00
1.484666109085083008e+00
5.053371429443359375e+00
1.482645034790039062e+00
4.058056354522705078e+00
3.470965623855590820e+00
1.189509963989257812e+01
1.598618626594543457e+00
3.752325534820556641e+00
3.119711637496948242e+00
3.180442810058593750e+00
5.127180576324462891e+00
2.128854990005493164e+00
6.932419776916503906e+00
2.842705011367797852e+00
1.343114185333251953e+01
1.642503738403320312e+00
1.550321817398071289e+00
3.527692794799804688e+00
1.603402495384216309e+00
3.839728832244873047e+00
9.068245887756347656e+00
2.800728082656860352e+00
2.765075683593750000e+00
1.943586587905883789e+00
1.600211501121520996e+00
1.575740933418273926e+00
1.407038593292236328e+01
2.661946296691894531e+00
1.499539017677307129e+00
1.604778170585632324e+00
6.100120067596435547e+00
2.181109428405761719e+00
2.488742828369140625e+00
1.606297016143798828e+00
3.294254541397094727e+00
1.602562665939331055e+00
2.914888143539428711e+00
1.601788997650146484e+00
4.590967655181884766e+00
1.603710651397705078e+00
1.521126985549926758e+00
3.301482677459716797e+00
5.140574455261230469e+00
2.848882198333740234e+00
1.708116054534912109e+00
2.187196731567382812e+00
5.218594551086425781e+00
4.372493267059326172e+00
2.999628543853759766e+00
4.249857902526855469e+00
1.814710140228271484e+00
2.545495033264160156e+00
6.874191761016845703e+00
2.133451700210571289e+00
1.930084943771362305e+00
2.431371927261352539e+00
1.603325366973876953e+00
7.532031059265136719e+00
2.233362674713134766e+00
1.605028390884399414e+00
5.872498512268066406e+00
1.066703891754150391e+01
4.836828231811523438e+00
4.082952976226806641e+00
2.264674186706542969e+00
3.857412338256835938e+00
2.128888607025146484e+00
1.568435668945312500e+00
2.284074068069458008e+00
2.097488403320312500e+00
3.242691993713378906e+00
2.046614646911621094e+00
3.812071800231933594e+00
1.603495955467224121e+00
6.476912021636962891e+00
1.602195382118225098e+00
5.045979499816894531e+00
1.593752741813659668e+00
1.605291247367858887e+00
1.602840542793273926e+00
1.568590879440307617e+00
4.307450771331787109e+00
3.074384450912475586e+00
1.612643957138061523e+00
2.815151214599609375e+00
3.379216194152832031e+00
3.833518028259277344e+00
2.997250556945800781e+00
3.350348949432373047e+00
1.599489092826843262e+00
3.359364509582519531e+00
2.778026819229125977e+00
4.822202682495117188e+00
2.292000055313110352e+00
1.541787147521972656e+00
1.526095151901245117e+00
3.178625106811523438e+00
8.008879661560058594e+00
2.883464813232421875e+00
3.002912759780883789e+00
4.250340461730957031e+00
2.857328176498413086e+00
1.604140281677246094e+00
2.700957059860229492e+00
2.644052505493164062e+00
5.913393020629882812e+00
1.601921558380126953e+00
2.716785430908203125e+00
5.651099681854248047e+00
3.561576604843139648e+00
8.270384788513183594e+00
1.605205178260803223e+00
3.342307090759277344e+00
4.462032794952392578e+00
3.123648881912231445e+00
5.294238090515136719e+00
3.036104917526245117e+00
1.602528572082519531e+00
5.687265396118164062e+00
3.236715078353881836e+00
1.530061125755310059e+00
3.534650802612304688e+00
3.382731914520263672e+00
1.576109170913696289e+00
1.599941134452819824e+00
5.087351322174072266e+00
2.535138607025146484e+00
2.321578979492187500e+00
1.598937869071960449e+00
4.936783790588378906e+00
2.341345310211181641e+00
1.601214885711669922e+00
1.604389905929565430e+00
8.917935371398925781e+00
1.601395964622497559e+00
1.594904303550720215e+00
1.949687361717224121e+00
2.624397993087768555e+00
1.595461010932922363e+00
1.586846828460693359e+00
5.415575504302978516e+00
4.692568778991699219e+00
2.523599624633789062e+00
5.347849369049072266e+00
3.610036134719848633e+00
1.519336581230163574e+00
1.583328127861022949e+00
6.764112949371337891e+00
2.471072673797607422e+00
2.487586021423339844e+00
5.937815189361572266e+00
3.851023674011230469e+00
1.597481369972229004e+00
1.601501941680908203e+00
2.315281867980957031e+00
1.602672934532165527e+00
3.269246578216552734e+00
1.475749850273132324e+00
4.770909786224365234e+00
1.599450349807739258e+00
2.476794004440307617e+00
1.803467273712158203e+00
3.164699554443359375e+00
2.589018821716308594e+00
5.636982440948486328e+00
1.461486911773681641e+01
6.342599868774414062e+00
1.600583791732788086e+00
1.600392103195190430e+00
7.053042411804199219e+00
1.602887868881225586e+00
3.477366685867309570e+00
2.168427944183349609e+00
2.098027944564819336e+00
4.413765907287597656e+00
4.230946063995361328e+00
5.648830413818359375e+00
1.605626821517944336e+00
1.605598092079162598e+00
2.926506280899047852e+00
6.088735580444335938e+00
6.425100326538085938e+00
7.590611457824707031e+00
6.597917079925537109e+00
3.046903371810913086e+00
3.949503898620605469e+00
7.326232433319091797e+00
8.681914329528808594e+00
1.526569366455078125e+00
1.594644427299499512e+00
3.586505174636840820e+00
2.348589658737182617e+00
5.167184829711914062e+00
2.613092422485351562e+00
2.196897029876708984e+00
1.576727986335754395e+00
1.601857423782348633e+00
3.098844766616821289e+00
4.153738021850585938e+00
4.873458862304687500e+00
4.812074661254882812e+00
3.148878097534179688e+00
3.241899013519287109e+00
1.605514526367187500e+00
1.607375144958496094e+00
2.619947671890258789e+00
1.500578212738037109e+01
5.102553844451904297e+00
1.003991222381591797e+01
2.940710067749023438e+00
2.341610908508300781e+00
1.540721058845520020e+00
2.137134313583374023e+00
1.602122783660888672e+00
5.921776771545410156e+00
1.990869045257568359e+00
1.556105375289916992e+00
1.735806703567504883e+00
3.905380725860595703e+00
2.818231821060180664e+00
1.599051713943481445e+00
1.457157969474792480e+00
2.744728803634643555e+00
4.938283920288085938e+00
2.200961112976074219e+00
2.391152143478393555e+00
2.800811529159545898e+00
1.610449671745300293e+00
2.038846492767333984e+00
3.815297126770019531e+00
5.545910835266113281e+00
4.202091217041015625e+00
5.528688430786132812e+00
1.602100610733032227e+00
1.603987693786621094e+00
6.250076293945312500e+00
2.129161119461059570e+00
5.020869255065917969e+00
1.448801231384277344e+01
1.850225090980529785e+00
3.015688419342041016e+00
2.200317382812500000e+00
1.619967818260192871e+00
1.727811574935913086e+00
1.598547339439392090e+00
1.263820838928222656e+01
7.068543910980224609e+00
2.856847286224365234e+00
3.442577838897705078e+00
8.429523468017578125e+00
7.677371501922607422e+00
1.592104434967041016e+00
1.075045776367187500e+01
1.490765571594238281e+00
1.602998614311218262e+00
2.139815807342529297e+00
3.707191228866577148e+00
1.604881525039672852e+00
6.226672172546386719e+00
7.925202369689941406e+00
1.581043243408203125e+00
5.282855987548828125e+00
5.767393112182617188e+00
7.068180084228515625e+00
1.078263282775878906e+01
1.600095033645629883e+00
2.538419246673583984e+00
1.434740066528320312e+01
1.673394203186035156e+00
1.599996924400329590e+00
1.422483730316162109e+01
1.799913048744201660e+00
6.194927692413330078e+00
2.248078823089599609e+00
2.734123945236206055e+00
1.587052106857299805e+00
1.594991087913513184e+00
1.417528915405273438e+01
2.008520126342773438e+00
8.821178436279296875e+00
9.413733482360839844e+00
1.727829813957214355e+00
1.603361487388610840e+00
1.575730443000793457e+00
1.606590509414672852e+00
1.600457429885864258e+00
4.015457630157470703e+00
1.597254157066345215e+00
1.605377674102783203e+00
4.614830017089843750e+00
1.870408892631530762e+00
2.742690563201904297e+00
1.606621503829956055e+00
1.597330927848815918e+00
1.604710102081298828e+00
1.592314362525939941e+00
2.138168573379516602e+00
4.694823265075683594e+00
3.331727266311645508e+00
2.766326904296875000e+00
1.727063298225402832e+00
1.605256080627441406e+00
5.221597194671630859e+00
4.707395553588867188e+00
1.590038537979125977e+00
6.006443023681640625e+00
1.599974870681762695e+00
3.470669269561767578e+00
1.847395658493041992e+00
2.995142698287963867e+00
4.709097862243652344e+00
2.556439161300659180e+00
1.603832602500915527e+00
7.050553798675537109e+00
2.211562633514404297e+00
3.048740386962890625e+00
1.601221323013305664e+00
1.601331233978271484e+00
2.019456386566162109e+00
6.798460483551025391e+00
5.195763111114501953e+00
2.117807865142822266e+00
1.560788154602050781e+00
4.835613250732421875e+00
4.359941005706787109e+00
4.567399978637695312e+00
3.760676860809326172e+00
2.126709461212158203e+00
8.508803367614746094e+00
1.568387985229492188e+00
3.961882114410400391e+00
1.605095028877258301e+00
1.552936434745788574e+00
3.657607793807983398e+00
1.603352665901184082e+00
1.995645523071289062e+00
1.496294307708740234e+01
1.865750074386596680e+00
4.896106719970703125e+00
2.264499187469482422e+00
1.634528994560241699e+00
3.442320823669433594e+00
3.866804838180541992e+00
1.605206131935119629e+00
2.752806901931762695e+00
7.348330497741699219e+00
3.477095842361450195e+00
2.206968307495117188e+00
1.825207948684692383e+00
1.625146746635437012e+00
2.678123950958251953e+00
4.389983177185058594e+00
1.604388713836669922e+00
5.869569778442382812e+00
3.869346380233764648e+00
3.872997999191284180e+00
4.788580417633056641e+00
2.291823387145996094e+00
1.618312478065490723e+00
6.848129272460937500e+00
5.922029495239257812e+00
4.004681587219238281e+00
1.597477316856384277e+00
5.770511627197265625e+00
1.684974193572998047e+00
1.606422185897827148e+00
4.214488983154296875e+00
2.282095909118652344e+00
2.860951185226440430e+00
3.315389633178710938e+00
3.983834981918334961e+00
2.535768032073974609e+00
3.685190677642822266e+00
3.885256528854370117e+00
1.905102252960205078e+00
2.855543851852416992e+00
3.513103485107421875e+00
2.510679244995117188e+00
2.516058444976806641e+00
4.033998012542724609e+00
3.304946899414062500e+00
3.320485353469848633e+00
2.273016214370727539e+00
1.607119560241699219e+00
3.941725969314575195e+00
4.600089550018310547e+00
1.012632560729980469e+01
9.697172164916992188e+00
1.576633214950561523e+00
1.545833706855773926e+00
6.465530872344970703e+00
4.561860084533691406e+00
1.274905300140380859e+01
2.673835992813110352e+00
7.638949394226074219e+00
2.661624908447265625e+00
1.784199237823486328e+00
1.873134851455688477e+00
1.785378575325012207e+00
8.313665390014648438e+00
2.923589229583740234e+00
9.649974822998046875e+00
8.062467575073242188e+00
1.601961255073547363e+00
4.983352661132812500e+00
9.057729721069335938e+00
2.804928779602050781e+00
5.789916515350341797e+00
4.506928920745849609e+00
1.591905713081359863e+00
2.066897153854370117e+00
5.368072509765625000e+00
6.199281215667724609e+00
1.271675300598144531e+01
2.771763324737548828e+00
1.601407408714294434e+00
1.159363174438476562e+01
1.049578666687011719e+01
2.530092954635620117e+00
1.599420428276062012e+00
1.918813467025756836e+00
4.474458217620849609e+00
3.786946773529052734e+00
3.076904058456420898e+00
1.839204668998718262e+00
2.235605001449584961e+00
5.382065773010253906e+00
1.603571891784667969e+00
1.502304649353027344e+01
1.136236381530761719e+01
7.501781940460205078e+00
2.304942131042480469e+00
3.608119726181030273e+00
4.274455547332763672e+00
1.775716662406921387e+00
1.791086912155151367e+00
1.604911208152770996e+00
1.490548014640808105e+00
1.558685421943664551e+00
2.486846685409545898e+00
3.933651208877563477e+00
1.566618084907531738e+00
1.604457736015319824e+00
6.741293907165527344e+00
5.849335670471191406e+00
3.862161159515380859e+00
1.607325196266174316e+00
9.019858360290527344e+00
5.842125415802001953e+00
4.599835872650146484e+00
1.596502661705017090e+00
3.737035989761352539e+00
4.173044681549072266e+00
3.833440065383911133e+00
1.723208546638488770e+00
1.535568714141845703e+00
3.301519393920898438e+00
7.989134788513183594e+00
1.780208587646484375e+00
1.603907108306884766e+00
1.525175094604492188e+00
7.970620155334472656e+00
2.239965915679931641e+00
1.596664905548095703e+00
4.775038242340087891e+00
1.464556694030761719e+01
3.760565042495727539e+00
3.684580802917480469e+00
8.916979789733886719e+00
2.424583911895751953e+00
1.599545359611511230e+00
2.228705644607543945e+00
6.051867961883544922e+00
1.576177358627319336e+00
3.901784896850585938e+00
1.605007052421569824e+00
1.602201938629150391e+00
1.263689613342285156e+01
1.602733731269836426e+00
1.600047111511230469e+00
3.419278860092163086e+00
2.610402584075927734e+00
4.217288017272949219e+00
4.251011848449707031e+00
1.605901956558227539e+00
1.891592979431152344e+00
1.333660411834716797e+01
1.900110244750976562e+00
1.572656273841857910e+00
5.870687484741210938e+00
1.601810097694396973e+00
1.499664783477783203e+00
5.523883342742919922e+00
2.174272060394287109e+00
2.750869750976562500e+00
3.493156433105468750e+00
1.579250693321228027e+00
1.604487180709838867e+00
3.396833181381225586e+00
1.596322894096374512e+00
9.281435966491699219e+00
1.676812171936035156e+00
8.101023674011230469e+00
1.587809801101684570e+00
3.650301456451416016e+00
1.951582312583923340e+00
1.605727672576904297e+00
3.506106615066528320e+00
3.060791254043579102e+00
2.142262220382690430e+00
3.304944515228271484e+00
4.975858688354492188e+00
1.701224446296691895e+00
6.110983848571777344e+00
1.603877663612365723e+00
1.602608323097229004e+00
2.899796009063720703e+00
1.605691790580749512e+00
8.350936889648437500e+00
1.663944840431213379e+00
1.817847132682800293e+00
1.602347254753112793e+00
1.950206995010375977e+00
3.966113567352294922e+00
1.516413450241088867e+00
5.492659091949462891e+00
3.655065298080444336e+00
1.450972175598144531e+01
1.600967645645141602e+00
1.602676033973693848e+00
8.244568824768066406e+00
3.750533103942871094e+00
1.603477239608764648e+00
1.600442409515380859e+00
3.008673429489135742e+00
2.905812263488769531e+00
3.656701803207397461e+00
1.736878395080566406e+00
4.155027866363525391e+00
1.654884219169616699e+00
2.893998622894287109e+00
2.904363870620727539e+00
7.158007621765136719e+00
1.595492720603942871e+00
2.700934171676635742e+00
1.491108512878417969e+01
1.877422213554382324e+00
1.421223878860473633e+00
1.215559387207031250e+01
1.603859305381774902e+00
1.604381561279296875e+00
4.197969436645507812e+00
3.991165637969970703e+00
1.055601310729980469e+01
1.597011685371398926e+00
1.606704354286193848e+00
2.746084928512573242e+00
4.832492828369140625e+00
5.379649162292480469e+00
1.604769706726074219e+00
7.416081428527832031e+00
4.262781620025634766e+00
1.463872194290161133e+00
1.605109095573425293e+00
1.056644058227539062e+01
1.600099682807922363e+00
1.602677226066589355e+00
2.830015182495117188e+00
5.326069355010986328e+00
5.233203887939453125e+00
3.289519071578979492e+00
2.380921363830566406e+00
1.545211911201477051e+00
2.784051179885864258e+00
1.622474074363708496e+00
1.572910547256469727e+00
4.711816787719726562e+00
3.759750604629516602e+00
2.002811431884765625e+00
5.881267070770263672e+00
2.289762258529663086e+00
1.603502631187438965e+00
6.915359973907470703e+00
1.738485455513000488e+00
3.765043735504150391e+00
1.580613374710083008e+00
5.097303390502929688e+00
1.600135803222656250e+00
1.602056145668029785e+00
3.099449634552001953e+00
1.602832317352294922e+00
4.701725006103515625e+00
3.200197696685791016e+00
2.673753023147583008e+00
1.738587141036987305e+00
9.371075630187988281e+00
3.133718252182006836e+00
3.679578304290771484e+00
1.936197042465209961e+00
1.255781555175781250e+01
2.821892499923706055e+00
1.595704555511474609e+00
2.583258628845214844e+00
2.268281459808349609e+00
6.383875846862792969e+00
1.513183975219726562e+01
9.013041496276855469e+00
2.126073360443115234e+00
1.645279765129089355e+00
4.664455413818359375e+00
3.952420234680175781e+00
1.188642406463623047e+01
4.809424877166748047e+00
1.466548824310302734e+01
3.842791795730590820e+00
5.368964672088623047e+00
2.517706394195556641e+00
2.165144681930541992e+00
1.604374647140502930e+00
1.556878805160522461e+00
1.604353904724121094e+00
4.627454280853271484e+00
4.101643562316894531e+00
3.335765600204467773e+00
1.603321433067321777e+00
1.600847721099853516e+00
4.109382152557373047e+00
3.626750469207763672e+00
1.602544665336608887e+00
1.604458451271057129e+00
1.783471345901489258e+00
4.195613861083984375e+00
1.603576064109802246e+00
5.749938011169433594e+00
4.302898883819580078e+00
1.569541811943054199e+00
1.430406761169433594e+01
8.872948646545410156e+00
1.605415701866149902e+00
3.263285160064697266e+00
1.519854664802551270e+00
3.032247781753540039e+00
1.605025172233581543e+00
1.862091302871704102e+00
1.596188664436340332e+00
4.744930744171142578e+00
4.432298183441162109e+00
3.621081590652465820e+00
7.793820381164550781e+00
5.158172607421875000e+00
1.606290936470031738e+00
2.291156530380249023e+00
2.720255851745605469e+00
2.384665012359619141e+00
4.028356075286865234e+00
5.265256881713867188e+00
9.043100357055664062e+00
1.868176937103271484e+00
5.683196544647216797e+00
1.453943371772766113e+00
1.979069232940673828e+00
2.830482482910156250e+00
1.574149489402770996e+00
8.282486915588378906e+00
1.516658067703247070e+00
3.138017654418945312e+00
1.489288806915283203e+00
5.416718006134033203e+00
1.605244517326354980e+00
3.348446607589721680e+00
1.603927135467529297e+00
5.446099758148193359e+00
4.928533077239990234e+00
1.575067520141601562e+00
1.595325231552124023e+00
1.603700518608093262e+00
3.068120241165161133e+00
5.356456279754638672e+00
1.605893254280090332e+00
3.002789020538330078e+00
4.056775093078613281e+00
7.910649299621582031e+00
1.600218534469604492e+00
2.562328338623046875e+00
1.101006698608398438e+01
4.229421615600585938e+00
1.492632865905761719e+00
1.602236390113830566e+00
4.048641681671142578e+00
2.475542545318603516e+00
1.600596547126770020e+00
4.514861106872558594e+00
2.781574249267578125e+00
1.569802761077880859e+00
1.631764769554138184e+00
2.063036918640136719e+00
3.939222335815429688e+00
1.602951526641845703e+00
3.444368839263916016e+00
1.596824526786804199e+00
3.346300125122070312e+00
3.249939203262329102e+00
9.381714820861816406e+00
1.591366648674011230e+00
2.593422889709472656e+00
3.756746053695678711e+00
7.236837387084960938e+00
5.994239807128906250e+00
2.020306110382080078e+00
1.397212696075439453e+01
2.605937480926513672e+00
3.902236223220825195e+00
1.241948890686035156e+01
2.134641170501708984e+00
1.973056554794311523e+00
1.595938444137573242e+00
2.003842115402221680e+00
4.346887588500976562e+00
5.978809833526611328e+00
1.603820323944091797e+00
3.148208618164062500e+00
1.605216145515441895e+00
1.590761661529541016e+00
2.702098369598388672e+00
4.989151954650878906e+00
8.244766235351562500e+00
4.484023571014404297e+00
4.181533813476562500e+00
1.652614951133728027e+00
3.438294649124145508e+00
3.246858358383178711e+00
5.275824069976806641e+00
1.655887961387634277e+00
1.604675292968750000e+00
2.965103149414062500e+00
1.599491119384765625e+00
1.852984905242919922e+00
2.145282983779907227e+00
1.428048896789550781e+01
2.175348281860351562e+00
1.471515893936157227e+00
2.484744310379028320e+00
4.615911483764648438e+00
5.215229511260986328e+00
4.469753265380859375e+00
1.047601032257080078e+01
2.164393186569213867e+00
2.456859111785888672e+00
4.209308147430419922e+00
1.580768823623657227e+00
5.296677589416503906e+00
1.605028152465820312e+00
3.567412853240966797e+00
4.098286628723144531e+00
4.117024898529052734e+00
1.604072332382202148e+00
2.317410945892333984e+00
1.604427576065063477e+00
4.219043254852294922e+00
3.878486394882202148e+00
1.587193489074707031e+00
4.289889335632324219e+00
1.346830940246582031e+01
1.604635596275329590e+00
4.020142078399658203e+00
1.363636398315429688e+01
2.312724113464355469e+00
5.825924873352050781e+00
1.765776753425598145e+00
7.023447036743164062e+00
3.333678007125854492e+00
2.988995313644409180e+00
3.592295408248901367e+00
3.972581863403320312e+00
7.080734252929687500e+00
6.025711536407470703e+00
9.663490295410156250e+00
1.983823895454406738e+00
3.125506877899169922e+00
6.576375961303710938e+00
1.477708816528320312e+00
1.603132009506225586e+00
1.581311583518981934e+00
2.179512977600097656e+00
3.429372549057006836e+00
1.787524104118347168e+00
1.591295003890991211e+00
7.732427597045898438e+00
5.616567611694335938e+00
1.703036665916442871e+00
1.903889060020446777e+00
3.612185955047607422e+00
2.654200315475463867e+00
2.491073608398437500e+00
9.754821777343750000e+00
1.854843616485595703e+00
2.501951694488525391e+00
5.998982429504394531e+00
2.839498996734619141e+00
2.011534452438354492e+00
8.412654876708984375e+00
1.604220032691955566e+00
2.105199337005615234e+00
1.604704856872558594e+00
2.573171377182006836e+00
5.869257450103759766e+00
6.361980915069580078e+00
4.544398784637451172e+00
3.154293298721313477e+00
6.993465423583984375e+00
1.604734301567077637e+00
1.570997476577758789e+00
3.731496572494506836e+00
1.395386695861816406e+01
1.606073260307312012e+00
4.403462886810302734e+00
1.160828495025634766e+01
1.601221323013305664e+00
4.138245582580566406e+00
1.931911230087280273e+00
1.603317975997924805e+00
1.603203058242797852e+00
1.605345606803894043e+00
1.860444784164428711e+00
9.314471244812011719e+00
1.452922821044921875e+00
1.299167060852050781e+01
5.056423664093017578e+00
1.482747197151184082e+00
5.306644439697265625e+00
1.598789930343627930e+00
1.877835750579833984e+00
1.605647325515747070e+00
6.824825286865234375e+00
1.461713910102844238e+00
3.750734567642211914e+00
2.600921392440795898e+00
1.551878690719604492e+00
4.815514087677001953e+00
6.034832000732421875e+00
8.888216972351074219e+00
1.540843725204467773e+00
1.602764248847961426e+00
1.596140146255493164e+00
3.672473907470703125e+00
8.670065879821777344e+00
8.312153816223144531e+00
4.453463554382324219e+00
1.932694673538208008e+00
1.594987392425537109e+00
1.602907419204711914e+00
1.597499370574951172e+00
1.061779785156250000e+01
5.566294670104980469e+00
1.604094982147216797e+00
9.717515945434570312e+00
1.766426444053649902e+00
4.327275753021240234e+00
3.163373708724975586e+00
2.497949838638305664e+00
2.623762607574462891e+00
2.692027330398559570e+00
1.605336189270019531e+00
2.868882417678833008e+00
2.615005493164062500e+00
6.215618133544921875e+00
7.095891952514648438e+00
1.802732467651367188e+00
2.890551805496215820e+00
4.632133483886718750e+00
1.605248928070068359e+00
2.000874519348144531e+00
3.321622848510742188e+00
5.486323833465576172e+00
4.286288738250732422e+00
1.575862407684326172e+00
1.959105968475341797e+00
1.573033690452575684e+00
4.474922657012939453e+00
1.596491336822509766e+00
1.509460449218750000e+01
3.896695613861083984e+00
1.603152394294738770e+00
1.920963287353515625e+00
1.569073081016540527e+00
2.217077493667602539e+00
2.868946552276611328e+00
1.594994783401489258e+00
2.322480440139770508e+00
8.194316864013671875e+00
1.602661013603210449e+00
6.305192947387695312e+00
8.648586273193359375e+00
1.603352785110473633e+00
1.599528074264526367e+00
1.836526155471801758e+00
2.461728572845458984e+00
1.605486273765563965e+00
2.792081117630004883e+00
8.337985038757324219e+00
1.440020942687988281e+01
8.214166641235351562e+00
4.215978145599365234e+00
5.053001880645751953e+00
1.602336645126342773e+00
2.756569147109985352e+00
1.979176878929138184e+00
1.599710702896118164e+00
2.422583341598510742e+00
7.069742202758789062e+00
1.602782011032104492e+00
1.887534976005554199e+00
1.561746358871459961e+00
5.612153530120849609e+00
1.267759704589843750e+01
3.687737226486206055e+00
1.599823713302612305e+00
1.604915499687194824e+00
1.605761528015136719e+00
5.041847705841064453e+00
1.070056247711181641e+01
4.779408454895019531e+00
2.051985740661621094e+00
2.324110269546508789e+00
5.646323204040527344e+00
2.893585681915283203e+00
2.375953912734985352e+00
1.526524901390075684e+00
1.601741671562194824e+00
2.694466590881347656e+00
1.586131691932678223e+00
3.370822668075561523e+00
1.722853422164916992e+00
1.305952453613281250e+01
1.585507512092590332e+00
7.690825939178466797e+00
4.198815345764160156e+00
7.258094310760498047e+00
1.327965354919433594e+01
4.894507408142089844e+00
1.600453376770019531e+00
2.255343437194824219e+00
4.858847618103027344e+00
1.457747697830200195e+00
1.738397359848022461e+00
4.862525939941406250e+00
3.994257926940917969e+00
3.295538902282714844e+00
4.384417533874511719e+00
3.154347181320190430e+00
1.606514453887939453e+00
1.601181030273437500e+00
1.712700843811035156e+00
1.604534983634948730e+00
6.700101852416992188e+00
1.701115965843200684e+00
1.131239318847656250e+01
1.476421594619750977e+00
4.577690601348876953e+00
1.596966981887817383e+00
7.400975704193115234e+00
2.531138420104980469e+00
1.596810102462768555e+00
2.512636899948120117e+00
3.351563692092895508e+00
6.695830345153808594e+00
3.018633604049682617e+00
2.423553466796875000e+00
1.872750639915466309e+00
9.056037902832031250e+00
1.604985117912292480e+00
3.142069578170776367e+00
1.598701000213623047e+00
4.317247390747070312e+00
1.908009052276611328e+00
4.367085933685302734e+00
1.596935629844665527e+00
3.948076725006103516e+00
1.594787597656250000e+00
1.606479644775390625e+00
2.217177152633666992e+00
7.789699554443359375e+00
4.477485179901123047e+00
2.255555629730224609e+00
1.856181621551513672e+00
1.357919979095458984e+01
7.533632278442382812e+00
1.601280450820922852e+00
2.152326583862304688e+00
6.787604331970214844e+00
2.444810867309570312e+00
2.158907651901245117e+00
6.365916252136230469e+00
3.173327922821044922e+00
3.231869220733642578e+00
3.365633487701416016e+00
1.182569694519042969e+01
1.603794693946838379e+00
1.565870404243469238e+00
5.089352130889892578e+00
8.386627197265625000e+00
8.585864067077636719e+00
1.297591590881347656e+01
1.845949053764343262e+00
1.600397467613220215e+00
1.070431709289550781e+01
2.058664560317993164e+00
1.605339288711547852e+00
3.616420984268188477e+00
1.595363020896911621e+00
4.379518508911132812e+00
3.084253787994384766e+00
8.648132324218750000e+00
6.272418975830078125e+00
4.009872436523437500e+00
1.576536536216735840e+00
3.611222982406616211e+00
4.890004634857177734e+00
1.628628492355346680e+00
1.603310942649841309e+00
1.815069794654846191e+00
1.522359013557434082e+00
3.115906000137329102e+00
1.618094444274902344e+00
3.307210206985473633e+00
1.532640337944030762e+00
1.605401039123535156e+00
1.604647397994995117e+00
3.610440731048583984e+00
3.278664350509643555e+00
3.199365615844726562e+00
3.806336641311645508e+00
5.113020420074462891e+00
1.470436096191406250e+00
1.603797435760498047e+00
1.603253960609436035e+00
2.513944625854492188e+00
1.491009235382080078e+00
3.702461242675781250e+00
1.603019356727600098e+00
2.700190305709838867e+00
1.602332234382629395e+00
3.460644006729125977e+00
1.594642519950866699e+00
6.238363265991210938e+00
3.942591428756713867e+00
4.333649635314941406e+00
1.595881342887878418e+00
1.646795034408569336e+00
1.605453610420227051e+00
2.202908992767333984e+00
2.497237205505371094e+00
2.844413042068481445e+00
3.026731252670288086e+00
2.894713163375854492e+00
1.602111697196960449e+00
3.367874145507812500e+00
9.873523712158203125e+00
1.600470662117004395e+00
4.940197944641113281e+00
3.671007156372070312e+00
1.600782632827758789e+00
5.940510749816894531e+00
3.452965021133422852e+00
3.352602481842041016e+00
3.411332368850708008e+00
2.881766557693481445e+00
1.603177666664123535e+00
3.170083999633789062e+00
1.595461726188659668e+00
3.937806367874145508e+00
2.344733238220214844e+00
2.826681852340698242e+00
1.180692005157470703e+01
1.599556565284729004e+00
6.495784759521484375e+00
4.301737308502197266e+00
1.592875838279724121e+00
1.565239787101745605e+00
3.043342828750610352e+00
5.590741634368896484e+00
2.010810136795043945e+00
1.502044010162353516e+01
2.943996906280517578e+00
2.670183897018432617e+00
4.687417507171630859e+00
1.566209554672241211e+00
4.519738674163818359e+00
3.963557243347167969e+00
2.685889720916748047e+00
8.740379333496093750e+00
1.606988191604614258e+00
1.604793667793273926e+00
2.560501813888549805e+00
1.594855070114135742e+00
1.597749114036560059e+00
7.808808326721191406e+00
3.248365163803100586e+00
1.602632999420166016e+00
6.610297679901123047e+00
8.160145759582519531e+00
1.577754974365234375e+00
2.471099376678466797e+00
1.599892616271972656e+00
1.775229930877685547e+00
1.604832530021667480e+00
3.525902032852172852e+00
2.901740074157714844e+00
6.555985450744628906e+00
1.639286756515502930e+00
3.062698125839233398e+00
2.351479291915893555e+00
2.455666780471801758e+00
1.494634270668029785e+00
1.018604946136474609e+01
4.922261238098144531e+00
1.579971432685852051e+00
1.605034708976745605e+00
4.330266952514648438e+00
1.285025978088378906e+01
1.605728507041931152e+00
6.299743652343750000e+00
1.590861558914184570e+00
3.659514188766479492e+00
3.597844600677490234e+00
1.603350162506103516e+00
3.326347589492797852e+00
4.332854747772216797e+00
4.810551166534423828e+00
5.481217384338378906e+00
3.853767871856689453e+00
1.517380952835083008e+00
4.081173896789550781e+00
8.523246765136718750e+00
1.587739109992980957e+00
3.697218656539916992e+00
1.743780970573425293e+00
3.210402250289916992e+00
1.601887226104736328e+00
9.405494689941406250e+00
1.726715445518493652e+00
1.605327010154724121e+00
8.478222846984863281e+00
2.596534490585327148e+00
1.038925933837890625e+01
2.464064359664916992e+00
7.468680381774902344e+00
3.737369060516357422e+00
5.694536209106445312e+00
1.580931663513183594e+00
3.766995906829833984e+00
4.202371597290039062e+00
2.555787563323974609e+00
1.606662869453430176e+00
3.344272375106811523e+00
2.455193042755126953e+00
6.897175788879394531e+00
1.160329723358154297e+01
9.699508666992187500e+00
3.619032144546508789e+00
2.100316524505615234e+00
7.379554271697998047e+00
2.462750196456909180e+00
5.128088474273681641e+00
2.538302183151245117e+00
3.688499450683593750e+00
1.598943948745727539e+00
1.605038523674011230e+00
1.464452505111694336e+00
4.605127334594726562e+00
1.605986595153808594e+00
1.596420645713806152e+00
3.565525531768798828e+00
1.602597594261169434e+00
1.598109364509582520e+00
3.897558212280273438e+00
1.363647556304931641e+01
9.311518669128417969e+00
5.556790828704833984e+00
2.637332677841186523e+00
4.330986976623535156e+00
2.523680210113525391e+00
3.817710399627685547e+00
1.069278430938720703e+01
1.596487641334533691e+00
4.454131126403808594e+00
4.796834468841552734e+00
1.919212579727172852e+00
2.470112800598144531e+00
1.354805374145507812e+01
6.195526123046875000e+00
3.727105140686035156e+00
1.518580079078674316e+00
5.827203750610351562e+00
1.604241013526916504e+00
1.257015800476074219e+01
9.833795547485351562e+00
3.612050294876098633e+00
1.601313114166259766e+00
1.637998342514038086e+00
1.543893098831176758e+00
4.917048454284667969e+00
1.559599757194519043e+00
3.853115320205688477e+00
2.053704500198364258e+00
1.999605178833007812e+00
2.643861532211303711e+00
6.118820190429687500e+00
1.584352135658264160e+00
1.675378322601318359e+00
1.765842080116271973e+00
2.520226955413818359e+00
4.742645263671875000e+00
1.597148656845092773e+00
3.279627799987792969e+00
4.660629749298095703e+00
2.230144500732421875e+00
5.844191551208496094e+00
1.752465248107910156e+00
1.605464935302734375e+00
1.604255557060241699e+00
4.810680389404296875e+00
1.819842219352722168e+00
1.548148274421691895e+00
1.602185487747192383e+00
3.239572525024414062e+00
5.096741199493408203e+00
3.595256805419921875e+00
4.255678653717041016e+00
8.107092857360839844e+00
3.170406818389892578e+00
3.081792354583740234e+00
1.605765223503112793e+00
1.598138093948364258e+00
6.205162048339843750e+00
1.603991508483886719e+00
6.484566211700439453e+00
1.597246766090393066e+00
1.713050842285156250e+00
1.603229880332946777e+00
1.596839070320129395e+00
3.972927808761596680e+00
2.454728126525878906e+00
4.509647369384765625e+00
2.539229154586791992e+00
1.366267967224121094e+01
2.616331100463867188e+00
1.452789115905761719e+01
1.604587078094482422e+00
5.507297515869140625e+00
8.767413139343261719e+00
2.521259069442749023e+00
7.894586563110351562e+00
1.583455562591552734e+00
2.290382385253906250e+00
9.637018203735351562e+00
2.071272373199462891e+00
6.271965026855468750e+00
8.302955627441406250e+00
2.444032430648803711e+00
1.594069242477416992e+00
5.588385105133056641e+00
5.578173637390136719e+00
1.579325556755065918e+00
3.253790378570556641e+00
2.958435535430908203e+00
3.979930639266967773e+00
6.978293895721435547e+00
3.662421226501464844e+00
3.625220060348510742e+00
1.541962265968322754e+00
2.055654525756835938e+00
1.608127951622009277e+00
7.054256916046142578e+00
8.843420982360839844e+00
6.844335556030273438e+00
1.568590402603149414e+00
1.605854630470275879e+00
1.596785545349121094e+00
1.601096153259277344e+00
1.538116216659545898e+00
1.969026684761047363e+00
1.603971004486083984e+00
3.645320892333984375e+00
1.041083526611328125e+01
1.603709816932678223e+00
5.186249732971191406e+00
5.485423564910888672e+00
3.160546541213989258e+00
1.674617648124694824e+00
4.400663852691650391e+00
4.721207141876220703e+00
5.050198078155517578e+00
1.025090599060058594e+01
1.602962255477905273e+00
3.530132532119750977e+00
2.819151878356933594e+00
4.400654315948486328e+00
2.539376735687255859e+00
4.273224353790283203e+00
1.664133667945861816e+00
6.317408561706542969e+00
1.592503666877746582e+00
4.681139945983886719e+00
4.181822776794433594e+00
3.808060884475708008e+00
2.292799234390258789e+00
1.809459686279296875e+00
1.942560672760009766e+00
1.592153906822204590e+00
2.889662981033325195e+00
3.960402011871337891e+00
1.675589323043823242e+00
1.852804899215698242e+00
2.144712209701538086e+00
4.428653717041015625e+00
5.790976047515869141e+00
4.340827465057373047e+00
4.196865558624267578e+00
1.154027938842773438e+01
4.371072292327880859e+00
2.675052165985107422e+00
4.897974014282226562e+00
4.265346050262451172e+00
1.599887371063232422e+00
2.433548927307128906e+00
1.605278849601745605e+00
1.608493208885192871e+00
3.330582380294799805e+00
2.007075786590576172e+00
1.603295445442199707e+00
1.221410560607910156e+01
3.644805669784545898e+00
1.576085567474365234e+00
1.604505538940429688e+00
4.969809532165527344e+00
1.779747486114501953e+00
3.435776472091674805e+00
8.652460098266601562e+00
4.046187400817871094e+00
3.156757831573486328e+00
6.589319229125976562e+00
1.603531599044799805e+00
2.853150129318237305e+00
8.712769508361816406e+00
2.429666519165039062e+00
6.034533977508544922e+00
1.601907849311828613e+00
1.589291453361511230e+00
1.600911736488342285e+00
3.035367727279663086e+00
1.799471378326416016e+00
5.035214900970458984e+00
8.046294212341308594e+00
4.918995380401611328e+00
7.386236667633056641e+00
1.605173468589782715e+00
4.372538566589355469e+00
1.522572755813598633e+00
6.184830665588378906e+00
4.412172794342041016e+00
1.719841480255126953e+00
2.143153667449951172e+00
4.333941459655761719e+00
1.904602050781250000e+00
8.549055099487304688e+00
8.984187126159667969e+00
1.575210332870483398e+00
1.534606456756591797e+00
1.852127313613891602e+00
4.036733150482177734e+00
2.492573738098144531e+00
3.997950792312622070e+00
4.241784572601318359e+00
1.599936246871948242e+00
5.856617450714111328e+00
1.898046255111694336e+00
1.586377024650573730e+00
6.273329734802246094e+00
3.210158109664916992e+00
2.618044853210449219e+00
1.259095764160156250e+01
1.941342830657958984e+00
1.603745460510253906e+00
2.387380838394165039e+00
1.603586316108703613e+00
5.052092552185058594e+00
3.616701602935791016e+00
1.900119781494140625e+00
1.651005625724792480e+00
6.126411914825439453e+00
8.981533050537109375e+00
1.549140334129333496e+00
3.717676162719726562e+00
1.891682147979736328e+00
2.705868959426879883e+00
1.540076136589050293e+00
1.040346336364746094e+01
3.575787544250488281e+00
1.594906806945800781e+00
7.142263889312744141e+00
3.186214923858642578e+00
3.921466827392578125e+00
3.192660093307495117e+00
1.605115890502929688e+00
1.715928077697753906e+00
8.439457893371582031e+00
2.354018688201904297e+00
1.601071834564208984e+00
3.395628690719604492e+00
6.268415451049804688e+00
1.907385468482971191e+00
1.725794911384582520e+00
4.173914432525634766e+00
3.373659372329711914e+00
1.933888912200927734e+00
1.602703571319580078e+00
1.602111697196960449e+00
2.415013074874877930e+00
8.375421524047851562e+00
7.497849464416503906e+00
3.089573144912719727e+00
4.030920505523681641e+00
6.494431972503662109e+00
3.835463047027587891e+00
1.698046922683715820e+00
1.603791594505310059e+00
1.602855920791625977e+00
1.702931642532348633e+00
4.016145706176757812e+00
8.652581214904785156e+00
6.603579521179199219e+00
3.699987888336181641e+00
2.866973638534545898e+00
2.177378654479980469e+00
1.603058934211730957e+00
2.683373689651489258e+00
3.333448648452758789e+00
3.785410881042480469e+00
2.098855257034301758e+00
1.511525273323059082e+00
1.605956196784973145e+00
9.563848495483398438e+00
7.151375770568847656e+00
3.238920688629150391e+00
3.823682785034179688e+00
8.957136154174804688e+00
4.054262638092041016e+00
2.074089765548706055e+00
3.870687961578369141e+00
1.595288991928100586e+00
2.421740055084228516e+00
6.303074836730957031e+00
3.721661090850830078e+00
2.077519178390502930e+00
5.290321826934814453e+00
1.600482225418090820e+00
1.421326065063476562e+01
1.603076696395874023e+00
4.410606861114501953e+00
2.255993843078613281e+00
3.640825033187866211e+00
3.942975997924804688e+00
4.930331707000732422e+00
1.524733066558837891e+00
3.343140840530395508e+00
1.602240920066833496e+00
1.592646360397338867e+00
2.497287750244140625e+00
2.911560297012329102e+00
1.489607334136962891e+00
3.634507179260253906e+00
2.134006500244140625e+00
2.469874858856201172e+00
2.093509674072265625e+00
4.276684761047363281e+00
1.503544807434082031e+00
2.533732891082763672e+00
9.547001838684082031e+00
2.013547897338867188e+00
2.984634876251220703e+00
3.679693698883056641e+00
2.456686258316040039e+00
1.602007746696472168e+00
4.461081981658935547e+00
2.010421752929687500e+00
1.734601259231567383e+00
1.221763324737548828e+01
1.534633159637451172e+00
2.151288509368896484e+00
7.403504848480224609e+00
3.715690374374389648e+00
3.813058376312255859e+00
1.211434936523437500e+01
1.604513883590698242e+00
8.445987701416015625e+00
3.258540868759155273e+00
4.188154220581054688e+00
2.385814666748046875e+00
1.601205706596374512e+00
1.605527520179748535e+00
2.743022441864013672e+00
1.604581117630004883e+00
6.925133228302001953e+00
3.924705982208251953e+00
2.892494440078735352e+00
8.497885704040527344e+00
5.743708133697509766e+00
6.922448158264160156e+00
5.193230628967285156e+00
1.603297710418701172e+00
1.955216884613037109e+00
3.321709156036376953e+00
4.107873916625976562e+00
1.604758620262145996e+00
2.761329650878906250e+00
5.877089500427246094e+00
1.753557205200195312e+00
3.083629369735717773e+00
3.743886470794677734e+00
2.607287168502807617e+00
7.763896942138671875e+00
3.164685726165771484e+00
1.579749464988708496e+00
6.232841968536376953e+00
2.696128845214843750e+00
1.605440378189086914e+00
1.857480883598327637e+00
2.788838148117065430e+00
4.956851005554199219e+00
1.895257949829101562e+00
1.765526175498962402e+00
1.604937911033630371e+00
1.487873196601867676e+00
4.593969345092773438e+00
1.584152340888977051e+00
1.761821508407592773e+00
4.765693664550781250e+00
3.585286855697631836e+00
1.602772474288940430e+00
2.275741338729858398e+00
9.216695785522460938e+00
3.133941173553466797e+00
2.443812131881713867e+00
4.550333499908447266e+00
8.952637672424316406e+00
2.527510881423950195e+00
7.215749740600585938e+00
1.604981541633605957e+00
3.782471179962158203e+00
4.085824966430664062e+00
1.596942543983459473e+00
1.600493311882019043e+00
1.602734327316284180e+00
1.583458542823791504e+00
4.505206584930419922e+00
4.577508449554443359e+00
7.237309932708740234e+00
3.655423402786254883e+00
1.349788856506347656e+01
1.595571994781494141e+00
1.904077053070068359e+00
1.095044326782226562e+01
4.010357856750488281e+00
1.078466892242431641e+01
8.676184654235839844e+00
7.071828842163085938e+00
4.706225872039794922e+00
1.595678091049194336e+00
2.012581348419189453e+00
2.856829881668090820e+00
3.256908893585205078e+00
1.723905086517333984e+00
2.034407854080200195e+00
2.704079389572143555e+00
3.892204046249389648e+00
2.849079132080078125e+00
1.599542975425720215e+00
1.172152900695800781e+01
1.600656628608703613e+00
4.794384002685546875e+00
1.776766180992126465e+00
3.012365579605102539e+00
1.604243516921997070e+00
2.053349971771240234e+00
1.603492736816406250e+00
2.705840110778808594e+00
5.659141063690185547e+00
1.605974555015563965e+00
3.699110984802246094e+00
4.354242324829101562e+00
1.605708003044128418e+00
4.662245273590087891e+00
5.076118946075439453e+00
2.661425590515136719e+00
1.793358564376831055e+00
9.065660476684570312e+00
6.738268852233886719e+00
3.463665962219238281e+00
7.198841094970703125e+00
1.546168446540832520e+00
2.440050363540649414e+00
2.978425264358520508e+00
2.490666627883911133e+00
1.453258872032165527e+00
5.543664932250976562e+00
1.604559540748596191e+00
2.043507099151611328e+00
4.194664001464843750e+00
4.441478729248046875e+00
1.601294517517089844e+00
3.273972511291503906e+00
1.585594058036804199e+00
6.299733161926269531e+00
2.616463422775268555e+00
1.598837852478027344e+00
5.383177757263183594e+00
4.282921791076660156e+00
4.622729778289794922e+00
2.206253290176391602e+00
8.049939155578613281e+00
7.728516578674316406e+00
6.562959194183349609e+00
1.605943441390991211e+00
3.222721815109252930e+00
2.831808567047119141e+00
3.532399892807006836e+00
2.185588598251342773e+00
1.392456626892089844e+01
1.508335399627685547e+01
3.205881118774414062e+00
1.124498462677001953e+01
1.681083559989929199e+00
1.049626731872558594e+01
2.292346477508544922e+00
2.835946083068847656e+00
4.116594791412353516e+00
1.602964162826538086e+00
1.587759494781494141e+00
2.218419075012207031e+00
3.372196435928344727e+00
4.096461772918701172e+00
1.047241020202636719e+01
1.602244496345520020e+00
1.663563489913940430e+00
2.936215639114379883e+00
8.839384078979492188e+00
1.618572354316711426e+00
1.473618412017822266e+01
2.032323360443115234e+00
8.116932868957519531e+00
1.760781049728393555e+00
1.259796524047851562e+01
3.062465667724609375e+00
7.866197586059570312e+00
1.604188084602355957e+00
1.524508118629455566e+00
7.068554878234863281e+00
4.009312152862548828e+00
1.604172825813293457e+00
1.463418960571289062e+01
4.456491470336914062e+00
3.210443019866943359e+00
5.507676601409912109e+00
1.418306708335876465e+00
2.501437425613403320e+00
3.464414119720458984e+00
5.408553600311279297e+00
1.366767311096191406e+01
1.564852833747863770e+00
5.265780448913574219e+00
1.602804064750671387e+00
1.599614500999450684e+00
3.869119405746459961e+00
1.593463420867919922e+00
4.610876083374023438e+00
1.605693578720092773e+00
4.584928035736083984e+00
1.117192077636718750e+01
1.598669290542602539e+00
1.443301200866699219e+01
3.731583118438720703e+00
6.966933250427246094e+00
3.236253738403320312e+00
7.329929351806640625e+00
1.603221058845520020e+00
5.947720527648925781e+00
2.974423408508300781e+00
3.253491640090942383e+00
3.809557199478149414e+00
1.603432059288024902e+00
1.592459201812744141e+00
1.597768068313598633e+00
1.583787441253662109e+00
3.359454393386840820e+00
3.342843770980834961e+00
5.415452480316162109e+00
2.025759220123291016e+00
1.589779376983642578e+00
7.031509399414062500e+00
4.433299541473388672e+00
1.592218995094299316e+00
4.350163459777832031e+00
3.223855733871459961e+00
1.602879524230957031e+00
3.731966257095336914e+00
5.433712959289550781e+00
1.603070735931396484e+00
3.347795724868774414e+00
1.599658250808715820e+00
1.983815073966979980e+00
3.535436630249023438e+00
8.590270042419433594e+00
5.754349231719970703e+00
2.942641258239746094e+00
1.664211392402648926e+00
1.604969739913940430e+00
1.548395752906799316e+00
1.604515790939331055e+00
2.142130136489868164e+00
1.260747051239013672e+01
1.547083616256713867e+00
1.600751996040344238e+00
3.093742132186889648e+00
1.586581707000732422e+00
2.854364156723022461e+00
3.270822525024414062e+00
3.547037124633789062e+00
5.493005752563476562e+00
3.526645183563232422e+00
1.638968944549560547e+00
1.605704784393310547e+00
7.536836624145507812e+00
5.648214817047119141e+00
9.218228340148925781e+00
2.281231403350830078e+00
1.604774355888366699e+00
3.866095066070556641e+00
3.144725322723388672e+00
1.603836297988891602e+00
3.571880817413330078e+00
1.604833602905273438e+00
3.830463647842407227e+00
2.183475017547607422e+00
6.564008712768554688e+00
1.806090354919433594e+00
1.538110256195068359e+00
1.603349447250366211e+00
1.685581326484680176e+00
2.492740631103515625e+00
1.792470216751098633e+00
5.819559574127197266e+00
3.725092649459838867e+00
1.604803919792175293e+00
2.350393295288085938e+00
1.599992394447326660e+00
7.391968727111816406e+00
2.459225177764892578e+00
3.863528490066528320e+00
2.119133949279785156e+00
6.819432735443115234e+00
1.060186576843261719e+01
3.176944017410278320e+00
1.926138758659362793e+00
1.790439367294311523e+00
3.400562763214111328e+00
1.370087051391601562e+01
1.016664600372314453e+01
1.517085075378417969e+00
5.630246162414550781e+00
2.849612236022949219e+00
2.116165637969970703e+00
2.791972637176513672e+00
3.681934118270874023e+00
1.589432120323181152e+00
9.852273941040039062e+00
1.605775594711303711e+00
3.544183015823364258e+00
1.589632630348205566e+00
4.130637168884277344e+00
1.606252908706665039e+00
7.987444877624511719e+00
1.603372573852539062e+00
1.983433246612548828e+00
1.603201270103454590e+00
1.600780725479125977e+00
7.833473205566406250e+00
1.562744140625000000e+00
1.600696921348571777e+00
2.594783067703247070e+00
1.361539554595947266e+01
1.508895635604858398e+00
6.823626518249511719e+00
4.051035881042480469e+00
1.601956486701965332e+00
2.563441038131713867e+00
5.984601020812988281e+00
2.014057636260986328e+00
1.600193262100219727e+00
6.559169769287109375e+00
3.579462766647338867e+00
7.642560482025146484e+00
5.410302162170410156e+00
4.379973411560058594e+00
3.575608253479003906e+00
1.716404795646667480e+00
1.954186916351318359e+00
3.517042160034179688e+00
6.182897090911865234e+00
1.697895288467407227e+00
2.593433856964111328e+00
1.603436231613159180e+00
1.602927803993225098e+00
2.828689098358154297e+00
6.203051567077636719e+00
1.737320542335510254e+00
1.495192408561706543e+00
1.933982968330383301e+00
5.458125591278076172e+00
1.594361424446105957e+00
3.276728630065917969e+00
4.603041648864746094e+00
1.743869662284851074e+00
1.601570129394531250e+00
1.523854136466979980e+00
2.574126243591308594e+00
1.525663375854492188e+00
2.621465682983398438e+00
5.086117267608642578e+00
1.543843984603881836e+00
1.591777920722961426e+00
1.594409465789794922e+00
1.591845035552978516e+00
1.579208016395568848e+00
1.603320837020874023e+00
5.200723171234130859e+00
2.816102504730224609e+00
4.280418872833251953e+00
1.780720353126525879e+00
1.604801774024963379e+00
2.216816186904907227e+00
5.401043891906738281e+00
2.931647777557373047e+00
2.133859157562255859e+00
1.039769172668457031e+01
2.467886686325073242e+00
1.504518389701843262e+00
1.823962330818176270e+00
4.635226726531982422e+00
5.527810573577880859e+00
4.152950763702392578e+00
2.662085533142089844e+00
1.995718240737915039e+00
3.208881378173828125e+00
1.581785798072814941e+00
2.513417243957519531e+00
5.458393573760986328e+00
3.529040336608886719e+00
1.600973486900329590e+00
1.601280450820922852e+00
3.018351554870605469e+00
1.916563987731933594e+00
2.436315774917602539e+00
3.376129627227783203e+00
1.698324918746948242e+00
1.538776397705078125e+00
1.605866909027099609e+00
6.279290199279785156e+00
1.522226452827453613e+00
1.595384955406188965e+00
3.555268287658691406e+00
2.321389913558959961e+00
5.466072559356689453e+00
3.512551546096801758e+00
9.852320671081542969e+00
3.482018470764160156e+00
1.590844392776489258e+00
1.603939890861511230e+00
3.860208272933959961e+00
2.735924959182739258e+00
6.046840667724609375e+00
3.910135030746459961e+00
1.892175912857055664e+00
8.457289695739746094e+00
1.601759076118469238e+00
4.328328609466552734e+00
1.443642425537109375e+01
3.354993343353271484e+00
1.594914555549621582e+00
9.703431129455566406e+00
3.844857692718505859e+00
1.596605420112609863e+00
1.601674795150756836e+00
1.704764962196350098e+00
1.605363488197326660e+00
1.260884571075439453e+01
1.602317094802856445e+00
1.603164196014404297e+00
5.934530258178710938e+00
2.811415433883666992e+00
