3.204221248626708984e+00
1.688582301139831543e+00
1.844619989395141602e+00
1.932560205459594727e+00
1.459092259407043457e+00
9.908508658409118652e-01
1.024248003959655762e+00
1.123979091644287109e+00
1.034789681434631348e+00
8.417281508445739746e-01
6.838858127593994141e-01
6.563925147056579590e-01
6.816323399543762207e-01
6.801633834838867188e-01
6.451064348220825195e-01
5.840563178062438965e-01
5.188982486724853516e-01
4.692766666412353516e-01
4.512301087379455566e-01
4.488555192947387695e-01
4.496774077415466309e-01
4.392319321632385254e-01
4.181623458862304688e-01
3.925297558307647705e-01
3.714955449104309082e-01
3.597296774387359619e-01
3.581095635890960693e-01
3.616190850734710693e-01
3.612559735774993896e-01
3.535386025905609131e-01
3.402175009250640869e-01
3.255908787250518799e-01
3.135783076286315918e-01
3.051810860633850098e-01
3.014081120491027832e-01
2.981325089931488037e-01
2.942923307418823242e-01
2.886964082717895508e-01
2.820951640605926514e-01
2.750307023525238037e-01
2.680584192276000977e-01
2.621006667613983154e-01
2.585695981979370117e-01
2.570668458938598633e-01
2.558846175670623779e-01
2.537655830383300781e-01
2.498679906129837036e-01
2.446251809597015381e-01
2.393136024475097656e-01
2.344918400049209595e-01
2.310661822557449341e-01
2.289766818284988403e-01
2.269911170005798340e-01
2.250877022743225098e-01
2.228144258260726929e-01
2.198048979043960571e-01
2.163982540369033813e-01
2.132497429847717285e-01
2.109704911708831787e-01
2.093141973018646240e-01
2.078971564769744873e-01
2.062778621912002563e-01
2.045512050390243530e-01
2.025186121463775635e-01
2.001305818557739258e-01
1.975288391113281250e-01
1.949858516454696655e-01
1.927362680435180664e-01
1.907448917627334595e-01
1.890500485897064209e-01
1.869169622659683228e-01
1.850294768810272217e-01
1.834982484579086304e-01
1.821576505899429321e-01
1.808393746614456177e-01
1.793843656778335571e-01
1.776110827922821045e-01
1.759307086467742920e-01
1.742546856403350830e-01
1.726126074790954590e-01
1.709137111902236938e-01
1.690717488527297974e-01
1.672063618898391724e-01
1.656011492013931274e-01
1.642463058233261108e-01
1.629251092672348022e-01
1.615287959575653076e-01
1.603310108184814453e-01
1.592151820659637451e-01
1.582069545984268188e-01
1.569939106702804565e-01
1.555660068988800049e-01
1.540605127811431885e-01
1.528949886560440063e-01
1.516572982072830200e-01
1.503950804471969604e-01
1.495514512062072754e-01
1.490255892276763916e-01
1.484048813581466675e-01
1.473446339368820190e-01
1.459609419107437134e-01
1.447048336267471313e-01
1.433544307947158813e-01
1.416957080364227295e-01
1.400235146284103394e-01
1.386892646551132202e-01
1.376952975988388062e-01
1.369694322347640991e-01
1.360770314931869507e-01
1.353796124458312988e-01
1.343040466308593750e-01
1.331865191459655762e-01
1.316840499639511108e-01
1.301184147596359253e-01
1.290149539709091187e-01
1.281574219465255737e-01
1.275854259729385376e-01
1.271989494562149048e-01
1.262662410736083984e-01
1.251499056816101074e-01
1.240322068333625793e-01
1.229066401720046997e-01
1.220219135284423828e-01
1.213672086596488953e-01
1.215612888336181641e-01
1.220684126019477844e-01
1.210870221257209778e-01
1.191091015934944153e-01
1.175232008099555969e-01
1.165463700890541077e-01
1.158082783222198486e-01
1.148888841271400452e-01
1.143445894122123718e-01
1.147282347083091736e-01
1.156358048319816589e-01
1.149644926190376282e-01
1.129266917705535889e-01
1.115188524127006531e-01
1.108525171875953674e-01
1.102860346436500549e-01
1.095473915338516235e-01
1.096972748637199402e-01
1.111412197351455688e-01
1.114075481891632080e-01
1.096438765525817871e-01
1.066163033246994019e-01
1.056344062089920044e-01
1.052987277507781982e-01
1.044407114386558533e-01
1.042397394776344299e-01
1.050834730267524719e-01
1.041863337159156799e-01
1.023447439074516296e-01
1.010982915759086609e-01
1.005218103528022766e-01
9.982879459857940674e-02
9.916879981756210327e-02
9.862226247787475586e-02
9.830659627914428711e-02
9.780120104551315308e-02
9.694069623947143555e-02
9.622476994991302490e-02
9.567707031965255737e-02
9.529044479131698608e-02
9.470049291849136353e-02
9.435016661882400513e-02
9.402057528495788574e-02
9.365240484476089478e-02
9.331100434064865112e-02
9.256967902183532715e-02
9.174632281064987183e-02
9.104535728693008423e-02
9.027323126792907715e-02
8.962032943964004517e-02
8.901881426572799683e-02
8.925154060125350952e-02
8.946999162435531616e-02
8.883953839540481567e-02
8.740167319774627686e-02
8.631506562232971191e-02
8.586155623197555542e-02
8.565130829811096191e-02
8.530618995428085327e-02
8.453648537397384644e-02
8.429308980703353882e-02
8.408389985561370850e-02
8.357611298561096191e-02
8.289814740419387817e-02
8.208398520946502686e-02
8.147109299898147583e-02
8.113577216863632202e-02
8.100671321153640747e-02
8.133565634489059448e-02
8.110627532005310059e-02
8.019578456878662109e-02
7.930622994899749756e-02
7.922258973121643066e-02
7.885072380304336548e-02
7.840958237648010254e-02
7.821596413850784302e-02
7.863176614046096802e-02
7.807291299104690552e-02
7.640973478555679321e-02
7.515420764684677124e-02
7.495972514152526855e-02
7.511299103498458862e-02
7.419529557228088379e-02
7.403984665870666504e-02
7.401984184980392456e-02
7.317867875099182129e-02
7.253638654947280884e-02
7.223381102085113525e-02
7.202869653701782227e-02
7.121126353740692139e-02
7.075690478086471558e-02
7.127634435892105103e-02
7.196751981973648071e-02
7.043360918760299683e-02
6.922757625579833984e-02
6.836607307195663452e-02
6.798707693815231323e-02
6.787448376417160034e-02
6.751825660467147827e-02
6.689929217100143433e-02
6.599857658147811890e-02
6.600701808929443359e-02
6.613495200872421265e-02
6.530859321355819702e-02
6.623493880033493042e-02
6.664372235536575317e-02
6.540015339851379395e-02
6.553781032562255859e-02
6.567290425300598145e-02
6.443729251623153687e-02
6.431710720062255859e-02
6.418430805206298828e-02
6.216669455170631409e-02
6.055923923850059509e-02
6.137990579009056091e-02
6.166517734527587891e-02
5.987631529569625854e-02
6.058642268180847168e-02
6.076800450682640076e-02
6.017933040857315063e-02
5.952393263578414917e-02
5.938434973359107971e-02
5.846306681632995605e-02
5.784571915864944458e-02
5.764913931488990784e-02
5.758153274655342102e-02
5.683100968599319458e-02
5.626869574189186096e-02
5.660019814968109131e-02
5.574366822838783264e-02
5.503832176327705383e-02
5.558014288544654846e-02
5.521833151578903198e-02
5.464843288064002991e-02
5.531083047389984131e-02
5.524624139070510864e-02
5.416771396994590759e-02
5.554498359560966492e-02
5.711892619729042053e-02
5.423890799283981323e-02
5.345930159091949463e-02
5.448630452156066895e-02
5.289758741855621338e-02
5.263984948396682739e-02
5.400525406002998352e-02
5.343532934784889221e-02
5.219254270195960999e-02
5.263695865869522095e-02
5.339277163147926331e-02
5.201160907745361328e-02
5.215879902243614197e-02
5.232286080718040466e-02
5.151940509676933289e-02
5.158127099275588989e-02
5.117163807153701782e-02
5.066104978322982788e-02
5.135489255189895630e-02
5.106675997376441956e-02
5.030333623290061951e-02
5.099726468324661255e-02
5.040692910552024841e-02
4.978144541382789612e-02
5.047270655632019043e-02
5.036497116088867188e-02
5.156179517507553101e-02
5.186571925878524780e-02
5.013835430145263672e-02
4.971089586615562439e-02
4.945467785000801086e-02
4.891189560294151306e-02
4.883638396859169006e-02
4.738696664571762085e-02
4.661418125033378601e-02
4.652103036642074585e-02
4.627608135342597961e-02
4.665005952119827271e-02
4.652373120188713074e-02
4.548121616244316101e-02
4.593177512288093567e-02
4.564917832612991333e-02
4.623607546091079712e-02
4.757134243845939636e-02
4.598904028534889221e-02
4.601561278104782104e-02
4.623650386929512024e-02
4.596913605928421021e-02
4.764465242624282837e-02
4.599984735250473022e-02
4.660209268331527710e-02
4.625753685832023621e-02
4.615797102451324463e-02
4.517523571848869324e-02
4.538834840059280396e-02
4.377842321991920471e-02
4.459984228014945984e-02
4.343843832612037659e-02
4.107255116105079651e-02
4.185823723673820496e-02
4.140725731849670410e-02
4.195673018693923950e-02
4.166602715849876404e-02
4.080453887581825256e-02
4.135136306285858154e-02
4.093999043107032776e-02
4.349037632346153259e-02
4.056210443377494812e-02
4.332208260893821716e-02
4.201013594865798950e-02
4.251544550061225891e-02
4.260201752185821533e-02
4.188317060470581055e-02
4.126757383346557617e-02
4.162307083606719971e-02
4.281754791736602783e-02
4.373295605182647705e-02
4.286926612257957458e-02
4.224877059459686279e-02
4.368431121110916138e-02
4.193673655390739441e-02
4.296984896063804626e-02
4.056502506136894226e-02
4.741381481289863586e-02
4.201140254735946655e-02
4.704188182950019836e-02
4.086908698081970215e-02
4.488993808627128601e-02
4.084686934947967529e-02
4.872175306081771851e-02
3.864903375506401062e-02
4.285417497158050537e-02
3.958417102694511414e-02
4.388775676488876343e-02
3.996704891324043274e-02
4.173451662063598633e-02
4.208615794777870178e-02
3.973721340298652649e-02
4.006627947092056274e-02
3.952249139547348022e-02
3.870837017893791199e-02
3.968046978116035461e-02
3.803650662302970886e-02
3.922896459698677063e-02
4.044180735945701599e-02
3.888894245028495789e-02
3.861522302031517029e-02
4.038621112704277039e-02
4.068616777658462524e-02
4.112180694937705994e-02
4.041811078786849976e-02
4.015811905264854431e-02
3.973120450973510742e-02
3.942395746707916260e-02
3.982624039053916931e-02
4.014249145984649658e-02
4.000439867377281189e-02
4.040531814098358154e-02
4.028433561325073242e-02
4.080790653824806213e-02
4.081363230943679810e-02
4.075450077652931213e-02
4.075718298554420471e-02
4.037204012274742126e-02
3.992528095841407776e-02
3.911976888775825500e-02
3.922370821237564087e-02
4.043307527899742126e-02
4.104761034250259399e-02
4.009133577346801758e-02
4.032501950860023499e-02
4.016666859388351440e-02
3.891606628894805908e-02
3.863574191927909851e-02
3.840874135494232178e-02
3.857849910855293274e-02
3.878693282604217529e-02
3.858944028615951538e-02
3.821468353271484375e-02
3.822784125804901123e-02
3.815332427620887756e-02
3.837471455335617065e-02
3.827971965074539185e-02
3.880500420928001404e-02
3.906483948230743408e-02
3.877559304237365723e-02
3.877114877104759216e-02
3.876971825957298279e-02
3.852004557847976685e-02
3.819559514522552490e-02
3.841190785169601440e-02
3.813901916146278381e-02
3.771989047527313232e-02
3.730694204568862915e-02
3.776330500841140747e-02
3.835676982998847961e-02
3.860517591238021851e-02
3.890434652566909790e-02
3.927846252918243408e-02
3.831608965992927551e-02
3.833151981234550476e-02
3.860898315906524658e-02
3.843588754534721375e-02
3.862619027495384216e-02
3.815270960330963135e-02
3.723650053143501282e-02
3.777647390961647034e-02
3.833340480923652649e-02
3.789807856082916260e-02
3.729931265115737915e-02
3.730233758687973022e-02
3.722767904400825500e-02
3.704182803630828857e-02
3.708107769489288330e-02
3.721094503998756409e-02
3.784508630633354187e-02
3.755073621869087219e-02
3.705216571688652039e-02
3.655893728137016296e-02
3.623872250318527222e-02
3.566171228885650635e-02
3.530167415738105774e-02
3.491836041212081909e-02
3.461524471640586853e-02
3.487998619675636292e-02
3.511687368154525757e-02
3.488367423415184021e-02
3.477333858609199524e-02
3.447149693965911865e-02
3.447840362787246704e-02
3.482915461063385010e-02
3.498857095837593079e-02
3.474230319261550903e-02
3.505612909793853760e-02
3.637176007032394409e-02
3.763326257467269897e-02
3.746810927987098694e-02
3.749874979257583618e-02
3.735799714922904968e-02
3.661875054240226746e-02
3.633211553096771240e-02
3.630907088518142700e-02
3.575944527983665466e-02
3.559191897511482239e-02
3.548955544829368591e-02
3.606145456433296204e-02
3.566170111298561096e-02
3.577901422977447510e-02
3.577847406268119812e-02
3.508455678820610046e-02
3.542868793010711670e-02
3.570859879255294800e-02
3.601026162505149841e-02
3.595255687832832336e-02
3.642490878701210022e-02
3.663782402873039246e-02
3.652603551745414734e-02
3.657563403248786926e-02
3.658517450094223022e-02
3.608655557036399841e-02
3.540991246700286865e-02
3.509955108165740967e-02
3.493833169341087341e-02
3.493287414312362671e-02
3.497510403394699097e-02
3.487159311771392822e-02
3.510634601116180420e-02
3.482574597001075745e-02
3.556112945079803467e-02
3.657261654734611511e-02
3.616645932197570801e-02
3.496890887618064880e-02
3.494264185428619385e-02
3.478246182203292847e-02
3.457001224160194397e-02
3.477075695991516113e-02
3.492788597941398621e-02
3.513903543353080750e-02
3.480843082070350647e-02
3.465101867914199829e-02
3.463552892208099365e-02
3.470749035477638245e-02
3.534651175141334534e-02
3.599263355135917664e-02
3.567055612802505493e-02
3.499502688646316528e-02
3.484704345464706421e-02
3.517247736454010010e-02
3.569677099585533142e-02
3.567929938435554504e-02
3.579589724540710449e-02
3.535011038184165955e-02
3.454235568642616272e-02
3.402322903275489807e-02
3.414946421980857849e-02
3.395651280879974365e-02
3.384511917829513550e-02
3.443887084722518921e-02
3.550594300031661987e-02
3.539229929447174072e-02
3.494766727089881897e-02
3.532678633928298950e-02
3.581958264112472534e-02
3.555127978324890137e-02
3.505901992321014404e-02
3.487569466233253479e-02
3.477638959884643555e-02
3.495242446660995483e-02
3.481574729084968567e-02
3.464364632964134216e-02
3.447867929935455322e-02
3.488657251000404358e-02
3.503561392426490784e-02
3.563625365495681763e-02
3.542138636112213135e-02
3.493934124708175659e-02
3.485817462205886841e-02
3.457516431808471680e-02
3.413370251655578613e-02
3.377098217606544495e-02
3.391950577497482300e-02
3.401084616780281067e-02
3.407048806548118591e-02
3.388573229312896729e-02
3.382401913404464722e-02
3.423950076103210449e-02
3.431989252567291260e-02
3.375698998570442200e-02
3.350473940372467041e-02
3.393941745162010193e-02
3.459543734788894653e-02
3.504086658358573914e-02
3.499348461627960205e-02
3.442694991827011108e-02
3.415726125240325928e-02
3.399246931076049805e-02
3.386237099766731262e-02
3.450701385736465454e-02
3.420543298125267029e-02
3.405645117163658142e-02
3.409840539097785950e-02
3.385883197188377380e-02
3.436284512281417847e-02
3.431102633476257324e-02
3.380586206912994385e-02
3.404396027326583862e-02
3.501484543085098267e-02
3.491405770182609558e-02
3.475660830736160278e-02
3.599950671195983887e-02
3.509568795561790466e-02
3.413552418351173401e-02
3.478716313838958740e-02
3.461403399705886841e-02
3.410785645246505737e-02
3.512092307209968567e-02
3.453132510185241699e-02
3.412892296910285950e-02
3.521867468953132629e-02
3.463009372353553772e-02
3.494693338871002197e-02
3.547317162156105042e-02
3.453757613897323608e-02
3.426456823945045471e-02
3.416876494884490967e-02
3.352326527237892151e-02
3.358913958072662354e-02
3.387593850493431091e-02
3.398964926600456238e-02
3.360886126756668091e-02
3.369043767452239990e-02
3.379339352250099182e-02
3.344697132706642151e-02
3.392150998115539551e-02
3.371455147862434387e-02
3.328614681959152222e-02
3.299214318394660950e-02
3.307867422699928284e-02
3.323744237422943115e-02
3.429109975695610046e-02
3.464746847748756409e-02
3.401280939579010010e-02
3.390720114111900330e-02
3.385622054338455200e-02
3.350622206926345825e-02
3.360345587134361267e-02
3.349166736006736755e-02
3.317854180932044983e-02
3.295560181140899658e-02
3.324105590581893921e-02
3.356868773698806763e-02
3.407808020710945129e-02
3.432650119066238403e-02
3.415133431553840637e-02
3.381750360131263733e-02
3.377315774559974670e-02
3.382851183414459229e-02
3.360705077648162842e-02
3.362864255905151367e-02
3.376818075776100159e-02
3.377601876854896545e-02
3.407378494739532471e-02
3.398200869560241699e-02
3.381870687007904053e-02
3.380532562732696533e-02
3.380323946475982666e-02
3.405952826142311096e-02
3.418701142072677612e-02
3.382231667637825012e-02
3.425198793411254883e-02
3.388071432709693909e-02
3.303380310535430908e-02
3.331970050930976868e-02
3.332589566707611084e-02
3.362841904163360596e-02
3.368161246180534363e-02
3.368468582630157471e-02
3.350162133574485779e-02
3.303287923336029053e-02
3.312900289893150330e-02
3.310083225369453430e-02
3.298997506499290466e-02
3.304047882556915283e-02
3.339813649654388428e-02
3.341918438673019409e-02
3.350904211401939392e-02
3.362344205379486084e-02
3.346270695328712463e-02
3.363372385501861572e-02
3.329469263553619385e-02
3.369330987334251404e-02
3.390862420201301575e-02
3.324248641729354858e-02
3.408883139491081238e-02
3.372235596179962158e-02
3.372568637132644653e-02
3.406974673271179199e-02
3.368026763200759888e-02
3.305048123002052307e-02
3.321838006377220154e-02
3.312639892101287842e-02
3.306262940168380737e-02
3.354503214359283447e-02
3.344054520130157471e-02
3.323126211762428284e-02
3.330707177519798279e-02
3.338557109236717224e-02
3.363566100597381592e-02
3.370691835880279541e-02
3.317068517208099365e-02
3.269368410110473633e-02
3.256485983729362488e-02
3.283141180872917175e-02
3.291840851306915283e-02
3.317217528820037842e-02
3.352446854114532471e-02
3.338605910539627075e-02
3.326850757002830505e-02
3.344250097870826721e-02
3.325027599930763245e-02
3.310944885015487671e-02
3.316615521907806396e-02
3.297041356563568115e-02
3.283648192882537842e-02
3.290605917572975159e-02
3.324053436517715454e-02
3.288416564464569092e-02
3.259680792689323425e-02
3.265899792313575745e-02
3.320784121751785278e-02
3.341084346175193787e-02
3.348689898848533630e-02
3.359533846378326416e-02
3.270034864544868469e-02
3.252982720732688904e-02
3.299613296985626221e-02
3.282235935330390930e-02
3.321265801787376404e-02
3.342294320464134216e-02
3.316476568579673767e-02
3.272695094347000122e-02
3.291271626949310303e-02
3.317528590559959412e-02
3.288798034191131592e-02
3.266737982630729675e-02
3.255647793412208557e-02
3.264475241303443909e-02
3.278111293911933899e-02
3.255723789334297180e-02
3.255778923630714417e-02
3.304261714220046997e-02
3.337500989437103271e-02
3.323104232549667358e-02
3.284670040011405945e-02
3.300363197922706604e-02
3.328865021467208862e-02
3.326775133609771729e-02
3.310585394501686096e-02
3.304051235318183899e-02
3.318617492914199829e-02
3.324031457304954529e-02
3.306006267666816711e-02
3.308296576142311096e-02
3.324789181351661682e-02
3.316475078463554382e-02
3.295893222093582153e-02
3.350824490189552307e-02
3.329133987426757812e-02
3.292062133550643921e-02
3.249698504805564880e-02
3.208089619874954224e-02
3.261465206742286682e-02
3.343560919165611267e-02
3.241894766688346863e-02
3.344799578189849854e-02
3.334445133805274963e-02
3.283474966883659363e-02
3.316380083560943604e-02
3.352803364396095276e-02
3.290266171097755432e-02
3.303093463182449341e-02
3.262901678681373596e-02
3.218054398894309998e-02
3.239865601062774658e-02
3.255940973758697510e-02
3.297828510403633118e-02
3.350119292736053467e-02
3.300289809703826904e-02
3.219246491789817810e-02
3.225445374846458435e-02
3.246213495731353760e-02
3.236697614192962646e-02
3.278880938887596130e-02
3.335905447602272034e-02
3.307910263538360596e-02
3.285841643810272217e-02
3.292061015963554382e-02
3.283714130520820618e-02
3.284186869859695435e-02
3.257661685347557068e-02
3.267031162977218628e-02
3.336805477738380432e-02
3.357717767357826233e-02
3.319502249360084534e-02
3.256342560052871704e-02
3.250290825963020325e-02
3.234987333416938782e-02
3.199153766036033630e-02
3.236485645174980164e-02
3.294800221920013428e-02
3.319380432367324829e-02
3.274083882570266724e-02
3.218960389494895935e-02
3.215075656771659851e-02
3.219051286578178406e-02
3.255695104598999023e-02
3.306656330823898315e-02
3.343989700078964233e-02
3.307389840483665466e-02
3.251981362700462341e-02
3.238266706466674805e-02
3.214381262660026550e-02
3.217194601893424988e-02
3.259017318487167358e-02
3.313921764492988586e-02
3.314859420061111450e-02
3.247599676251411438e-02
3.208970651030540466e-02
3.242015466094017029e-02
3.324865177273750305e-02
3.338558226823806763e-02
3.358888998627662659e-02
3.408224508166313171e-02
3.344934806227684021e-02
3.279203549027442932e-02
3.278158977627754211e-02
3.220075368881225586e-02
3.287644684314727783e-02
3.265525400638580322e-02
3.392808884382247925e-02
3.429481387138366699e-02
3.378468751907348633e-02
3.400877118110656738e-02
3.320381790399551392e-02
3.328435868024826050e-02
3.353929147124290466e-02
3.285831585526466370e-02
3.292466327548027039e-02
3.188367187976837158e-02
3.230739384889602661e-02
3.305381909012794495e-02
3.274345770478248596e-02
3.329706564545631409e-02
3.305166959762573242e-02
3.231029957532882690e-02
3.232623636722564697e-02
3.227688744664192200e-02
3.198553621768951416e-02
3.206800669431686401e-02
3.222082555294036865e-02
3.217487409710884094e-02
3.252119198441505432e-02
3.347493708133697510e-02
3.329061344265937805e-02
3.227776288986206055e-02
3.222316876053810120e-02
3.207093477249145508e-02
3.209592401981353760e-02
3.205633535981178284e-02
3.192377462983131409e-02
3.214646503329277039e-02
3.228372335433959961e-02
3.238032758235931396e-02
3.223628923296928406e-02
3.202266618609428406e-02
3.224875405430793762e-02
3.217505291104316711e-02
3.193978965282440186e-02
3.222942724823951721e-02
3.218917921185493469e-02
3.247283399105072021e-02
3.267265483736991882e-02
3.263997659087181091e-02
3.258302062749862671e-02
3.244209662079811096e-02
3.231288492679595947e-02
3.227502107620239258e-02
3.233866766095161438e-02
3.228563442826271057e-02
3.210210427641868591e-02
3.210144117474555969e-02
3.235913813114166260e-02
3.257060796022415161e-02
3.274796530604362488e-02
3.269176557660102844e-02
3.250815346837043762e-02
3.236486017704010010e-02
3.231029585003852844e-02
3.235907852649688721e-02
3.259462490677833557e-02
3.209323808550834656e-02
3.186797723174095154e-02
3.201990202069282532e-02
3.209095075726509094e-02
3.240961208939552307e-02
3.260777518153190613e-02
3.243923187255859375e-02
3.255081549286842346e-02
3.283597528934478760e-02
3.230215609073638916e-02
3.233648836612701416e-02
3.275823220610618591e-02
3.260255604982376099e-02
3.225736692547798157e-02
3.250456228852272034e-02
3.187231719493865967e-02
3.190898522734642029e-02
3.173999488353729248e-02
3.232950344681739807e-02
3.232484683394432068e-02
3.221936523914337158e-02
3.280495479702949524e-02
3.181575238704681396e-02
3.263073042035102844e-02
3.248210251331329346e-02
3.166221082210540771e-02
3.209275007247924805e-02
3.180579841136932373e-02
3.247303143143653870e-02
3.255177661776542664e-02
3.202247992157936096e-02
3.205089643597602844e-02
3.191066160798072815e-02
3.172088041901588440e-02
3.185748681426048279e-02
3.193706274032592773e-02
3.164434805512428284e-02
3.192494809627532959e-02
3.195452317595481873e-02
3.201751783490180969e-02
3.325414285063743591e-02
3.236128389835357666e-02
3.246730566024780273e-02
3.286885097622871399e-02
3.214293718338012695e-02
3.237438574433326721e-02
3.329562768340110779e-02
3.207636997103691101e-02
3.300289809703826904e-02
3.264378383755683899e-02
3.280024975538253784e-02
3.248046338558197021e-02
3.200818225741386414e-02
3.206329420208930969e-02
3.182816132903099060e-02
3.233236446976661682e-02
3.225659951567649841e-02
3.206724300980567932e-02
3.228951618075370789e-02
3.232743218541145325e-02
3.221721574664115906e-02
3.198450803756713867e-02
3.186750039458274841e-02
3.171039745211601257e-02
3.166173771023750305e-02
3.156752884387969971e-02
3.167892992496490479e-02
3.144287690520286560e-02
3.149078786373138428e-02
3.170775994658470154e-02
3.194405138492584229e-02
3.193110227584838867e-02
3.198315203189849854e-02
3.171902522444725037e-02
3.182321414351463318e-02
3.180855512619018555e-02
3.188754245638847351e-02
3.240013495087623596e-02
3.166078031063079834e-02
3.243751078844070435e-02
3.379102051258087158e-02
3.324819728732109070e-02
3.253459930419921875e-02
3.254721686244010925e-02
3.197640180587768555e-02
3.182578459382057190e-02
3.178734704852104187e-02
3.157585859298706055e-02
3.177690133452415466e-02
3.146094083786010742e-02
3.170472383499145508e-02
3.153301402926445007e-02
3.173209354281425476e-02
3.170102834701538086e-02
3.192639723420143127e-02
3.196603059768676758e-02
3.177262842655181885e-02
3.185774385929107666e-02
3.178475797176361084e-02
3.203673660755157471e-02
3.184295073151588440e-02
3.180522099137306213e-02
3.221154958009719849e-02
3.130007162690162659e-02
3.226207941770553589e-02
3.176473081111907959e-02
3.170562908053398132e-02
3.212566301226615906e-02
3.184461966156959534e-02
3.174592182040214539e-02
3.167556598782539368e-02
3.176210820674896240e-02
3.216332197189331055e-02
3.247493878006935120e-02
3.240203484892845154e-02
3.210764750838279724e-02
3.193068876862525940e-02
3.205842897295951843e-02
3.212689980864524841e-02
3.184892237186431885e-02
3.180836141109466553e-02
3.215212747454643250e-02
3.237241879105567932e-02
3.202467784285545349e-02
3.205611184239387512e-02
3.236584365367889404e-02
3.251844272017478943e-02
3.228117525577545166e-02
3.180532157421112061e-02
3.164404630661010742e-02
3.175567090511322021e-02
3.194146975874900818e-02
3.183811902999877930e-02
3.154830634593963623e-02
3.142899274826049805e-02
3.183406963944435120e-02
3.232932835817337036e-02
3.273248299956321716e-02
3.270082920789718628e-02
3.204016387462615967e-02
3.232174366712570190e-02
3.180603682994842529e-02
3.150944411754608154e-02
3.181332349777221680e-02
3.121191449463367462e-02
3.197436034679412842e-02
3.218341246247291565e-02
3.138142451643943787e-02
3.192429244518280029e-02
3.200625255703926086e-02
3.250338137149810791e-02
3.280430287122726440e-02
3.148436918854713440e-02
3.195481002330780029e-02
3.223390504717826843e-02
3.246169909834861755e-02
3.176091611385345459e-02
3.177712857723236084e-02
3.231807053089141846e-02
3.249885141849517822e-02
3.221987187862396240e-02
3.170274198055267334e-02
3.176067769527435303e-02
3.181056678295135498e-02
3.215688467025756836e-02
3.188181295990943909e-02
3.153349459171295166e-02
3.172821924090385437e-02
3.172660246491432190e-02
3.215306997299194336e-02
3.170114755630493164e-02
3.162926807999610901e-02
3.254773095250129700e-02
3.173637017607688904e-02
3.246541321277618408e-02
3.282091766595840454e-02
3.176422417163848877e-02
3.246401250362396240e-02
3.171323239803314209e-02
3.137588128447532654e-02
3.185842931270599365e-02
3.165859356522560120e-02
3.154278174042701721e-02
3.174495324492454529e-02
3.203529492020606995e-02
3.239150345325469971e-02
3.191161528229713440e-02
3.164559230208396912e-02
3.156394138932228088e-02
3.212739527225494385e-02
3.223920240998268127e-02
3.181816637516021729e-02
3.217536211013793945e-02
3.239363431930541992e-02
3.214645758271217346e-02
3.248143941164016724e-02
3.185485303401947021e-02
3.226302564144134521e-02
3.214877843856811523e-02
3.162021934986114502e-02
3.266602009534835815e-02
3.208947554230690002e-02
3.184156119823455811e-02
3.181292116641998291e-02
3.167861700057983398e-02
3.208751603960990906e-02
3.151650726795196533e-02
3.173918649554252625e-02
3.239397704601287842e-02
3.165741264820098877e-02
3.169493377208709717e-02
3.172920644283294678e-02
3.120619058609008789e-02
3.151989355683326721e-02
3.160530328750610352e-02
3.164653480052947998e-02
3.156942129135131836e-02
3.133969008922576904e-02
3.157425299286842346e-02
3.197222575545310974e-02
3.129386529326438904e-02
3.139119222760200500e-02
3.135114535689353943e-02
3.152680024504661560e-02
3.159232065081596375e-02
3.171803057193756104e-02
3.162671253085136414e-02
3.136701881885528564e-02
3.117161057889461517e-02
3.116208128631114960e-02
3.115795738995075226e-02
3.121662512421607971e-02
3.116745688021183014e-02
3.100298345088958740e-02
3.116558492183685303e-02
3.132729232311248779e-02
3.153925761580467224e-02
3.161002695560455322e-02
3.157562017440795898e-02
3.147482499480247498e-02
3.125284612178802490e-02
3.163935244083404541e-02
3.117984719574451447e-02
3.126235306262969971e-02
3.171068429946899414e-02
3.144341707229614258e-02
3.147507831454277039e-02
3.188210353255271912e-02
3.126197680830955505e-02
3.119964525103569031e-02
3.109717555344104767e-02
3.130389750003814697e-02
3.125166520476341248e-02
3.103756718337535858e-02
3.152966871857643127e-02
3.151183947920799255e-02
3.186030313372612000e-02
3.114848025143146515e-02
3.096003457903862000e-02
3.105120919644832611e-02
3.083222918212413788e-02
3.115558438003063202e-02
3.102707676589488983e-02
3.161835297942161560e-02
3.261249884963035583e-02
3.123908303678035736e-02
3.208250924944877625e-02
3.138823807239532471e-02
3.200816735625267029e-02
3.288365900516510010e-02
3.186798468232154846e-02
3.502374142408370972e-02
3.150938823819160461e-02
3.224630281329154968e-02
3.216218575835227966e-02
3.162620961666107178e-02
3.207276761531829834e-02
3.140567615628242493e-02
3.133052587509155273e-02
3.130680322647094727e-02
3.120321221649646759e-02
3.147500753402709961e-02
3.095603175461292267e-02
3.134007379412651062e-02
3.104753606021404266e-02
3.113889507949352264e-02
3.131677210330963135e-02
3.178878128528594971e-02
3.198331594467163086e-02
3.173471614718437195e-02
3.173202276229858398e-02
3.145390748977661133e-02
3.151946887373924255e-02
3.118604235351085663e-02
3.096103854477405548e-02
3.126663342118263245e-02
3.147619962692260742e-02
3.189520910382270813e-02
3.192706406116485596e-02
3.122377581894397736e-02
3.188234195113182068e-02
3.093046136200428009e-02
3.160095587372779846e-02
3.135253489017486572e-02
3.112982586026191711e-02
3.197461366653442383e-02
3.141689673066139221e-02
3.159399330615997314e-02
3.135009109973907471e-02
3.127986192703247070e-02
3.133339807391166687e-02
3.192836046218872070e-02
3.205799311399459839e-02
3.173471614718437195e-02
3.182386234402656555e-02
3.179673850536346436e-02
3.200699388980865479e-02
3.196172416210174561e-02
3.144789114594459534e-02
3.159594908356666565e-02
3.228424862027168274e-02
3.192259371280670166e-02
3.226375579833984375e-02
3.174354135990142822e-02
3.146963194012641907e-02
3.144330158829689026e-02
3.138490021228790283e-02
3.156542405486106873e-02
3.146006166934967041e-02
3.150181472301483154e-02
3.170227631926536560e-02
3.174902498722076416e-02
3.190588578581809998e-02
3.157091513276100159e-02
3.155539929866790771e-02
3.127790987491607666e-02
3.112931177020072937e-02
3.104208409786224365e-02
3.146248683333396912e-02
3.127533197402954102e-02
3.132222592830657959e-02
3.129864856600761414e-02
3.105901181697845459e-02
3.075985983014106750e-02
3.092331625521183014e-02
3.110647015273571014e-02
3.157091513276100159e-02
3.170585259795188904e-02
3.154302015900611877e-02
3.136445581912994385e-02
3.136390447616577148e-02
3.151009976863861084e-02
3.169202432036399841e-02
3.154255449771881104e-02
3.144830465316772461e-02
3.171205148100852966e-02
3.198815882205963135e-02
3.198486566543579102e-02
3.163725137710571289e-02
3.125192224979400635e-02
3.115844354033470154e-02
3.120638430118560791e-02
3.132939711213111877e-02
3.132414445281028748e-02
3.125549852848052979e-02
3.162528574466705322e-02
3.206036612391471863e-02
3.232024237513542175e-02
3.189630806446075439e-02
3.161573037505149841e-02
3.133465349674224854e-02
3.079490922391414642e-02
3.105545416474342346e-02
3.093792498111724854e-02
3.138442337512969971e-02
3.118254244327545166e-02
3.111928887665271759e-02
3.195787966251373291e-02
3.162885084748268127e-02
3.142791613936424255e-02
3.136128187179565430e-02
3.105526231229305267e-02
3.185361623764038086e-02
3.096455335617065430e-02
3.136140108108520508e-02
3.118534013628959656e-02
3.127740323543548584e-02
3.184719011187553406e-02
3.103488497436046600e-02
3.177947923541069031e-02
3.143924474716186523e-02
3.176063299179077148e-02
3.156809508800506592e-02
3.102393075823783875e-02
3.233022242784500122e-02
3.102345578372478485e-02
3.112054243683815002e-02
3.076882287859916687e-02
3.113871626555919647e-02
3.152467310428619385e-02
3.179736435413360596e-02
3.274418786168098450e-02
3.294056281447410583e-02
3.145450726151466370e-02
3.187392652034759521e-02
3.107809834182262421e-02
3.146009147167205811e-02
3.120708838105201721e-02
3.139251470565795898e-02
3.159732744097709656e-02
3.137468919157981873e-02
3.158015012741088867e-02
3.153063356876373291e-02
3.174595534801483154e-02
3.151649236679077148e-02
3.215431421995162964e-02
3.138023242354393005e-02
3.198765218257904053e-02
3.176492452621459961e-02
3.138684853911399841e-02
3.187614306807518005e-02
3.148126229643821716e-02
3.123976290225982666e-02
3.101636469364166260e-02
3.092675469815731049e-02
3.122729994356632233e-02
3.144651651382446289e-02
3.169180452823638916e-02
3.124505467712879181e-02
3.186132013797760010e-02
3.245930746197700500e-02
3.185887634754180908e-02
3.177565336227416992e-02
3.083615191280841827e-02
3.120918013155460358e-02
3.093820996582508087e-02
3.095220029354095459e-02
3.108977153897285461e-02
3.134530782699584961e-02
3.138469159603118896e-02
3.181486204266548157e-02
3.110569529235363007e-02
3.113537095487117767e-02
3.116703219711780548e-02
3.142575919628143311e-02
3.118068166077136993e-02
3.128599748015403748e-02
3.123641200363636017e-02
3.121728822588920593e-02
3.142977133393287659e-02
3.121538087725639343e-02
3.162603080272674561e-02
3.142072260379791260e-02
3.151915967464447021e-02
3.137682378292083740e-02
3.164863213896751404e-02
3.112692758440971375e-02
3.125029802322387695e-02
3.102850914001464844e-02
3.198176622390747070e-02
3.152966126799583435e-02
3.197716549038887024e-02
3.160791471600532532e-02
3.174186125397682190e-02
3.207759931683540344e-02
3.119350969791412354e-02
3.115910477936267853e-02
3.102069906890392303e-02
3.122495114803314209e-02
3.122353926301002502e-02
3.105829656124114990e-02
3.098136372864246368e-02
3.156679868698120117e-02
3.161669149994850159e-02
3.158568963408470154e-02
3.147340193390846252e-02
3.150753676891326904e-02
3.128796443343162537e-02
3.143043816089630127e-02
3.179956600069999695e-02
3.157187625765800476e-02
3.146009147167205811e-02
3.149103745818138123e-02
3.223796188831329346e-02
3.258274868130683899e-02
3.126282617449760437e-02
3.118632733821868896e-02
3.104042634367942810e-02
3.192042931914329529e-02
3.194660320878028870e-02
3.166061639785766602e-02
3.187914192676544189e-02
3.117847815155982971e-02
3.196120634675025940e-02
3.078414127230644226e-02
3.106765635311603546e-02
3.114932589232921600e-02
3.145407140254974365e-02
3.139566257596015930e-02
3.124046511948108673e-02
3.186482191085815430e-02
3.134922683238983154e-02
3.215311467647552490e-02
3.203207254409790039e-02
3.208894655108451843e-02
3.227930143475532532e-02
3.161220252513885498e-02
3.218029439449310303e-02
3.109240159392356873e-02
3.109502606093883514e-02
3.096340596675872803e-02
3.120158985257148743e-02
3.264623507857322693e-02
3.176517784595489502e-02
3.191995248198509216e-02
3.103424608707427979e-02
3.150816261768341064e-02
3.108740039169788361e-02
3.098994679749011993e-02
3.152944147586822510e-02
3.143197298049926758e-02
3.197570145130157471e-02
3.141139447689056396e-02
3.175038099288940430e-02
3.105263970792293549e-02
3.193759545683860779e-02
3.146439790725708008e-02
3.143459185957908630e-02
3.139351680874824524e-02
3.253363445401191711e-02
3.368377685546875000e-02
3.171753510832786560e-02
3.376787155866622925e-02
3.095795214176177979e-02
3.393644466996192932e-02
3.208965435624122620e-02
3.245901316404342651e-02
3.182959184050559998e-02
3.185253217816352844e-02
3.325420245528221130e-02
3.109480440616607666e-02
3.253150731325149536e-02
3.190393373370170593e-02
3.321577608585357666e-02
3.208475187420845032e-02
3.190869092941284180e-02
3.207654878497123718e-02
3.119307570159435272e-02
3.350140899419784546e-02
3.274588286876678467e-02
3.242780268192291260e-02
3.336853161454200745e-02
3.132154047489166260e-02
3.494166955351829529e-02
3.159259632229804993e-02
3.342914208769798279e-02
3.310233727097511292e-02
3.143692389130592346e-02
3.460688889026641846e-02
3.107644617557525635e-02
3.236244991421699524e-02
3.270195797085762024e-02
3.149032965302467346e-02
3.319549933075904846e-02
3.170724213123321533e-02
3.255365788936614990e-02
3.094291500747203827e-02
3.272677958011627197e-02
3.222376108169555664e-02
3.137797489762306213e-02
3.196359053254127502e-02
3.153222799301147461e-02
3.246186301112174988e-02
3.182727098464965820e-02
3.117960505187511444e-02
3.198247775435447693e-02
3.165536746382713318e-02
3.173638880252838135e-02
3.108238987624645233e-02
3.097201883792877197e-02
3.140850365161895752e-02
3.138370811939239502e-02
3.254527598619461060e-02
3.234122321009635925e-02
3.143626078963279724e-02
3.140859678387641907e-02
3.072422742843627930e-02
3.071290440857410431e-02
3.123192861676216125e-02
3.199790418148040771e-02
3.162002190947532654e-02
3.072004579007625580e-02
3.160500153899192810e-02
3.058880567550659180e-02
3.207207843661308289e-02
3.145175054669380188e-02
3.158257901668548584e-02
3.210324048995971680e-02
3.145099058747291565e-02
3.197049722075462341e-02
3.171275556087493896e-02
3.158879652619361877e-02
3.145193681120872498e-02
3.065948560833930969e-02
3.077364154160022736e-02
3.123468346893787384e-02
3.230614960193634033e-02
3.235298395156860352e-02
3.161428868770599365e-02
3.087776713073253632e-02
3.113055042922496796e-02
3.084446489810943604e-02
3.078274987637996674e-02
3.207117319107055664e-02
3.229119256138801575e-02
3.277729451656341553e-02
3.180719539523124695e-02
3.139019384980201721e-02
3.116243891417980194e-02
3.088207170367240906e-02
3.105515427887439728e-02
3.082233481109142303e-02
3.102463297545909882e-02
3.161168470978736877e-02
3.122590482234954834e-02
3.187007084488868713e-02
3.124951943755149841e-02
3.214313089847564697e-02
3.193090856075286865e-02
3.205828741192817688e-02
3.240491077303886414e-02
3.162217512726783752e-02
3.164554014801979065e-02
3.133772313594818115e-02
3.169089183211326599e-02
3.100824542343616486e-02
3.123231045901775360e-02
3.229353949427604675e-02
3.318069875240325928e-02
3.243828192353248596e-02
3.149412572383880615e-02
3.134346380829811096e-02
3.106522746384143829e-02
3.104835934937000275e-02
3.128295019268989563e-02
3.140611574053764343e-02
3.138494864106178284e-02
3.114390745759010315e-02
3.122187033295631409e-02
3.133867681026458740e-02
3.077620081603527069e-02
3.083897009491920471e-02
3.132456541061401367e-02
3.161765262484550476e-02
3.095655515789985657e-02
3.170134127140045166e-02
3.093623928725719452e-02
3.148908913135528564e-02
3.150342777371406555e-02
3.137753903865814209e-02
3.305834159255027771e-02
3.146095573902130127e-02
3.261475265026092529e-02
3.223801031708717346e-02
3.058171644806861877e-02
3.231287375092506409e-02
3.143288195133209229e-02
3.238838911056518555e-02
3.224654495716094971e-02
3.172157704830169678e-02
3.137474134564399719e-02
3.067654184997081757e-02
3.058058023452758789e-02
3.059320524334907532e-02
3.079337999224662781e-02
3.086942248046398163e-02
3.092692792415618896e-02
3.126072511076927185e-02
3.169399127364158630e-02
3.210164606571197510e-02
3.162932768464088440e-02
3.183622658252716064e-02
3.087257221341133118e-02
3.144355118274688721e-02
3.092402406036853790e-02
3.161454573273658752e-02
3.208260610699653625e-02
3.181606158614158630e-02
3.169273212552070618e-02
3.122276067733764648e-02
3.136371076107025146e-02
3.098912350833415985e-02
3.119444474577903748e-02
3.096509166061878204e-02
3.125284612178802490e-02
3.139394521713256836e-02
3.078098222613334656e-02
3.065800480544567108e-02
3.057236224412918091e-02
3.066324070096015930e-02
3.109603188931941986e-02
3.124374151229858398e-02
3.142542019486427307e-02
3.187222778797149658e-02
3.119760937988758087e-02
3.173942863941192627e-02
3.108364529907703400e-02
3.119320981204509735e-02
3.116421587765216827e-02
3.127093240618705750e-02
3.136186301708221436e-02
3.167457878589630127e-02
3.125308826565742493e-02
3.152351453900337219e-02
3.179071843624114990e-02
3.193090856075286865e-02
3.139663115143775940e-02
3.107787668704986572e-02
3.098370134830474854e-02
3.083205036818981171e-02
3.053831867873668671e-02
3.051473200321197510e-02
3.139756619930267334e-02
3.164809942245483398e-02
3.122801519930362701e-02
3.065991029143333435e-02
3.052573278546333313e-02
3.050093725323677063e-02
3.113102540373802185e-02
3.151299059391021729e-02
3.138470277190208435e-02
3.114651516079902649e-02
3.076005354523658752e-02
3.134518489241600037e-02
3.089899756014347076e-02
3.189092874526977539e-02
3.151178732514381409e-02
3.213566914200782776e-02
3.137611225247383118e-02
3.140260279178619385e-02
3.372746706008911133e-02
3.164285421371459961e-02
3.378631174564361572e-02
3.104014135897159576e-02
3.243703767657279968e-02
3.117061965167522430e-02
3.142637386918067932e-02
3.178716078400611877e-02
3.117872402071952820e-02
3.137440606951713562e-02
3.115533292293548584e-02
3.218125924468040466e-02
3.127020969986915588e-02
3.311035782098770142e-02
3.139282763004302979e-02
3.185700252652168274e-02
3.079367801547050476e-02
3.123425319790840149e-02
3.110283799469470978e-02
3.093002922832965851e-02
3.235984593629837036e-02
3.202413767576217651e-02
3.263992443680763245e-02
3.142546117305755615e-02
3.095884248614311218e-02
3.075259737670421600e-02
3.052611276507377625e-02
3.189688920974731445e-02
3.090690076351165771e-02
3.230380639433860779e-02
3.191548585891723633e-02
3.249877691268920898e-02
3.211063146591186523e-02
3.206248208880424500e-02
3.155593574047088623e-02
3.145195171236991882e-02
3.205060958862304688e-02
3.076119162142276764e-02
3.096102550625801086e-02
3.216648101806640625e-02
3.123879246413707733e-02
3.195662423968315125e-02
3.065468184649944305e-02
3.083707392215728760e-02
3.058053180575370789e-02
3.125362098217010498e-02
3.139418736100196838e-02
3.079706616699695587e-02
3.090809285640716553e-02
3.087996132671833038e-02
3.069109842181205750e-02
3.074007108807563782e-02
3.096502833068370819e-02
3.112621419131755829e-02
3.070265240967273712e-02
3.048157319426536560e-02
3.033703565597534180e-02
3.029014170169830322e-02
3.060370683670043945e-02
3.127378597855567932e-02
3.135986253619194031e-02
3.099583089351654053e-02
3.060669638216495514e-02
3.071516752243041992e-02
3.075744211673736572e-02
3.066300228238105774e-02
3.117543458938598633e-02
3.128552064299583435e-02
3.139854967594146729e-02
3.143453970551490784e-02
3.138518705964088440e-02
3.120325878262519836e-02
3.130012378096580505e-02
3.126769140362739563e-02
3.096145205199718475e-02
3.115271031856536865e-02
3.086327202618122101e-02
3.127580881118774414e-02
3.094057925045490265e-02
3.110642172396183014e-02
3.108483739197254181e-02
3.155402839183807373e-02
3.145360574126243591e-02
3.173561021685600281e-02
3.119372949004173279e-02
3.094296716153621674e-02
3.072474896907806396e-02
3.075863420963287354e-02
3.127311170101165771e-02
3.114051744341850281e-02
3.121191076934337616e-02
3.131963312625885010e-02
3.140139207243919373e-02
3.148250654339790344e-02
3.126649558544158936e-02
3.095250017940998077e-02
3.103970363736152649e-02
3.092550858855247498e-02
3.213454782962799072e-02
3.110962919890880585e-02
3.149414435029029846e-02
3.060334734618663788e-02
3.262164071202278137e-02
3.098774328827857971e-02
3.258424624800682068e-02
3.122736141085624695e-02
3.285879269242286682e-02
3.234976530075073242e-02
3.107358515262603760e-02
3.133921325206756592e-02
3.108046948909759521e-02
3.144282102584838867e-02
3.078847192227840424e-02
3.087943792343139648e-02
3.140021860599517822e-02
3.281665965914726257e-02
3.173399344086647034e-02
3.108237870037555695e-02
3.159618005156517029e-02
3.144693747162818909e-02
3.113394975662231445e-02
3.106409497559070587e-02
3.079991415143013000e-02
3.107429854571819305e-02
3.054255060851573944e-02
3.102205879986286163e-02
3.096372075378894806e-02
3.133124113082885742e-02
3.159737214446067810e-02
3.179889917373657227e-02
3.089476004242897034e-02
3.126149997115135193e-02
3.040624782443046570e-02
3.137464821338653564e-02
3.110165707767009735e-02
3.174234926700592041e-02
3.144478425383567810e-02
3.126258030533790588e-02
3.112917020916938782e-02
3.063035383820533752e-02
3.034920245409011841e-02
3.089429251849651337e-02
3.058362193405628204e-02
3.101963736116886139e-02
3.099703602492809296e-02
3.082460351288318634e-02
3.034210018813610077e-02
3.063958883285522461e-02
3.063226863741874695e-02
3.166799247264862061e-02
3.102510981261730194e-02
3.082227520644664764e-02
3.069835901260375977e-02
3.154154121875762939e-02
3.098803944885730743e-02
3.205900266766548157e-02
3.159523382782936096e-02
3.238557279109954834e-02
3.074145503342151642e-02
3.222293779253959656e-02
3.021405823528766632e-02
3.223995864391326904e-02
3.051786497235298157e-02
3.180390223860740662e-02
3.100592084228992462e-02
3.169606626033782959e-02
3.181952238082885742e-02
3.086830303072929382e-02
3.055006451904773712e-02
3.044201061129570007e-02
3.038614802062511444e-02
3.087522089481353760e-02
3.124529309570789337e-02
3.163009881973266602e-02
3.177213296294212341e-02
3.124069049954414368e-02
3.094653971493244171e-02
3.032785840332508087e-02
3.161220252513885498e-02
3.031104616820812225e-02
3.198552131652832031e-02
3.135871514678001404e-02
3.186273947358131409e-02
3.153723850846290588e-02
3.101635165512561798e-02
3.096437267959117889e-02
3.061693720519542694e-02
3.062246739864349365e-02
3.080176934599876404e-02
3.085559792816638947e-02
3.135472163558006287e-02
3.067494928836822510e-02
3.036142885684967041e-02
3.035305440425872803e-02
3.011579066514968872e-02
3.057331964373588562e-02
3.081561625003814697e-02
3.140832483768463135e-02
3.121851384639739990e-02
3.075618669390678406e-02
3.067350201308727264e-02
3.094482049345970154e-02
3.102618642151355743e-02
3.013558313250541687e-02
3.036481328308582306e-02
3.076362982392311096e-02
3.118758089840412140e-02
3.084582276642322540e-02
3.073455393314361572e-02
3.039336577057838440e-02
3.030705638229846954e-02
3.014089167118072510e-02
3.061819449067115784e-02
3.102779202163219452e-02
3.182392939925193787e-02
3.157447278499603271e-02
3.117292933166027069e-02
3.041524440050125122e-02
3.030754625797271729e-02
3.087812848389148712e-02
3.070639073848724365e-02
3.154510259628295898e-02
3.124450519680976868e-02
3.183557093143463135e-02
3.160065785050392151e-02
3.093439154326915741e-02
3.126459941267967224e-02
3.069824725389480591e-02
3.185601532459259033e-02
3.096987120807170868e-02
3.218650445342063904e-02
3.083538636565208435e-02
3.206397593021392822e-02
3.126931563019752502e-02
3.130741417407989502e-02
3.134506940841674805e-02
3.100867010653018951e-02
3.110645711421966553e-02
3.056907281279563904e-02
3.093646839261054993e-02
3.059750981628894806e-02
3.184603154659271240e-02
3.081280179321765900e-02
3.124183230102062225e-02
3.068234026432037354e-02
3.061264567077159882e-02
3.029448166489601135e-02
3.070694394409656525e-02
3.067345544695854187e-02
3.092314302921295166e-02
3.036041185259819031e-02
3.169870749115943909e-02
3.096146322786808014e-02
3.067827038466930389e-02
3.071087598800659180e-02
3.070640377700328827e-02
3.168796002864837646e-02
3.070897981524467468e-02
3.094846196472644806e-02
3.097182698547840118e-02
3.135441616177558899e-02
3.060620836913585663e-02
3.058557584881782532e-02
3.042966127395629883e-02
3.158313035964965820e-02
3.094292804598808289e-02
3.086375817656517029e-02
3.090244717895984650e-02
3.073859028518199921e-02
3.085738606750965118e-02
3.031633794307708740e-02
3.069877810776233673e-02
3.097295574843883514e-02
3.176236525177955627e-02
3.095727227628231049e-02
3.072255849838256836e-02
3.051638975739479065e-02
3.064822778105735779e-02
3.053927049040794373e-02
3.047227486968040466e-02
3.024912066757678986e-02
3.085470013320446014e-02
3.072911500930786133e-02
3.099964931607246399e-02
3.066879510879516602e-02
3.079896047711372375e-02
3.022478707134723663e-02
3.004218451678752899e-02
3.022700920701026917e-02
3.019637614488601685e-02
3.042036294937133789e-02
3.083616681396961212e-02
3.127216175198554993e-02
3.127862513065338135e-02
3.072362020611763000e-02
3.030176088213920593e-02
3.013939410448074341e-02
3.028033673763275146e-02
3.138780221343040466e-02
3.109049983322620392e-02
3.152060508728027344e-02
3.155608475208282471e-02
3.108740225434303284e-02
3.065972775220870972e-02
3.034728765487670898e-02
3.036480024456977844e-02
3.065013512969017029e-02
3.122930601239204407e-02
3.127573803067207336e-02
3.079480119049549103e-02
3.051929920911788940e-02
3.088833391666412354e-02
3.107756190001964569e-02
3.115372918546199799e-02
3.093479759991168976e-02
3.187893331050872803e-02
3.188538923859596252e-02
3.153039515018463135e-02
3.091163747012615204e-02
3.024029359221458435e-02
3.107405081391334534e-02
3.112317435443401337e-02
3.222413361072540283e-02
3.078073076903820038e-02
3.024692460894584656e-02
3.040689043700695038e-02
3.107882663607597351e-02
3.083901666104793549e-02
3.069418482482433319e-02
3.104228712618350983e-02
3.120899572968482971e-02
3.150701895356178284e-02
3.128958120942115784e-02
3.077774122357368469e-02
3.127717971801757812e-02
3.053575754165649414e-02
3.043030574917793274e-02
3.046280145645141602e-02
3.054767847061157227e-02
3.080267831683158875e-02
3.096860833466053009e-02
3.118395991623401642e-02
3.153057023882865906e-02
3.123117983341217041e-02
3.125119581818580627e-02
3.114773333072662354e-02
3.082872927188873291e-02
3.006048128008842468e-02
3.004127740859985352e-02
3.044295497238636017e-02
3.091925196349620819e-02
3.207534551620483398e-02
3.179812058806419373e-02
3.177405521273612976e-02
3.073859587311744690e-02
3.033995442092418671e-02
3.072978183627128601e-02
3.047305531799793243e-02
3.100209124386310577e-02
3.135131672024726868e-02
3.211879357695579529e-02
3.139276802539825439e-02
3.099012188613414764e-02
3.080648370087146759e-02
3.079629316926002502e-02
3.094004467129707336e-02
3.166084364056587219e-02
3.309112042188644409e-02
3.192974627017974854e-02
3.175754472613334656e-02
3.144244849681854248e-02
3.158659115433692932e-02
3.187036141753196716e-02
3.212334215641021729e-02
3.090649656951427460e-02
3.206914663314819336e-02
3.133178874850273132e-02
3.137803450226783752e-02
2.992635965347290039e-02
3.015810623764991760e-02
3.000020794570446014e-02
3.073792532086372375e-02
3.109646029770374298e-02
3.080290555953979492e-02
3.038019873201847076e-02
3.090690448880195618e-02
3.102634847164154053e-02
3.145098313689231873e-02
3.058558888733386993e-02
3.185655176639556885e-02
3.030490502715110779e-02
3.041391447186470032e-02
3.056233935058116913e-02
3.054332360625267029e-02
3.093886561691761017e-02
3.067426756024360657e-02
3.094337880611419678e-02
3.029108420014381409e-02
