-2.380353398621082306e-02
1.102729234844446182e-03
3.344829380512237549e-02
-2.128812484443187714e-02
5.487602204084396362e-02
-4.147882573306560516e-04
-9.291567653417587280e-02
7.996360212564468384e-02
-2.310460619628429413e-02
5.890617519617080688e-02
1.167240142822265625e-01
-4.223068058490753174e-02
-2.647017315030097961e-02
4.839840903878211975e-02
6.351967900991439819e-02
-2.600518055260181427e-02
-1.291808485984802246e-01
-4.757783375680446625e-03
8.667685091495513916e-02
4.865142516791820526e-03
-1.304092556238174438e-01
5.120254307985305786e-02
1.382527798414230347e-01
-9.344427287578582764e-02
2.705888636410236359e-02
-5.933537334203720093e-02
9.128744900226593018e-02
3.188259154558181763e-02
-4.523765295743942261e-02
3.138085082173347473e-02
-9.571657329797744751e-02
-5.198926478624343872e-02
-1.525894254446029663e-01
-1.686182916164398193e-01
3.024903126060962677e-02
3.538319468498229980e-02
-6.521094590425491333e-02
-3.000499866902828217e-02
6.918095052242279053e-03
-5.519738793373107910e-02
-1.702743768692016602e-01
-1.035939715802669525e-02
-1.667020916938781738e-01
-1.020391583442687988e-01
-9.871339797973632812e-02
5.305228382349014282e-02
3.303711861371994019e-02
-2.597087807953357697e-02
5.647952109575271606e-02
3.864867612719535828e-02
-6.780640035867691040e-02
1.313007622957229614e-02
3.035830147564411163e-02
2.291421964764595032e-02
4.899445176124572754e-02
-1.364774852991104126e-01
-1.300331205129623413e-01
4.692661389708518982e-02
9.677840396761894226e-03
-4.659867286682128906e-02
-1.490826997905969620e-02
-3.323953971266746521e-02
-3.979631513357162476e-02
2.165027335286140442e-02
3.490748628973960876e-02
8.622985333204269409e-03
-4.832639358937740326e-03
-1.665614396333694458e-01
-5.432435125112533569e-02
-1.095167845487594604e-01
-7.236171513795852661e-02
5.371162667870521545e-02
-6.743887439370155334e-03
6.430085003376007080e-02
2.191655337810516357e-02
-1.073015555739402771e-01
-3.166535869240760803e-02
-1.042331308126449585e-01
-5.724778771400451660e-02
-1.694334670901298523e-02
-3.801028430461883545e-02
-1.069168671965599060e-01
-4.271884262561798096e-02
-1.559862680733203888e-02
1.955721341073513031e-02
3.881484270095825195e-02
-1.780389808118343353e-02
8.899367600679397583e-02
-2.293620444834232330e-02
7.243687286972999573e-03
-4.323651641607284546e-02
6.031721085309982300e-02
-1.864444091916084290e-02
5.871264636516571045e-02
4.215753823518753052e-02
-7.173600047826766968e-02
-8.627691119909286499e-02
-1.011083647608757019e-01
-8.349025622010231018e-03
-1.564627513289451599e-02
-2.824276499450206757e-02
-1.189263910055160522e-02
5.767325405031442642e-03
1.612293720245361328e-02
-1.420163176953792572e-02
-5.333139002323150635e-02
-6.719834357500076294e-02
8.069073408842086792e-02
1.984620280563831329e-02
3.460785374045372009e-02
-6.643344461917877197e-02
5.025585368275642395e-02
-2.070129476487636566e-02
-1.225790008902549744e-02
-1.296671181917190552e-01
5.922406166791915894e-02
-4.128240980207920074e-04
-3.878249600529670715e-02
5.413733422756195068e-02
-1.107275709509849548e-01
-8.644796162843704224e-02
3.845262108370661736e-04
5.002890713512897491e-03
-6.483243405818939209e-02
-3.525940328836441040e-02
9.234838187694549561e-03
-5.719223245978355408e-02
1.699892617762088776e-02
-1.488632559776306152e-01
1.086354814469814301e-02
-5.149859189987182617e-02
-1.623093932867050171e-01
3.856862336397171021e-02
1.020156368613243103e-01
2.983776479959487915e-02
7.939723134040832520e-02
5.954568833112716675e-02
-3.532544523477554321e-02
-5.037127435207366943e-02
2.452427521347999573e-02
-5.764624476432800293e-02
4.716407507658004761e-02
8.876522630453109741e-02
-6.051930785179138184e-02
-8.927371352910995483e-03
4.553902521729469299e-02
-7.564250379800796509e-02
3.088663145899772644e-02
-2.603230066597461700e-03
7.799665629863739014e-02
-5.837332084774971008e-02
-5.987128242850303650e-04
2.077799662947654724e-02
-6.128061935305595398e-02
-3.789341449737548828e-02
-1.045528501272201538e-01
1.093750819563865662e-02
3.148627281188964844e-02
-2.135202474892139435e-02
-2.746080979704856873e-03
2.386389672756195068e-02
-3.461515530943870544e-02
-1.747700273990631104e-01
1.075713932514190674e-01
-1.842437312006950378e-02
6.953695416450500488e-02
2.867186442017555237e-02
1.073449291288852692e-02
1.316513959318399429e-02
1.250953525304794312e-01
1.365829855203628540e-01
-5.954061448574066162e-02
-1.251689903438091278e-02
-1.265306174755096436e-01
-1.063199937343597412e-01
-2.550037950277328491e-02
-4.774329066276550293e-02
-4.148203879594802856e-02
-5.076775699853897095e-02
7.817303761839866638e-03
1.077929884195327759e-02
-1.097260788083076477e-01
-1.261634528636932373e-01
7.009819149971008301e-02
-6.734963506460189819e-02
7.571745663881301880e-02
2.158068493008613586e-02
1.844593696296215057e-02
1.081257034093141556e-02
1.096035540103912354e-02
1.892168074846267700e-03
-1.490091718733310699e-02
1.326490193605422974e-01
2.794751711189746857e-02
1.249921619892120361e-01
6.060779467225074768e-02
8.609570562839508057e-03
-1.608022451400756836e-01
3.254289925098419189e-02
7.279597967863082886e-02
-6.289958208799362183e-02
4.613512754440307617e-02
-5.968874692916870117e-02
7.948373258113861084e-02
-5.313393194228410721e-03
6.127841770648956299e-03
-2.066684067249298096e-01
-3.618602827191352844e-02
-3.209759294986724854e-02
-7.225813716650009155e-02
3.135600313544273376e-02
-7.530719786882400513e-02
2.596859075129032135e-02
-7.966715842485427856e-03
4.634290933609008789e-02
1.822522431612014771e-01
-6.948837544769048691e-03
6.863703951239585876e-03
-1.696478575468063354e-04
-6.768245249986648560e-02
8.851811289787292480e-03
8.847939223051071167e-02
-3.108764067292213440e-03
-1.279107481241226196e-01
-6.020667031407356262e-02
3.736680746078491211e-02
-1.589793711900711060e-02
-4.686585441231727600e-02
-4.991874098777770996e-02
-7.455030083656311035e-02
-4.593991488218307495e-02
1.853877119719982147e-02
-1.113270148634910583e-01
1.300241351127624512e-01
-3.761281259357929230e-03
-1.172558069229125977e-01
-5.937109142541885376e-02
3.317078575491905212e-02
9.550303220748901367e-04
-5.768360942602157593e-02
-9.074438363313674927e-02
1.421638950705528259e-02
5.063390731811523438e-02
2.898345142602920532e-02
-3.112033940851688385e-02
-1.144049838185310364e-01
-3.817877173423767090e-02
-7.693859189748764038e-02
-7.626970112323760986e-02
2.341462299227714539e-02
3.241839632391929626e-02
-4.295731335878372192e-02
-2.661849837750196457e-03
-1.463897153735160828e-02
3.651932254433631897e-02
3.410622477531433105e-02
7.729174941778182983e-02
-6.252988427877426147e-02
-1.003409847617149353e-01
-1.376612111926078796e-02
-5.911098420619964600e-02
7.225278019905090332e-02
1.157187111675739288e-02
4.130287468433380127e-02
-1.074307635426521301e-01
-6.775897461920976639e-03
-7.543379068374633789e-02
1.504812017083168030e-02
-1.073020547628402710e-01
-2.925624698400497437e-02
-2.353425137698650360e-02
-1.195993348956108093e-01
-1.477566808462142944e-01
3.836471587419509888e-02
-5.059368908405303955e-02
-3.889647126197814941e-02
-5.428127944469451904e-02
1.969144679605960846e-02
-9.363374859094619751e-02
-1.758191362023353577e-02
1.776632666587829590e-02
2.334413491189479828e-02
5.917437374591827393e-04
-6.614792346954345703e-02
-1.689427718520164490e-02
-5.883736908435821533e-02
-8.470182120800018311e-02
4.478757455945014954e-02
-7.949890196323394775e-02
6.437266618013381958e-02
-3.645121306180953979e-02
8.327768743038177490e-02
-1.541381776332855225e-01
-5.573818460106849670e-02
-1.221208870410919189e-01
-7.978389412164688110e-02
1.435946375131607056e-01
2.902502007782459259e-02
-3.892132267355918884e-02
-3.764341771602630615e-02
6.748181581497192383e-02
2.723908796906471252e-02
-1.208085380494594574e-02
2.598082832992076874e-02
-5.350568890571594238e-02
1.000791322439908981e-03
-2.539745159447193146e-02
-4.526937752962112427e-02
3.906118124723434448e-02
-6.164747104048728943e-02
-3.589221090078353882e-02
5.905589088797569275e-02
1.211515255272388458e-02
-5.417753010988235474e-02
-5.094483867287635803e-02
-4.856470227241516113e-02
2.448282763361930847e-02
-2.789090014994144440e-02
1.587608903646469116e-01
-6.544207036495208740e-02
-9.833984822034835815e-02
1.251652985811233521e-01
1.567145287990570068e-01
1.026173867285251617e-02
-3.213070333003997803e-02
4.702470824122428894e-02
2.033992297947406769e-02
1.848876290023326874e-02
-6.977985799312591553e-02
-2.247816324234008789e-02
4.645064473152160645e-04
-2.393018640577793121e-02
-5.859905108809471130e-02
4.953210800886154175e-02
1.137821748852729797e-01
-1.437604278326034546e-01
1.307037770748138428e-01
-7.413306087255477905e-02
3.252631798386573792e-02
8.863059431314468384e-02
5.106040090322494507e-02
-1.581499539315700531e-02
-4.985926300287246704e-02
3.419772908091545105e-02
2.076065726578235626e-02
7.563273608684539795e-02
2.300522476434707642e-02
-9.561872482299804688e-02
5.401667952537536621e-02
-2.365221083164215088e-01
1.271610613912343979e-02
-1.844814792275428772e-02
8.261942118406295776e-02
-3.791112080216407776e-02
8.264983445405960083e-02
1.104139238595962524e-01
1.451397687196731567e-02
-7.707100361585617065e-02
-3.145702928304672241e-02
-9.879976511001586914e-03
2.583757415413856506e-02
-8.643545210361480713e-03
7.438542693853378296e-02
-5.771153047680854797e-02
-1.238225474953651428e-01
1.084148138761520386e-01
-1.249216049909591675e-01
-1.838191971182823181e-02
1.122711785137653351e-02
-2.315857447683811188e-02
-1.649719029664993286e-01
-7.139804959297180176e-02
5.420004576444625854e-02
3.607424907386302948e-03
-5.053334683179855347e-02
-2.375902049243450165e-02
-8.196321129798889160e-02
-1.314043626189231873e-02
-9.302373975515365601e-02
5.385663360357284546e-02
4.284097254276275635e-02
6.994753330945968628e-02
-1.000970304012298584e-01
-4.152105748653411865e-02
4.750580340623855591e-02
9.101113304495811462e-03
4.549487493932247162e-03
-1.500318050384521484e-01
-4.011835902929306030e-02
1.027424782514572144e-01
5.269958451390266418e-02
1.563938260078430176e-01
-7.930856198072433472e-02
8.727028965950012207e-02
4.791968688368797302e-02
-2.050378732383251190e-02
-2.889329753816127777e-02
1.922180410474538803e-03
-8.522228896617889404e-02
-3.261989355087280273e-02
3.162712231278419495e-02
6.869740039110183716e-02
8.661065250635147095e-03
-1.179080829024314880e-01
1.191719993948936462e-01
-2.338474802672863007e-02
-2.542276307940483093e-02
2.017048932611942291e-02
-5.021688342094421387e-02
-6.748054921627044678e-02
1.485734134912490845e-01
3.911981824785470963e-03
-9.700858592987060547e-02
-5.981371551752090454e-02
-5.486678332090377808e-02
-1.032587364315986633e-01
-9.817664325237274170e-02
-2.022126317024230957e-02
-7.437179982662200928e-02
-4.159406572580337524e-02
-5.803861469030380249e-02
-7.465009391307830811e-02
-6.275039166212081909e-02
2.172110788524150848e-02
-4.374826326966285706e-03
1.245629861950874329e-01
9.672929346561431885e-02
-6.487034726887941360e-03
-6.114961951971054077e-02
5.876842886209487915e-03
1.430851221084594727e-02
-1.731882919557392597e-03
1.533366180956363678e-02
5.267389118671417236e-03
-1.057563722133636475e-02
-4.808782041072845459e-02
-5.014179646968841553e-02
-3.010557219386100769e-02
1.879103928804397583e-01
1.135337725281715393e-01
-3.914849832653999329e-02
9.491376578807830811e-02
-3.883821889758110046e-02
5.633542314171791077e-03
-4.106055200099945068e-02
-1.850049793720245361e-01
8.593989163637161255e-02
1.080688387155532837e-01
-4.370934888720512390e-02
2.308094128966331482e-02
-7.583228498697280884e-02
-1.064776778221130371e-01
8.340832591056823730e-02
-2.121123112738132477e-02
2.709673903882503510e-02
1.707368716597557068e-02
-2.974480204284191132e-02
1.247426271438598633e-01
1.507679000496864319e-03
-1.767284795641899109e-02
7.190321385860443115e-02
-1.094797179102897644e-01
-9.303700178861618042e-03
2.884058747440576553e-03
-1.728375405073165894e-01
4.632410407066345215e-02
-5.407977476716041565e-02
1.081562787294387817e-02
4.439234361052513123e-02
-4.680156707763671875e-02
-2.922641858458518982e-02
-6.378611177206039429e-02
-3.880922868847846985e-02
3.582414984703063965e-02
-5.348745733499526978e-02
3.062979131937026978e-02
-4.369522631168365479e-02
1.842509582638740540e-02
-1.189406141638755798e-01
1.264015957713127136e-02
4.611141979694366455e-02
2.942351251840591431e-02
-3.293426334857940674e-02
8.220657706260681152e-02
1.392774097621440887e-02
-6.988450884819030762e-02
-5.727428942918777466e-02
5.887277796864509583e-02
8.882822468876838684e-03
-8.228039368987083435e-03
-7.734775543212890625e-02
9.515004605054855347e-02
-5.996302142739295959e-02
-2.417050767689943314e-03
6.457226723432540894e-02
-7.715561985969543457e-02
9.718292206525802612e-02
-4.001890867948532104e-02
8.990646898746490479e-02
2.579190768301486969e-02
