-1.203415036201477051e+00
-2.522491216659545898e-01
-4.715500473976135254e-01
-1.014635324478149414e+00
7.074704766273498535e-02
-6.400883197784423828e-01
-3.413560986518859863e-01
-7.801135778427124023e-01
-3.102658390998840332e-01
-9.041772484779357910e-01
-3.058225512504577637e-01
-9.606202244758605957e-01
-6.127660274505615234e-01
3.886670619249343872e-02
-6.281362771987915039e-01
-6.457011699676513672e-01
-1.823939979076385498e-01
-3.698152303695678711e-01
-1.332716345787048340e+00
-2.409964799880981445e-02
5.049826502799987793e-01
-2.914320528507232666e-01
-1.595006585121154785e+00
-6.922238469123840332e-01
-3.185184895992279053e-01
8.064806461334228516e-03
-6.792764663696289062e-01
-6.503232121467590332e-01
-1.347065687179565430e+00
3.837625682353973389e-02
-1.476734399795532227e+00
-2.045564055442810059e-01
-2.968984544277191162e-01
-5.944041609764099121e-01
-1.189296126365661621e+00
-4.321680665016174316e-01
-1.587765812873840332e-01
-7.078580856323242188e-01
-3.866989612579345703e-01
-3.031564950942993164e-01
-3.176918625831604004e-01
-2.990468144416809082e-01
4.177613258361816406e-01
-1.037825584411621094e+00
-4.437206387519836426e-01
-4.355450570583343506e-01
-5.735253095626831055e-01
-1.101199865341186523e+00
2.044013291597366333e-01
-9.641416668891906738e-01
-1.060750246047973633e+00
-1.270129442214965820e+00
-5.395064949989318848e-01
-9.506698846817016602e-01
-4.896664619445800781e-01
-1.050336837768554688e+00
-4.372202754020690918e-01
-1.017989635467529297e+00
-7.375617027282714844e-01
-6.249598860740661621e-01
1.807124316692352295e-01
-4.777600467205047607e-01
3.013523221015930176e-01
-5.107885599136352539e-01
-7.425214052200317383e-01
1.936933398246765137e-02
-1.134422063827514648e+00
-8.313248157501220703e-01
-5.438468456268310547e-01
-1.248798519372940063e-01
1.479741036891937256e-01
-7.053511142730712891e-01
7.423474788665771484e-01
8.742402195930480957e-01
-6.381125450134277344e-01
6.386967897415161133e-01
-4.237914681434631348e-01
-1.168790385127067566e-01
-5.170877575874328613e-01
-1.188104748725891113e+00
4.239032566547393799e-01
2.421805560588836670e-01
-1.255413651466369629e+00
-1.001661181449890137e+00
-5.648106336593627930e-01
-1.671801805496215820e+00
-6.149641871452331543e-01
4.110229015350341797e-02
-2.836478948593139648e-01
-1.434750556945800781e+00
-4.375422745943069458e-02
5.751377344131469727e-01
-3.196599185466766357e-01
-6.291446089744567871e-01
-1.161221414804458618e-01
-1.660720407962799072e-01
-3.249572217464447021e-01
-6.089839935302734375e-01
-1.754898309707641602e+00
-1.105511546134948730e+00
-5.574303865432739258e-01
-4.611411690711975098e-01
-6.478118896484375000e-01
-6.214142441749572754e-01
-2.539774477481842041e-01
3.569571375846862793e-01
-1.058882951736450195e+00
-5.426262021064758301e-01
-8.500519394874572754e-01
1.089338958263397217e-02
-1.147114992141723633e+00
-7.415407896041870117e-01
1.010110080242156982e-01
-3.396425545215606689e-01
-6.665269136428833008e-01
-3.909475803375244141e-01
-1.754013299942016602e-01
1.335422694683074951e-01
-5.297076702117919922e-01
-7.227143645286560059e-01
3.433905541896820068e-01
6.235159933567047119e-02
-1.626617014408111572e-01
-7.963635921478271484e-01
-1.113763093948364258e+00
-9.518305063247680664e-01
-9.101285040378570557e-02
-8.728021383285522461e-01
3.235531970858573914e-02
3.044562041759490967e-02
-1.001548528671264648e+00
-1.599833667278289795e-01
-7.235784530639648438e-01
-6.403684020042419434e-01
-9.052252173423767090e-01
2.379791587591171265e-01
5.410127043724060059e-01
-8.858214020729064941e-01
-5.824945569038391113e-01
2.545970082283020020e-01
-5.197098851203918457e-01
-7.039331197738647461e-01
-1.263548970222473145e+00
-5.708007216453552246e-01
9.645362496376037598e-01
2.554450631141662598e-01
-1.302972078323364258e+00
4.210560321807861328e-01
-1.619433164596557617e+00
3.838585615158081055e-01
-1.344094276428222656e+00
-9.398981332778930664e-01
4.250208139419555664e-01
-7.228903174400329590e-01
-5.178858637809753418e-01
7.003702223300933838e-02
-2.378180325031280518e-01
2.262011468410491943e-01
-1.125252485275268555e+00
-1.328776925802230835e-01
-3.691516518592834473e-01
-8.540451526641845703e-01
-1.673195064067840576e-01
6.552405357360839844e-01
-3.524036705493927002e-02
-1.918567419052124023e-01
1.754109859466552734e-01
-2.855496406555175781e-01
-1.305452823638916016e+00
-5.685218572616577148e-01
-6.736350059509277344e-01
1.726648211479187012e-01
-3.855960667133331299e-01
-8.225283026695251465e-01
2.866454422473907471e-01
-1.964922189712524414e+00
-1.011017203330993652e+00
-1.434153318405151367e-02
-8.036719560623168945e-01
8.830634355545043945e-01
-3.426650464534759521e-01
-1.233965158462524414e-02
-1.059311985969543457e+00
-1.493678331375122070e+00
-3.820004165172576904e-01
-7.262672185897827148e-01
3.670145869255065918e-01
-1.370529174804687500e+00
-9.803180396556854248e-02
9.045399725437164307e-03
-9.943975806236267090e-01
-6.578873395919799805e-01
1.968542486429214478e-01
-1.348944902420043945e+00
-1.195707559585571289e+00
-4.383601546287536621e-01
-1.709383279085159302e-01
2.899039387702941895e-01
-8.730040192604064941e-01
-5.547110438346862793e-01
-4.079989790916442871e-01
-9.865998029708862305e-01
1.320585906505584717e-01
-1.021577358245849609e+00
8.282414078712463379e-02
3.151733279228210449e-01
-2.530807554721832275e-01
6.434842348098754883e-01
-2.777768671512603760e-01
-5.942865610122680664e-01
-1.437218308448791504e+00
-2.463120222091674805e-02
-4.397085905075073242e-01
1.697469651699066162e-01
-3.961600959300994873e-01
-7.841979861259460449e-01
-1.500185012817382812e+00
-8.721154332160949707e-01
2.735669016838073730e-01
1.458742469549179077e-01
-4.748816788196563721e-01
3.292332887649536133e-01
-8.396598100662231445e-01
-1.378487646579742432e-01
-1.081802010536193848e+00
-5.877308845520019531e-01
-1.226381778717041016e+00
-1.109204292297363281e+00
-3.710846304893493652e-01
-7.593257427215576172e-01
-9.787620902061462402e-01
2.311947494745254517e-01
-7.948111295700073242e-01
-1.019600629806518555e-01
-2.186784744262695312e+00
-5.374793410301208496e-01
-4.306345582008361816e-01
2.718940973281860352e-01
1.050604581832885742e-01
-6.595585942268371582e-01
-1.550942659378051758e-01
-6.589419245719909668e-01
-6.150572299957275391e-01
-3.372156620025634766e-01
-7.803535461425781250e-02
-1.368004202842712402e+00
-2.458698153495788574e-01
-2.402468025684356689e-01
-7.293413281440734863e-01
-1.071545839309692383e+00
-1.280651688575744629e-01
-5.815189480781555176e-01
-4.657070934772491455e-01
-4.232124090194702148e-01
-1.335316151380538940e-02
-8.091470599174499512e-02
-1.279378533363342285e-01
2.795835137367248535e-01
1.637645661830902100e-01
-2.776871621608734131e-01
-5.503664016723632812e-01
2.636613845825195312e-01
-2.213442325592041016e-01
-2.731558978557586670e-01
-9.879026561975479126e-02
-6.118834018707275391e-01
-1.062874197959899902e-01
3.869810998439788818e-01
2.389982938766479492e-01
-2.686237692832946777e-01
-9.075964689254760742e-01
-5.188749432563781738e-01
-1.006616115570068359e+00
-5.831177532672882080e-02
-6.868574023246765137e-01
-3.355160653591156006e-01
-3.359086215496063232e-01
-5.648047924041748047e-01
-6.441470384597778320e-01
8.624423146247863770e-01
5.951173305511474609e-01
-7.515150308609008789e-01
-3.630002140998840332e-01
-9.802587032318115234e-01
-1.008481979370117188e-01
-1.457950949668884277e+00
-3.057597279548645020e-01
-8.193607628345489502e-02
-4.075268805027008057e-01
-9.342177510261535645e-01
-1.043840408325195312e+00
-1.428661227226257324e+00
1.330966651439666748e-01
-1.647219061851501465e+00
-3.828668594360351562e-01
-9.131187200546264648e-01
-7.089549303054809570e-01
-4.214590191841125488e-01
-1.258078336715698242e+00
8.722171187400817871e-02
1.788749247789382935e-01
-5.257087945938110352e-02
1.943100690841674805e-01
-4.049602150917053223e-01
-2.018652439117431641e+00
-5.232359766960144043e-01
-7.084053754806518555e-01
-4.737128019332885742e-01
-1.056382894515991211e+00
-7.809980511665344238e-01
-8.472062349319458008e-01
2.195930778980255127e-01
-5.828589200973510742e-01
-1.488433480262756348e-01
-7.277443408966064453e-01
-1.853459328413009644e-01
-9.174739718437194824e-01
-6.329303979873657227e-01
-9.964547157287597656e-01
-1.229525566101074219e+00
-2.507613599300384521e-01
-2.784484624862670898e-01
-3.590475022792816162e-01
7.258224487304687500e-01
-7.229059934616088867e-01
-1.244635462760925293e+00
-7.257015705108642578e-01
6.549237370491027832e-01
-4.850342571735382080e-01
-2.007982879877090454e-02
-1.538595676422119141e+00
-1.029461860656738281e+00
-1.084036111831665039e+00
-4.964942336082458496e-01
-4.623255133628845215e-01
1.279804944992065430e+00
-7.949966788291931152e-01
-5.188784599304199219e-01
-1.370830535888671875e+00
5.139090418815612793e-01
1.608124971389770508e-01
-4.008929133415222168e-01
-7.264435291290283203e-03
-3.639712333679199219e-01
-2.006033062934875488e-02
5.523556470870971680e-01
-8.004088997840881348e-01
3.471524715423583984e-01
6.267370283603668213e-02
-8.818329870700836182e-02
-1.173663377761840820e+00
-1.524131298065185547e+00
2.605268061161041260e-01
-3.499945998191833496e-02
3.261967599391937256e-01
-6.828068494796752930e-01
-6.985768675804138184e-01
-5.004167556762695312e-03
-8.786747455596923828e-01
1.108297854661941528e-01
-6.544747352600097656e-01
4.642912745475769043e-01
1.655884385108947754e-01
-1.221791267395019531e+00
-4.051285982131958008e-02
-2.654473483562469482e-01
-6.382481008768081665e-02
-8.207965493202209473e-01
-4.577342271804809570e-01
-4.501614272594451904e-01
7.008519768714904785e-02
-8.885592818260192871e-01
5.688580870628356934e-02
-3.087541759014129639e-01
-9.752678275108337402e-01
-6.821736693382263184e-01
-8.683864474296569824e-01
1.448404341936111450e-01
-1.683637499809265137e+00
-4.616932868957519531e-01
1.968899369239807129e-01
-8.557002544403076172e-01
-9.888307452201843262e-01
-1.350668549537658691e+00
-2.146973758935928345e-01
-9.674182534217834473e-01
-1.381625980138778687e-01
-2.982131540775299072e-01
-1.454230427742004395e+00
-1.314993500709533691e+00
-6.563127040863037109e-01
5.993008613586425781e-01
6.734347343444824219e-01
-6.320414543151855469e-01
-2.006648182868957520e-01
-1.638807296752929688e+00
2.373507618904113770e-02
-5.118687152862548828e-01
-1.178714871406555176e+00
-4.067819118499755859e-01
-1.241158723831176758e+00
2.436829805374145508e-01
-8.271111249923706055e-01
-1.145972132682800293e+00
-2.004487514495849609e+00
1.690721511840820312e-02
7.239295542240142822e-02
-2.729645073413848877e-01
-3.450669646263122559e-01
-2.402502149343490601e-01
-4.963628947734832764e-02
-7.505778670310974121e-01
4.024994969367980957e-01
-4.765538275241851807e-01
-7.985413074493408203e-01
-1.802299976348876953e+00
5.978218466043472290e-02
-7.678479701280593872e-02
-1.936969310045242310e-01
-4.341237246990203857e-01
1.329770386219024658e-01
-1.260885357856750488e+00
-1.004108905792236328e+00
-1.206829547882080078e+00
1.436788439750671387e-01
-6.496046781539916992e-01
-9.363293051719665527e-01
-1.392008364200592041e-01
-9.152243733406066895e-01
-2.218920707702636719e+00
-1.383062601089477539e+00
2.312892526388168335e-01
-1.602459251880645752e-01
-7.246577739715576172e-02
-5.360152721405029297e-01
6.075940132141113281e-01
-1.161910057067871094e+00
-1.564204096794128418e-01
-3.894031047821044922e-03
-9.070274829864501953e-01
-5.007211863994598389e-02
-4.354577064514160156e-01
-1.066395267844200134e-01
-4.586733281612396240e-01
-6.502602696418762207e-01
-2.469644993543624878e-01
-1.037293314933776855e+00
-1.093185663223266602e+00
-4.111821949481964111e-02
-3.044068515300750732e-01
2.770880460739135742e-01
-2.446942627429962158e-01
-3.690369725227355957e-01
-5.635839700698852539e-02
-9.749615788459777832e-01
-1.013040244579315186e-01
-7.431991696357727051e-01
-8.961468935012817383e-02
-1.372128725051879883e-01
-1.007056951522827148e+00
-1.114714384078979492e+00
-1.045043542981147766e-01
-1.156083106994628906e+00
5.675048232078552246e-01
-9.391301274299621582e-01
-7.988758683204650879e-01
-8.442643880844116211e-01
-4.664770066738128662e-01
-5.786762833595275879e-01
-5.680795907974243164e-01
-5.519514679908752441e-01
-2.751106619834899902e-01
-6.429072022438049316e-01
-5.965209603309631348e-01
-1.053707122802734375e+00
-1.223123073577880859e+00
-9.262027740478515625e-01
-1.651613950729370117e+00
-6.130493879318237305e-01
-8.614729642868041992e-01
-8.231777548789978027e-01
-4.691160917282104492e-01
-9.712087512016296387e-01
7.043300569057464600e-02
-7.816017866134643555e-01
1.191191077232360840e-01
-1.309086561203002930e+00
-3.438826203346252441e-01
-7.937905788421630859e-01
-1.593360900878906250e+00
3.877359926700592041e-01
4.425047039985656738e-01
4.787097275257110596e-01
9.088367223739624023e-02
-9.219044446945190430e-01
-2.360872179269790649e-01
1.047085821628570557e-01
-7.212803363800048828e-01
6.542032957077026367e-02
-4.776612520217895508e-01
-1.181906461715698242e-02
-7.598159313201904297e-01
-1.333632230758666992e+00
-6.386972665786743164e-01
-2.348659336566925049e-01
-3.296398818492889404e-01
-1.309045076370239258e+00
-1.128314852714538574e+00
-2.812867164611816406e-01
-7.177311182022094727e-01
3.745931982994079590e-01
-7.032566666603088379e-01
-1.149195790290832520e+00
-8.954276144504547119e-02
-2.397827208042144775e-01
-1.148592114448547363e+00
-3.047980964183807373e-01
-1.710598111152648926e+00
-3.394663929939270020e-01
-1.050692558288574219e+00
-4.159405529499053955e-01
9.779978990554809570e-01
-7.008041143417358398e-01
-9.845364689826965332e-01
-9.673354625701904297e-01
-1.068571209907531738e+00
-8.137096762657165527e-01
-6.156820058822631836e-02
-4.018179178237915039e-01
1.212857961654663086e-01
-1.258427858352661133e+00
-1.684278547763824463e-01
-2.248236536979675293e-01
-7.656446695327758789e-01
1.289852559566497803e-01
-6.827355623245239258e-01
-2.536424994468688965e-01
-5.097737312316894531e-01
-9.890528917312622070e-01
-3.524381518363952637e-01
-9.915723204612731934e-01
-6.227890849113464355e-01
-8.120937943458557129e-01
-1.021638512611389160e+00
-2.004557251930236816e-01
-7.221506834030151367e-01
-9.064691066741943359e-01
-1.139337062835693359e+00
-1.125335246324539185e-01
-4.624272286891937256e-01
-9.134287238121032715e-01
-6.849979758262634277e-01
-3.677280247211456299e-01
-1.359182119369506836e+00
-5.845673084259033203e-01
-3.569840490818023682e-01
6.123847961425781250e-01
-1.083636879920959473e-01
2.617121934890747070e-01
-2.457382082939147949e-01
-8.567295074462890625e-01
-7.266381382942199707e-01
-2.366041839122772217e-01
-7.508517503738403320e-01
-7.595453262329101562e-01
-5.566650032997131348e-01
-1.671651601791381836e-01
-1.320980787277221680e+00
-1.824702918529510498e-01
-1.063956499099731445e+00
-6.729767322540283203e-01
-6.029064655303955078e-01
-8.621525764465332031e-02
4.930035173892974854e-01
-7.619124054908752441e-01
-1.342573404312133789e+00
-7.421616315841674805e-01
-8.495957851409912109e-01
-5.851157903671264648e-01
-6.676002740859985352e-01
-2.501426041126251221e-01
-6.351220607757568359e-01
2.988853454589843750e-01
-1.091415762901306152e+00
-7.586950063705444336e-01
-3.053155541419982910e-02
-5.030130147933959961e-01
1.565210223197937012e-01
-8.528636395931243896e-02
-4.206766188144683838e-01
-1.354485392570495605e+00
-7.380537688732147217e-02
-3.950439095497131348e-01
-9.871214628219604492e-01
-1.056848883628845215e+00
-1.100041866302490234e+00
-4.065793454647064209e-01
-4.540535211563110352e-01
-9.528681635856628418e-02
6.406638622283935547e-01
-5.856162905693054199e-01
-5.616518259048461914e-01
-3.231137394905090332e-01
1.399028301239013672e-01
2.202378213405609131e-01
2.373996376991271973e-01
3.488267660140991211e-01
-2.056603670120239258e+00
-8.453605175018310547e-01
5.606830120086669922e-03
-1.308393359184265137e+00
1.309221982955932617e-01
-1.354535341262817383e+00
-6.895325779914855957e-01
-1.328653395175933838e-01
-1.250039637088775635e-01
1.061799168586730957e+00
-3.553417921066284180e-01
-9.092969894409179688e-01
-7.081739306449890137e-01
-8.937627673149108887e-01
-5.024212598800659180e-01
-9.568946361541748047e-01
-3.514652252197265625e-01
-1.278698444366455078e+00
-5.356769561767578125e-01
-1.898858994245529175e-01
-9.898843765258789062e-01
-1.195256710052490234e+00
8.442012965679168701e-02
3.484556674957275391e-01
-3.983336091041564941e-01
-8.534172773361206055e-01
-1.243719458580017090e-02
-1.092851400375366211e+00
-1.086339712142944336e+00
-1.753801405429840088e-01
4.830581843852996826e-01
-1.259526848793029785e+00
-8.633501082658767700e-02
-4.374025464057922363e-01
-3.648549318313598633e-01
-9.997138381004333496e-01
-4.039496183395385742e-01
-9.812079370021820068e-02
-1.022776842117309570e+00
-3.513527214527130127e-01
-4.151701927185058594e-01
-8.622574210166931152e-01
-9.249671697616577148e-01
-7.517613172531127930e-01
-4.047393202781677246e-01
-3.466280400753021240e-01
-5.837234854698181152e-01
-6.773976087570190430e-01
-8.029832243919372559e-01
-2.307581305503845215e-01
-4.788076579570770264e-01
4.497470855712890625e-01
-9.814403057098388672e-01
-7.599802017211914062e-01
3.877490162849426270e-01
-2.133505493402481079e-01
-2.757853865623474121e-01
-7.986436486244201660e-01
1.130315303802490234e+00
-2.768324613571166992e-01
2.974241077899932861e-01
-1.068762779235839844e+00
-1.284995675086975098e-02
-1.735442399978637695e+00
-4.463522136211395264e-01
-1.071968078613281250e+00
3.041468560695648193e-01
9.219801425933837891e-02
3.337326645851135254e-02
-4.170843660831451416e-01
-9.458484649658203125e-01
3.326568007469177246e-01
-1.375416278839111328e+00
-1.019967079162597656e+00
-1.082930803298950195e+00
-7.584184408187866211e-01
-5.549650192260742188e-01
3.045330047607421875e-01
-5.901678204536437988e-01
-8.501441478729248047e-01
3.028691411018371582e-01
-1.310960054397583008e+00
1.507639884948730469e-02
-2.862025201320648193e-01
4.997561573982238770e-01
1.082926630973815918e+00
3.104299306869506836e-02
-9.477586150169372559e-01
4.466227889060974121e-01
-4.775056242942810059e-01
-1.426846742630004883e+00
-8.379732370376586914e-01
-3.772687911987304688e-01
-1.205758571624755859e+00
-5.071945786476135254e-01
-1.678687810897827148e+00
-6.665511131286621094e-01
-7.373442649841308594e-01
-9.158540517091751099e-02
-6.609088182449340820e-01
-8.201268315315246582e-02
-1.237123489379882812e+00
2.761468291282653809e-02
-4.551463425159454346e-01
-8.321613073348999023e-01
8.392971754074096680e-02
-4.792013466358184814e-01
-1.165637612342834473e+00
-2.418025135993957520e-01
-6.025095582008361816e-01
-1.010712862014770508e+00
2.800124883651733398e-02
-2.222606986761093140e-01
-1.725953102111816406e+00
-1.102562427520751953e+00
-6.602360606193542480e-01
9.324595332145690918e-01
-1.180334329605102539e+00
7.159551978111267090e-02
-5.598476529121398926e-01
-1.170177698135375977e+00
-6.114690303802490234e-01
-1.734960377216339111e-01
4.607038572430610657e-02
-1.046291708946228027e+00
-2.096876502037048340e-03
1.536789387464523315e-01
-9.587631225585937500e-01
-8.374838531017303467e-02
-1.961986541748046875e+00
-9.494264721870422363e-01
-7.718787789344787598e-01
-3.597731590270996094e-01
2.982520461082458496e-01
-1.083870649337768555e+00
-2.300948202610015869e-01
1.124511718750000000e+00
-9.618600010871887207e-01
-3.975739479064941406e-01
2.296389937400817871e-01
4.943428933620452881e-01
2.121115922927856445e-01
-8.048482537269592285e-01
-2.963265776634216309e-02
-7.284184694290161133e-01
-7.112454175949096680e-01
2.928820997476577759e-02
-3.521877527236938477e-02
-1.951238512992858887e-01
-1.306618601083755493e-01
-8.735539913177490234e-01
-8.305686712265014648e-01
1.205501854419708252e-01
-6.850582361221313477e-01
-5.362198948860168457e-01
8.637040853500366211e-03
-2.834433019161224365e-01
-1.966270506381988525e-01
-5.101338624954223633e-01
-3.341316580772399902e-01
-3.002220094203948975e-01
-7.049491405487060547e-01
-1.014664411544799805e+00
-8.176586627960205078e-01
-3.376663327217102051e-01
5.664592981338500977e-01
-1.482099294662475586e-01
-4.695162177085876465e-03
-4.490702152252197266e-01
6.543557047843933105e-01
-1.432111978530883789e+00
-1.021039485931396484e-02
-5.576372146606445312e-01
-8.163834810256958008e-01
-7.615244388580322266e-01
-1.536738157272338867e+00
-6.450793743133544922e-01
9.386548995971679688e-01
-5.088407993316650391e-01
1.542774289846420288e-01
-5.048779249191284180e-01
-1.317355990409851074e+00
-8.666456937789916992e-01
-2.707582116127014160e-01
-5.335497856140136719e-01
-3.364920020103454590e-01
-3.155255019664764404e-01
-1.360090136528015137e+00
-1.608939647674560547e+00
-9.522920846939086914e-01
-9.538146257400512695e-01
-6.914014816284179688e-01
-5.636430382728576660e-01
-1.073602199554443359e+00
-4.693433269858360291e-02
-3.962020874023437500e-01
-3.688391745090484619e-01
-1.042253494262695312e+00
-8.073949217796325684e-01
4.083386659622192383e-01
-7.498753070831298828e-02
-7.309640645980834961e-01
-1.983057558536529541e-01
-4.255253374576568604e-01
-8.870548605918884277e-01
-1.278557777404785156e+00
5.764232277870178223e-01
-5.772838592529296875e-01
-1.207475900650024414e+00
-1.096380233764648438e+00
-8.084698319435119629e-01
1.546305418014526367e-02
-6.279575824737548828e-01
-1.785277128219604492e-01
1.116921901702880859e-01
-5.591297149658203125e-02
-7.589113712310791016e-01
1.939338445663452148e-01
-1.231875568628311157e-01
-1.728710293769836426e+00
1.385801732540130615e-01
-8.723704814910888672e-01
4.026524126529693604e-01
-6.234802007675170898e-01
8.505717664957046509e-02
6.563010215759277344e-01
1.634777784347534180e-01
-1.760495305061340332e+00
-4.278647303581237793e-01
-5.279309749603271484e-01
-8.276563286781311035e-01
-1.036709189414978027e+00
-4.282293915748596191e-01
1.354368925094604492e-01
-1.096182107925415039e+00
1.200022399425506592e-01
-5.870362520217895508e-01
-1.675092458724975586e+00
5.492115020751953125e-01
5.027535557746887207e-01
-1.156520843505859375e+00
-2.160383760929107666e-02
-1.601114511489868164e+00
-8.604823350906372070e-01
-1.197738170623779297e+00
-6.338357329368591309e-01
-6.052905321121215820e-01
-7.030407786369323730e-01
-1.909301578998565674e-01
-5.635429024696350098e-01
-9.318279027938842773e-01
-9.984794855117797852e-01
-1.057583212852478027e+00
-1.431756019592285156e-01
5.092055201530456543e-01
-4.823300242424011230e-01
1.537096500396728516e-02
-1.965130865573883057e-01
-7.348418235778808594e-01
-1.059060096740722656e+00
-4.147537350654602051e-01
-8.181332349777221680e-01
-6.634575128555297852e-01
-8.775590658187866211e-01
-5.041893124580383301e-01
-1.308699250221252441e-01
3.874301910400390625e-03
-3.441004753112792969e-01
6.676396131515502930e-01
2.290976345539093018e-01
-2.986862361431121826e-01
-1.358569264411926270e+00
-5.251107811927795410e-01
-1.288627624511718750e+00
-1.359069108963012695e+00
-1.073729991912841797e+00
-6.403748989105224609e-01
-1.942830979824066162e-01
-8.859097957611083984e-02
-4.099510908126831055e-01
-3.587012588977813721e-01
-6.289084553718566895e-01
-1.727488279342651367e+00
-4.935771226882934570e-02
-6.100591421127319336e-01
-9.963917732238769531e-01
-1.121448516845703125e+00
-3.498107790946960449e-01
-1.021574258804321289e+00
-1.162876844406127930e+00
-2.647639513015747070e-01
-3.365007638931274414e-01
-4.609316289424896240e-01
-8.572812080383300781e-01
-3.977544307708740234e-01
-4.278173446655273438e-01
-9.877793788909912109e-01
-4.059499800205230713e-01
-2.254250526428222656e+00
-1.115631341934204102e+00
-1.753959059715270996e-01
9.672828763723373413e-02
-6.275342702865600586e-01
-1.101158976554870605e+00
-1.158528447151184082e+00
-1.301740527153015137e+00
-7.565684318542480469e-01
-7.045847177505493164e-01
-4.293277859687805176e-01
7.343226671218872070e-01
7.141131162643432617e-02
-3.157427906990051270e-01
-1.668230295181274414e-01
-4.278157949447631836e-01
-5.231626033782958984e-01
-7.875367403030395508e-01
2.947778999805450439e-02
-4.135609865188598633e-01
-2.392148226499557495e-01
-9.603188037872314453e-01
6.681904792785644531e-01
-1.831201910972595215e-01
-1.152796372771263123e-01
-9.944493770599365234e-01
-7.570667564868927002e-02
-6.822943687438964844e-02
-5.287954807281494141e-01
-6.634745597839355469e-01
-3.202688694000244141e-01
-3.127461671829223633e-01
-2.387440651655197144e-01
-1.026463985443115234e+00
-7.353572845458984375e-01
-2.356320023536682129e-01
2.706093192100524902e-01
-5.329292416572570801e-01
-6.597648262977600098e-01
-9.856402873992919922e-03
-9.023914933204650879e-01
-3.114805817604064941e-01
-5.079675912857055664e-01
-4.266838133335113525e-01
-8.022974729537963867e-01
-5.111494660377502441e-01
5.510941147804260254e-02
1.226887702941894531e-01
-5.315497517585754395e-01
-5.151656270027160645e-02
-1.465242624282836914e+00
-5.186653137207031250e-01
1.152580380439758301e-01
1.676554530858993530e-01
5.267637968063354492e-02
-5.720580816268920898e-01
-1.838818788528442383e-01
1.884072124958038330e-01
1.185735464096069336e+00
-9.614361822605133057e-02
-1.028519630432128906e+00
-4.596406817436218262e-01
-3.724983930587768555e-01
-7.561668157577514648e-01
1.348429918289184570e-01
-3.526638746261596680e-01
-1.052458584308624268e-01
-9.431051015853881836e-01
-1.216378450393676758e+00
-1.372573375701904297e+00
1.410443484783172607e-01
-1.152750730514526367e+00
-1.115950345993041992e+00
-6.740373969078063965e-01
2.020186185836791992e-02
-6.242424845695495605e-01
-5.533407628536224365e-02
-9.883732199668884277e-01
2.472786456346511841e-01
1.737338602542877197e-01
-1.006695032119750977e+00
-5.178118348121643066e-01
-1.054096743464469910e-01
-6.626766324043273926e-01
-2.735868096351623535e-01
-2.260481119155883789e-01
-4.948258399963378906e-03
-4.387430846691131592e-01
1.122431084513664246e-01
-5.375391840934753418e-01
-5.982843637466430664e-01
-3.444073498249053955e-01
-1.934572696685791016e+00
-3.644368648529052734e-01
-4.046200811862945557e-01
-3.240348100662231445e-01
-6.646091938018798828e-01
3.816410154104232788e-02
3.492253124713897705e-01
-1.135924458503723145e-01
-1.350721955299377441e+00
-6.206232905387878418e-01
-9.953558444976806641e-02
-4.990501403808593750e-01
-1.627979993820190430e+00
-5.332018733024597168e-01
-9.418287873268127441e-01
-1.668656587600708008e+00
-1.695275306701660156e-01
-1.574368000030517578e+00
1.268276870250701904e-01
-5.583681464195251465e-01
9.412050247192382812e-03
-3.042983263731002808e-02
-1.102050423622131348e+00
-5.980883836746215820e-01
2.115072906017303467e-01
-1.381694972515106201e-01
-1.568509340286254883e+00
-4.382643103599548340e-01
-5.736800432205200195e-01
-4.904959201812744141e-01
-4.411838352680206299e-01
6.404840946197509766e-01
-3.415370583534240723e-01
-6.097556352615356445e-01
1.230611428618431091e-01
1.903170347213745117e-02
7.370354235172271729e-02
-1.013489127159118652e+00
-8.060570955276489258e-01
2.329126559197902679e-02
1.942596584558486938e-01
-1.038308620452880859e+00
-2.751123011112213135e-01
-5.537100434303283691e-01
-8.394354581832885742e-01
-1.102334260940551758e-01
-9.950052946805953979e-03
-7.462051510810852051e-01
-1.578666090965270996e+00
2.409747242927551270e-01
-1.288978457450866699e+00
-9.101842045783996582e-01
-3.760297000408172607e-01
1.051280498504638672e-01
-8.477139472961425781e-01
-1.791481375694274902e+00
-1.484086275100708008e+00
-1.206398725509643555e+00
-8.053365349769592285e-01
-4.791786968708038330e-01
-6.323947906494140625e-01
-4.806285500526428223e-01
-6.406648159027099609e-01
-8.443536758422851562e-01
-6.115403771400451660e-01
-1.274437785148620605e+00
1.857326030731201172e+00
-1.855774998664855957e+00
-4.973210096359252930e-01
-2.266731262207031250e-01
-1.342333793640136719e+00
-6.456536054611206055e-01
-9.125708341598510742e-01
-4.082072675228118896e-01
-6.952480673789978027e-01
-7.109187841415405273e-01
-3.567388355731964111e-01
-3.868178129196166992e-01
-9.142001271247863770e-01
-1.627781987190246582e-02
-1.014034271240234375e+00
1.151205450296401978e-01
-8.192391991615295410e-01
-1.647280573844909668e+00
-2.219995260238647461e-01
-7.996267676353454590e-01
-1.940684914588928223e-01
-7.634805440902709961e-01
-3.478501737117767334e-01
1.145664229989051819e-01
-2.101666033267974854e-01
-9.364068508148193359e-01
1.105737835168838501e-01
-1.093023300170898438e+00
-5.327559113502502441e-01
-6.616097092628479004e-01
-6.692960262298583984e-01
1.820198744535446167e-01
-1.578007936477661133e-01
-9.414296150207519531e-01
-4.092449545860290527e-01
-4.667356014251708984e-01
4.894560202956199646e-02
-9.229445457458496094e-01
-1.988570988178253174e-01
-2.771861851215362549e-02
-3.013457059860229492e-01
-4.752894937992095947e-01
-1.372762203216552734e+00
-1.996744990348815918e+00
-8.952373266220092773e-02
-3.153740763664245605e-01
-6.916448473930358887e-01
-1.210067272186279297e+00
-8.902746438980102539e-01
-1.011969804763793945e+00
-7.629257440567016602e-01
6.228996515274047852e-01
-8.136030435562133789e-01
1.363973259925842285e+00
-1.282452344894409180e-01
-5.782738924026489258e-01
-5.188846588134765625e-01
-3.389841020107269287e-01
8.044438362121582031e-01
-4.327731430530548096e-01
8.466672152280807495e-02
-5.843728780746459961e-01
-2.354367971420288086e+00
-8.644789457321166992e-01
-4.871111214160919189e-01
-8.048347234725952148e-01
-4.501734972000122070e-01
4.142010807991027832e-01
1.734288036823272705e-01
-9.432820677757263184e-01
-2.559625804424285889e-01
-9.085177779197692871e-01
1.522870659828186035e-01
2.588113248348236084e-01
-7.165728807449340820e-01
-8.225051164627075195e-01
-1.019125938415527344e+00
7.526752352714538574e-02
-5.536663532257080078e-01
-7.610884904861450195e-01
-2.108253538608551025e-01
-6.528550386428833008e-01
-7.717470526695251465e-01
3.480674028396606445e-01
-7.076374292373657227e-01
4.209966957569122314e-01
-1.375078320503234863e+00
1.830732822418212891e-01
1.164886355400085449e-02
-5.221549272537231445e-01
-4.671845138072967529e-01
-9.130406379699707031e-01
-1.304973959922790527e-01
-6.398094296455383301e-01
-3.550332188606262207e-01
-1.208186149597167969e-01
-4.241532683372497559e-01
-1.654411256313323975e-01
-1.132040977478027344e+00
-4.792296588420867920e-01
-6.680238246917724609e-01
-7.824819684028625488e-01
4.510631561279296875e-01
1.923938095569610596e-01
-6.150617003440856934e-01
-5.487391948699951172e-01
1.007100641727447510e-01
-7.886235117912292480e-01
9.205681085586547852e-02
-6.678807139396667480e-01
1.669926345348358154e-01
-5.841094851493835449e-01
2.448309659957885742e-01
-1.056244730949401855e+00
-7.946899533271789551e-01
-3.897610902786254883e-01
-7.335659861564636230e-01
-1.058277249336242676e+00
-8.408091068267822266e-01
-6.859445571899414062e-01
8.990612626075744629e-01
-1.700293272733688354e-01
3.482200205326080322e-01
-5.482802391052246094e-01
-5.851769447326660156e-02
-4.992245435714721680e-01
-2.283622175455093384e-01
-3.546819388866424561e-01
-6.751819849014282227e-01
3.721945881843566895e-01
-3.682027161121368408e-01
-1.488195955753326416e-01
-1.504267752170562744e-01
-1.101184844970703125e+00
-8.157056570053100586e-01
-5.086699500679969788e-02
-8.279637694358825684e-01
2.276140451431274414e-01
-7.133480906486511230e-01
-4.252146184444427490e-01
-6.554678678512573242e-01
-1.124269723892211914e+00
-5.190269351005554199e-01
-1.043014526367187500e+00
-7.054535746574401855e-01
-4.814755320549011230e-01
-2.770426273345947266e-01
-3.098960518836975098e-01
-1.277611613273620605e+00
1.766246795654296875e+00
-7.096837759017944336e-01
-2.928285002708435059e-01
-6.720569729804992676e-01
-5.213040113449096680e-02
-1.152363777160644531e+00
-3.426796197891235352e-01
4.023942649364471436e-01
-1.060846447944641113e-02
-6.193949580192565918e-01
-7.201410531997680664e-01
2.829052209854125977e-01
-3.323956429958343506e-01
-3.611634671688079834e-01
-8.167065382003784180e-01
-1.942983865737915039e-01
-1.257450103759765625e+00
-7.324002385139465332e-01
6.626552343368530273e-01
-2.150305807590484619e-01
5.071015357971191406e-01
-6.944432854652404785e-01
-8.702199459075927734e-01
-1.590492606163024902e+00
-6.323849558830261230e-01
-2.344841063022613525e-01
-7.607879042625427246e-01
-6.786296367645263672e-01
-9.022913128137588501e-02
-5.885544419288635254e-01
-7.194958925247192383e-01
-1.425868749618530273e+00
-5.691711902618408203e-01
-1.990612030029296875e+00
-2.690284848213195801e-01
1.849016100168228149e-01
4.222922325134277344e-01
8.464156985282897949e-01
3.593361377716064453e-01
-5.297415256500244141e-01
-3.140227198600769043e-01
-1.007851719856262207e+00
-6.085584163665771484e-01
-8.409020900726318359e-01
-7.588053941726684570e-01
-8.514810204505920410e-01
3.158269822597503662e-01
-4.687499403953552246e-01
4.797809123992919922e-01
8.087310194969177246e-02
-2.209838628768920898e-01
-7.653752565383911133e-01
-6.301205754280090332e-01
1.907217502593994141e-02
-8.402984142303466797e-01
1.977579891681671143e-01
4.614828526973724365e-01
7.349038124084472656e-01
-4.677550196647644043e-01
4.244425147771835327e-02
-5.936660170555114746e-01
-8.243598341941833496e-01
-1.170644283294677734e+00
-1.726375818252563477e-01
-3.437310457229614258e-02
-1.101999878883361816e-01
-6.604688167572021484e-01
-8.327567577362060547e-01
-5.127034187316894531e-01
-6.242746114730834961e-01
-2.778165340423583984e-01
-4.451749920845031738e-01
-8.872725963592529297e-01
-5.732778310775756836e-01
-1.865437030792236328e+00
-5.020523667335510254e-01
-5.851266980171203613e-01
4.612118750810623169e-02
-3.600304126739501953e-01
-1.066868662834167480e+00
-8.587881326675415039e-01
-6.233068108558654785e-01
-3.790891468524932861e-01
-6.807456016540527344e-01
-1.584167778491973877e-01
-8.332687616348266602e-01
-7.224608063697814941e-01
-6.179445385932922363e-01
1.432486325502395630e-01
4.354596138000488281e-03
-6.660721898078918457e-01
-9.995388984680175781e-02
-3.921939134597778320e-01
-1.383572340011596680e+00
-8.036235570907592773e-01
-2.848511040210723877e-01
-1.106472969055175781e+00
-1.127496361732482910e-01
-4.032776057720184326e-01
-2.280456572771072388e-02
3.219980597496032715e-01
-9.023689627647399902e-01
1.355283856391906738e-01
-1.152145624160766602e+00
-1.165800571441650391e+00
-2.804431915283203125e-01
-1.100181818008422852e+00
-1.140985608100891113e+00
7.254028320312500000e-02
-5.988953113555908203e-01
5.794439911842346191e-01
-1.202468633651733398e+00
-1.371217966079711914e+00
-1.997476816177368164e-01
-3.464091718196868896e-01
-1.080514669418334961e+00
-6.085435748100280762e-01
-3.278714418411254883e-01
-2.548748254776000977e-01
-1.236815690994262695e+00
-5.610218644142150879e-01
-2.052482366561889648e+00
4.352734088897705078e-01
-2.890113592147827148e-01
-2.159804821014404297e+00
-1.741010844707489014e-01
-7.671377062797546387e-01
-1.320330381393432617e+00
-2.995119094848632812e-01
-1.484818577766418457e+00
-7.166084647178649902e-01
-9.845296144485473633e-01
-9.138194918632507324e-01
-1.394251227378845215e+00
-4.181131720542907715e-01
-1.509621441364288330e-01
-1.380397796630859375e+00
-7.693421840667724609e-01
-6.511665582656860352e-01
-1.528890728950500488e-01
-1.343463301658630371e+00
-9.054027199745178223e-01
-2.844670414924621582e-01
-1.773883581161499023e+00
3.789542317390441895e-01
-1.506462097167968750e-01
-1.316021442413330078e+00
3.543437123298645020e-01
-2.624295055866241455e-01
-3.882611989974975586e-01
-4.373500049114227295e-01
-2.414633333683013916e-01
-5.030385032296180725e-02
-8.351769447326660156e-01
-6.051173806190490723e-01
-1.638308763504028320e-01
-7.718379497528076172e-01
-2.935659289360046387e-01
-1.294858455657958984e+00
-1.029829025268554688e+00
-5.080970525741577148e-01
-5.547047853469848633e-01
-7.627962231636047363e-01
-3.573235571384429932e-01
-1.238572359085083008e+00
7.276689410209655762e-01
-6.110627651214599609e-01
-3.218033313751220703e-01
-1.303700447082519531e+00
-4.321800470352172852e-01
1.017005145549774170e-01
-8.961954116821289062e-01
-9.415212869644165039e-01
2.379766106605529785e-01
-3.237510919570922852e-01
-7.073511481285095215e-01
6.887824088335037231e-02
-1.330320388078689575e-01
-1.255108833312988281e+00
-9.648809432983398438e-01
-6.072055697441101074e-01
-5.264630168676376343e-02
-5.110251307487487793e-01
-7.937475442886352539e-01
-3.241929113864898682e-01
-3.381769359111785889e-01
-5.435579270124435425e-02
-1.286766767501831055e+00
-4.192492365837097168e-01
-3.938332498073577881e-01
2.787552475929260254e-01
-3.241331875324249268e-01
2.102491557598114014e-01
-4.602649509906768799e-01
-1.672691106796264648e-01
-9.394601583480834961e-01
2.989856600761413574e-01
1.561986207962036133e-01
2.125201523303985596e-01
4.536947607994079590e-01
-9.491463899612426758e-01
3.019578158855438232e-01
3.096917271614074707e-01
7.982972264289855957e-02
-3.711774051189422607e-01
-6.258111000061035156e-01
-3.951385617256164551e-01
-5.634075999259948730e-01
3.003032207489013672e-01
-2.422452270984649658e-01
4.742411971092224121e-01
-9.095240831375122070e-01
-1.088558197021484375e+00
-4.773883223533630371e-01
7.974579930305480957e-02
-7.792232036590576172e-01
-8.035219907760620117e-01
-9.854096770286560059e-01
2.541987001895904541e-01
1.009899616241455078e+00
-6.285498738288879395e-01
-8.340878486633300781e-01
-9.144102334976196289e-01
-7.488857507705688477e-01
-5.728068947792053223e-02
1.222761273384094238e-01
-6.254685521125793457e-01
-4.464250206947326660e-01
1.677718162536621094e+00
-1.285971999168395996e+00
-5.267017483711242676e-01
1.102615892887115479e-01
-1.204851984977722168e+00
-6.087975502014160156e-01
-4.207170605659484863e-01
2.120538651943206787e-01
-9.554284811019897461e-01
-2.974269986152648926e-01
-8.693538904190063477e-01
-1.301062822341918945e+00
-1.089618563652038574e+00
-1.132318735122680664e+00
-1.167288422584533691e+00
-8.651393651962280273e-01
-6.698037385940551758e-01
7.900940179824829102e-01
-4.124901294708251953e-01
-3.437739014625549316e-01
7.167199850082397461e-01
-4.309636950492858887e-01
-6.127019524574279785e-01
-2.770889997482299805e-01
-5.229747295379638672e-01
-1.023375511169433594e+00
-8.016865253448486328e-01
-4.411125183105468750e-02
-1.203530550003051758e+00
-6.780334711074829102e-01
-1.684521734714508057e-01
-5.277755260467529297e-01
-7.214677929878234863e-01
-1.817362427711486816e+00
-3.988586664199829102e-01
-1.461595296859741211e-02
3.299002945423126221e-01
-5.616264343261718750e-01
-4.794335961341857910e-01
-1.132797479629516602e+00
-8.117444515228271484e-01
-2.443996071815490723e-02
-6.394777297973632812e-01
-3.524466156959533691e-01
-9.319760650396347046e-02
-9.282208681106567383e-01
-9.197200536727905273e-01
-6.725543141365051270e-01
1.036529242992401123e-01
-4.825644493103027344e-01
2.124295979738235474e-01
-9.453998208045959473e-01
5.110032111406326294e-02
-6.150991916656494141e-01
3.924086689949035645e-03
-2.509909868240356445e-01
-1.584575295448303223e+00
-3.074331283569335938e-01
7.871644943952560425e-02
4.277857244014739990e-01
-1.530274987220764160e+00
-7.187886238098144531e-01
-1.625404357910156250e-01
-8.952318429946899414e-01
-1.212588310241699219e+00
-1.091663002967834473e+00
-3.869309425354003906e-01
3.509311676025390625e-01
-3.733869194984436035e-01
-3.919872641563415527e-01
1.839900016784667969e-01
-1.744892746210098267e-01
2.210553139448165894e-01
-4.612944126129150391e-01
3.482128679752349854e-01
-6.498955488204956055e-01
-4.534057974815368652e-01
-3.969523608684539795e-01
-6.223745271563529968e-02
-4.742752313613891602e-01
-1.329105377197265625e+00
-1.580798864364624023e+00
-3.273877501487731934e-02
-8.791576623916625977e-01
-1.569567024707794189e-01
-6.910744905471801758e-01
-9.057837724685668945e-01
-6.422696709632873535e-01
-3.017603754997253418e-01
-2.984797358512878418e-01
-1.524902284145355225e-01
-6.915460824966430664e-01
-6.705247163772583008e-01
-3.350712358951568604e-01
-4.693350791931152344e-01
-7.629223465919494629e-01
3.377115428447723389e-01
-6.853908896446228027e-01
-1.915306746959686279e-01
-6.372984051704406738e-01
-6.704193353652954102e-01
-2.703267633914947510e-01
-1.004011511802673340e+00
-2.005807161331176758e-01
1.074028611183166504e-01
-1.078974008560180664e+00
-9.630334377288818359e-01
-4.570931494235992432e-01
1.645741760730743408e-01
-3.124964833259582520e-01
-5.512365698814392090e-01
-5.648545026779174805e-01
1.333903521299362183e-01
-1.299983739852905273e+00
-1.829868674278259277e+00
-2.119832634925842285e-01
-1.024722814559936523e+00
-5.926167368888854980e-01
1.261965185403823853e-01
-1.774998903274536133e-01
2.983771860599517822e-01
1.215565323829650879e+00
-1.698848009109497070e+00
-1.457762360572814941e+00
-4.298418760299682617e-01
-6.314521431922912598e-01
-5.293103456497192383e-01
1.556306928396224976e-01
5.416079163551330566e-01
-2.004579156637191772e-01
2.516720890998840332e-01
-1.028110980987548828e+00
-2.631765007972717285e-01
-6.566556692123413086e-01
-2.406153678894042969e-01
-1.298836708068847656e+00
-4.763416349887847900e-01
-6.943203210830688477e-01
7.667964696884155273e-02
-2.673404216766357422e-01
-3.102450966835021973e-01
-4.558206498622894287e-01
-6.788825988769531250e-01
-5.624157786369323730e-01
-7.385985255241394043e-01
-8.871717453002929688e-01
4.873782396316528320e-02
-1.030757188796997070e+00
-1.320778489112854004e+00
2.150988578796386719e-02
-1.241430118680000305e-01
-7.260956764221191406e-01
-9.906099438667297363e-01
-5.297410488128662109e-01
-7.021787166595458984e-01
-6.567114591598510742e-02
5.630180984735488892e-02
-3.097914159297943115e-01
-8.240960836410522461e-01
-2.744698822498321533e-01
-3.375598788261413574e-01
-5.128990411758422852e-01
-1.031920433044433594e+00
-8.595210313796997070e-01
-3.137838840484619141e-02
-3.917142450809478760e-01
-1.426497936248779297e+00
6.327323913574218750e-01
-7.479839324951171875e-01
-5.772269368171691895e-01
-5.278108119964599609e-01
-3.893330991268157959e-01
-6.828356981277465820e-01
-5.771688818931579590e-01
-1.179944992065429688e+00
-3.439417183399200439e-01
-7.331005930900573730e-01
-4.761209189891815186e-01
-1.238163471221923828e+00
-7.536138296127319336e-01
-8.799072504043579102e-01
-1.142711758613586426e+00
-5.166370272636413574e-01
-1.140255570411682129e+00
-1.525669693946838379e-01
-1.584314703941345215e-01
-4.342668056488037109e-01
1.776014268398284912e-02
-1.498097658157348633e+00
-1.135234594345092773e+00
-4.136798381805419922e-01
-2.205103635787963867e-01
-3.080788552761077881e-01
3.991557359695434570e-01
-5.716319084167480469e-01
-6.026602387428283691e-01
-1.269197702407836914e+00
-1.433638453483581543e+00
-6.062616705894470215e-01
-7.326242923736572266e-01
-8.077320456504821777e-02
-4.923354089260101318e-01
-7.753019332885742188e-01
-3.974087238311767578e-01
-1.100800991058349609e+00
-3.502503633499145508e-01
-1.034778118133544922e+00
1.664078831672668457e-01
-9.485424160957336426e-01
-9.302515387535095215e-01
3.844616413116455078e-01
-1.303415894508361816e-01
-9.468982815742492676e-01
-3.816803097724914551e-01
-1.221289515495300293e+00
-8.475518226623535156e-01
-4.731115698814392090e-01
-4.490167498588562012e-01
-4.699358642101287842e-01
-6.554563641548156738e-01
-1.034645318984985352e+00
-8.222118616104125977e-01
-3.890136480331420898e-01
1.507338136434555054e-01
-3.959017992019653320e-02
-5.839198827743530273e-02
-7.476164102554321289e-01
-6.343443393707275391e-01
3.908156156539916992e-01
4.716489315032958984e-01
-1.501389145851135254e-01
-1.995369195938110352e-01
3.913104236125946045e-01
-4.711970686912536621e-01
-1.002460002899169922e+00
-7.602168917655944824e-01
-3.426626026630401611e-01
-1.038890004158020020e+00
-2.378605902194976807e-01
-9.124380350112915039e-01
-1.306869983673095703e+00
-7.787827849388122559e-01
4.885750114917755127e-01
2.176891565322875977e-01
-8.191665410995483398e-01
-9.056667089462280273e-01
-1.713452696800231934e+00
-9.017736911773681641e-01
-7.327865362167358398e-01
-9.172161221504211426e-01
-1.549494713544845581e-01
2.696855068206787109e-01
1.392808556556701660e-02
-2.936540544033050537e-01
-9.591166377067565918e-01
-1.376390457153320312e-01
-1.040040016174316406e+00
-7.332612276077270508e-01
8.287144303321838379e-01
-1.035761833190917969e+00
-5.959851741790771484e-01
-6.646749377250671387e-02
5.381972715258598328e-02
-6.836755871772766113e-01
-4.548431932926177979e-01
-7.740814685821533203e-01
-2.192065119743347168e-01
-5.936628580093383789e-02
-3.811887800693511963e-01
-4.611948728561401367e-01
-2.206885218620300293e-01
-1.187403321266174316e+00
-1.137664914131164551e+00
-5.914380550384521484e-01
-4.778810739517211914e-01
-6.148784756660461426e-01
8.349008858203887939e-03
-6.353135704994201660e-01
-4.239019155502319336e-01
-8.722546100616455078e-01
-2.222599387168884277e-01
-4.558667540550231934e-01
-2.598016262054443359e-01
2.722495794296264648e-01
-8.850471377372741699e-01
6.655994057655334473e-02
-3.021476864814758301e-01
4.358363747596740723e-01
-6.776008605957031250e-01
-8.112272024154663086e-01
-6.728196144104003906e-02
-1.499217867851257324e+00
-4.463163018226623535e-01
-1.545225977897644043e-01
2.528861761093139648e-01
-7.396456003189086914e-01
-8.286875486373901367e-01
-7.073417901992797852e-01
-1.005723476409912109e+00
-4.944385886192321777e-01
-1.501626133918762207e+00
-1.318269073963165283e-01
-9.446771442890167236e-02
-3.754115402698516846e-01
3.498190641403198242e-02
-7.996141910552978516e-01
-3.110350966453552246e-01
-1.576381206512451172e+00
-2.528795897960662842e-01
-1.339084863662719727e+00
-1.467554807662963867e+00
-9.187400341033935547e-01
-1.068948626518249512e+00
-4.238827228546142578e-01
-3.109528422355651855e-01
-1.848304867744445801e-01
-6.922655105590820312e-01
-3.330461680889129639e-01
4.377654194831848145e-02
3.625000417232513428e-01
-1.474879026412963867e+00
-5.633523464202880859e-01
-7.532625198364257812e-01
-6.645178794860839844e-02
-1.074381351470947266e+00
-6.137153506278991699e-01
-3.144651651382446289e-03
-3.332050740718841553e-01
-2.017695307731628418e-01
-1.894727230072021484e+00
-8.232105970382690430e-01
-8.767875432968139648e-01
-5.404310822486877441e-01
-4.476068615913391113e-01
-1.060858249664306641e+00
1.102881431579589844e-01
-2.661742568016052246e-01
-3.786734938621520996e-01
-1.129033684730529785e+00
5.479750037193298340e-02
-4.796736836433410645e-01
1.403769850730895996e-02
1.904725283384323120e-01
-1.976078748703002930e-02
-7.223825454711914062e-01
-3.716173171997070312e-01
-1.111989498138427734e+00
2.740371227264404297e-02
-6.787965893745422363e-01
-6.400387287139892578e-01
7.715792208909988403e-02
-4.855661392211914062e-01
-1.360827565193176270e+00
7.414043545722961426e-01
-1.080919802188873291e-02
-3.886103928089141846e-01
-1.540184378623962402e+00
-4.181120991706848145e-01
-4.287700355052947998e-01
-3.512060642242431641e-01
-4.257112741470336914e-03
-1.216053485870361328e+00
-6.525361537933349609e-01
1.843787431716918945e-01
-4.726588726043701172e-01
-7.053061127662658691e-01
-8.481974005699157715e-01
1.068725287914276123e-01
-1.176707029342651367e+00
-2.159272432327270508e+00
2.088860422372817993e-01
-3.013586439192295074e-02
-2.750179171562194824e-01
-1.172568082809448242e+00
-3.176864385604858398e-01
2.544885277748107910e-01
-1.116857767105102539e+00
-8.262249082326889038e-02
-4.815907478332519531e-01
-1.565736174583435059e+00
-6.758567690849304199e-01
4.695841073989868164e-01
-1.948234066367149353e-02
-1.224021077156066895e+00
-2.452649325132369995e-01
-8.423142433166503906e-01
-1.220136582851409912e-01
-3.851455152034759521e-01
-3.674477338790893555e-01
-7.630940675735473633e-01
-1.172164201736450195e+00
-2.884119749069213867e-02
-1.308477640151977539e+00
-9.349445700645446777e-01
-7.183028459548950195e-01
-1.634382843971252441e+00
-1.211331844329833984e+00
5.581504702568054199e-01
-4.289116263389587402e-01
-7.475424408912658691e-01
-1.024381041526794434e+00
-3.558964133262634277e-01
-6.370667219161987305e-01
-1.334373235702514648e+00
-9.725645184516906738e-01
-7.120857238769531250e-01
-1.018765419721603394e-01
2.756220102310180664e-02
2.213446795940399170e-01
-1.348944187164306641e+00
-7.775422334671020508e-01
-5.983829498291015625e-01
6.346610188484191895e-01
-3.720168471336364746e-01
-1.687143743038177490e-01
-6.618515849113464355e-01
2.100856304168701172e-01
-3.810454607009887695e-01
-2.246539145708084106e-01
2.000230550765991211e-01
-3.170063495635986328e-01
-1.152594804763793945e+00
-7.391027212142944336e-01
-5.415974855422973633e-01
2.840876281261444092e-01
5.131884217262268066e-01
-4.512120485305786133e-01
-9.885996580123901367e-01
-8.808051943778991699e-01
-1.095779895782470703e+00
2.597509920597076416e-01
-9.035482406616210938e-01
1.915744543075561523e-01
9.893207550048828125e-01
-4.047403335571289062e-01
-4.546106457710266113e-01
1.530993938446044922e+00
-1.093689680099487305e+00
-1.195201635360717773e+00
-6.881695389747619629e-01
-5.766714811325073242e-01
-4.698194563388824463e-01
-6.361962556838989258e-01
-1.617262125015258789e+00
-8.897995948791503906e-01
-4.902491867542266846e-01
-5.278802514076232910e-01
-1.389479398727416992e+00
-4.520206451416015625e-01
-1.835412144660949707e+00
-1.058947324752807617e+00
-6.354615688323974609e-01
-5.729394406080245972e-02
-2.160736024379730225e-01
-1.917713582515716553e-01
-3.278049826622009277e-02
1.613332629203796387e-01
-1.843161880970001221e-01
-1.799979209899902344e-01
4.996126890182495117e-02
5.414177775382995605e-01
8.981257677078247070e-03
2.476085424423217773e-01
-7.527734041213989258e-01
-1.158249497413635254e+00
-1.695253103971481323e-01
2.104400396347045898e-01
1.802536845207214355e-01
2.238327860832214355e-01
-1.028515696525573730e+00
2.658731937408447266e-01
4.337333738803863525e-01
-2.906711697578430176e-01
-1.117151975631713867e-02
-1.918109297752380371e+00
-3.668029010295867920e-01
-7.126646041870117188e-01
-7.571381330490112305e-02
-1.468319416046142578e+00
-1.288021922111511230e+00
-2.538615465164184570e-01
-8.013439774513244629e-01
-1.124896287918090820e+00
-7.760270833969116211e-01
2.796317934989929199e-01
-5.983684062957763672e-01
-5.858460664749145508e-01
-4.983887672424316406e-01
-6.233654022216796875e-01
-5.407066345214843750e-01
2.185629904270172119e-01
2.786284089088439941e-01
-1.399743914604187012e+00
-5.872915387153625488e-01
5.304394662380218506e-02
-2.530294060707092285e-01
-8.108546733856201172e-01
-8.024963736534118652e-01
-7.417304515838623047e-01
-1.061770200729370117e+00
-3.802377581596374512e-01
6.936564445495605469e-01
-7.046838402748107910e-01
-9.255053997039794922e-01
2.144382745027542114e-01
-3.370272517204284668e-01
-5.505551099777221680e-01
-8.520559072494506836e-01
-2.702096700668334961e-01
-8.030602931976318359e-01
-1.352810710668563843e-01
-1.601821660995483398e+00
-1.588712036609649658e-01
-1.073248982429504395e+00
7.058531045913696289e-04
-1.574396967887878418e+00
-3.068115413188934326e-01
-7.585154771804809570e-01
-3.915842473506927490e-01
-9.220542907714843750e-01
-4.671977758407592773e-01
-8.737139701843261719e-01
-3.383692353963851929e-02
-7.161922454833984375e-01
-5.869656801223754883e-01
-7.439218163490295410e-01
6.794320344924926758e-01
-9.077419042587280273e-01
8.608831167221069336e-01
3.453649878501892090e-01
2.027197480201721191e-01
-7.754107117652893066e-01
-1.580453813076019287e-01
-1.273634433746337891e-01
-4.144164621829986572e-01
1.647283732891082764e-01
4.310460090637207031e-01
-1.166413784027099609e+00
-3.693359792232513428e-01
-5.372455120086669922e-01
-7.879483699798583984e-01
4.382087886333465576e-01
-8.004609346389770508e-01
-5.142399072647094727e-01
1.209384918212890625e+00
2.160901725292205811e-01
-1.157444596290588379e+00
-2.102957367897033691e-01
-1.110145807266235352e+00
-1.108554601669311523e+00
-7.060458064079284668e-01
-6.980895996093750000e-01
-6.106960773468017578e-01
-4.305494427680969238e-01
-7.735656499862670898e-01
-3.703241050243377686e-01
-3.660635948181152344e-01
-5.273969173431396484e-01
-6.921141147613525391e-01
-2.379230976104736328e+00
