8.442334532737731934e-01
6.591147780418395996e-01
1.012733936309814453e+00
9.786891937255859375e-01
7.289392948150634766e-01
9.068719148635864258e-01
9.768567681312561035e-01
1.079285621643066406e+00
9.813778400421142578e-01
8.521479368209838867e-01
8.230890631675720215e-01
9.410240054130554199e-01
9.370377063751220703e-01
7.277525663375854492e-01
1.008128762245178223e+00
1.252668738365173340e+00
1.129960179328918457e+00
1.335137367248535156e+00
9.069284796714782715e-01
1.266167402267456055e+00
1.339661598205566406e+00
1.358185887336730957e+00
7.967271208763122559e-01
9.130371212959289551e-01
1.128557562828063965e+00
1.170369505882263184e+00
9.901103973388671875e-01
1.561002254486083984e+00
7.836272120475769043e-01
9.391972422599792480e-01
1.274906277656555176e+00
1.217846632003784180e+00
8.703651428222656250e-01
8.676508665084838867e-01
3.338544964790344238e-01
1.314515829086303711e+00
9.389063119888305664e-01
1.010097861289978027e+00
1.268005847930908203e+00
9.548618793487548828e-01
8.062610626220703125e-01
8.757079839706420898e-01
1.202987194061279297e+00
1.084458231925964355e+00
7.424645423889160156e-01
1.072534203529357910e+00
7.561444044113159180e-01
7.588530182838439941e-01
1.164378046989440918e+00
9.207706451416015625e-01
7.392748594284057617e-01
1.281936645507812500e+00
1.069177389144897461e+00
8.253887891769409180e-01
1.157689809799194336e+00
9.947305917739868164e-01
8.746466636657714844e-01
1.270984053611755371e+00
8.320732116699218750e-01
1.222099423408508301e+00
1.085309386253356934e+00
9.683013558387756348e-01
9.315972328186035156e-01
1.155768513679504395e+00
1.093190312385559082e+00
1.118008255958557129e+00
7.717543244361877441e-01
8.789194226264953613e-01
1.023922562599182129e+00
1.015677213668823242e+00
8.919756412506103516e-01
7.586797475814819336e-01
1.040603041648864746e+00
9.155954122543334961e-01
1.037418723106384277e+00
1.354279398918151855e+00
9.545053243637084961e-01
7.337409853935241699e-01
8.770548105239868164e-01
1.323079347610473633e+00
1.181002736091613770e+00
1.114488840103149414e+00
5.353127717971801758e-01
9.495151042938232422e-01
1.002283811569213867e+00
7.927566170692443848e-01
6.685330867767333984e-01
1.086697697639465332e+00
1.150223016738891602e+00
6.676174402236938477e-01
1.053940057754516602e+00
1.265932917594909668e+00
9.277039766311645508e-01
1.499728560447692871e+00
7.834401726722717285e-01
1.250551581382751465e+00
1.079374670982360840e+00
8.316353559494018555e-01
8.347547054290771484e-01
1.467128276824951172e+00
1.052771806716918945e+00
8.389096856117248535e-01
9.781647324562072754e-01
1.080833196640014648e+00
8.059375286102294922e-01
1.339867711067199707e+00
1.336063265800476074e+00
9.451628923416137695e-01
7.576547861099243164e-01
1.465437054634094238e+00
1.013592720031738281e+00
9.678393006324768066e-01
7.494590878486633301e-01
9.293220043182373047e-01
6.917349100112915039e-01
1.433228135108947754e+00
9.251887798309326172e-01
8.759144544601440430e-01
1.083817839622497559e+00
8.203593492507934570e-01
1.142360806465148926e+00
1.253608107566833496e+00
1.138387560844421387e+00
8.448414802551269531e-01
8.659490942955017090e-01
8.354429006576538086e-01
1.601280927658081055e+00
9.346268773078918457e-01
9.841331243515014648e-01
1.064264059066772461e+00
3.881777524948120117e-01
1.230414509773254395e+00
8.277451992034912109e-01
7.773240208625793457e-01
1.136870622634887695e+00
8.553526401519775391e-01
1.531414508819580078e+00
1.072574734687805176e+00
1.001744985580444336e+00
7.463129162788391113e-01
1.381746411323547363e+00
6.873324513435363770e-01
7.695894241333007812e-01
1.004909992218017578e+00
1.559060573577880859e+00
9.816921949386596680e-01
8.599752783775329590e-01
1.520274043083190918e+00
4.876120090484619141e-01
1.354046821594238281e+00
7.386210560798645020e-01
9.013754725456237793e-01
1.110420227050781250e+00
7.878484725952148438e-01
1.294333696365356445e+00
9.022549390792846680e-01
1.201220154762268066e+00
1.064283728599548340e+00
7.183074951171875000e-01
1.210838437080383301e+00
1.050198793411254883e+00
1.000918388366699219e+00
7.494579553604125977e-01
1.433244347572326660e+00
1.159472107887268066e+00
1.289010047912597656e+00
1.221725702285766602e+00
8.179880380630493164e-01
8.101435899734497070e-01
1.087522983551025391e+00
8.438268899917602539e-01
1.374215841293334961e+00
1.098096013069152832e+00
1.265659809112548828e+00
9.351461529731750488e-01
1.033650994300842285e+00
8.563849329948425293e-01
1.002198696136474609e+00
8.178335428237915039e-01
1.457638263702392578e+00
1.003551125526428223e+00
1.007080078125000000e+00
1.149689197540283203e+00
9.645191431045532227e-01
1.269305229187011719e+00
7.072713375091552734e-01
1.511432528495788574e+00
9.118174314498901367e-01
1.096329331398010254e+00
1.158695697784423828e+00
6.733796596527099609e-01
1.000373005867004395e+00
1.119715929031372070e+00
6.996741294860839844e-01
7.692379355430603027e-01
8.872051239013671875e-01
9.965552687644958496e-01
1.006694674491882324e+00
9.936438798904418945e-01
9.834633469581604004e-01
7.937459945678710938e-01
9.745075702667236328e-01
9.696217179298400879e-01
1.142191052436828613e+00
1.074571847915649414e+00
1.131432294845581055e+00
1.001131415367126465e+00
8.017523884773254395e-01
1.408630371093750000e+00
8.790342807769775391e-01
6.595230698585510254e-01
1.065170526504516602e+00
7.462946772575378418e-01
1.090727806091308594e+00
1.010330319404602051e+00
7.139517068862915039e-01
1.203566670417785645e+00
9.083073139190673828e-01
1.065475583076477051e+00
1.102561235427856445e+00
1.024809122085571289e+00
1.270923972129821777e+00
9.885179400444030762e-01
1.383194327354431152e+00
1.033472776412963867e+00
9.507671594619750977e-01
8.032501339912414551e-01
8.365103006362915039e-01
1.037329435348510742e+00
8.606201410293579102e-01
8.605760335922241211e-01
1.240029573440551758e+00
6.900592446327209473e-01
1.268116712570190430e+00
1.243643879890441895e+00
7.876155972480773926e-01
9.784651398658752441e-01
1.000842452049255371e+00
1.234703779220581055e+00
8.138223290443420410e-01
1.013314366340637207e+00
8.213720917701721191e-01
1.397768974304199219e+00
1.039452552795410156e+00
7.974740266799926758e-01
8.540636897087097168e-01
1.182031869888305664e+00
1.166360855102539062e+00
6.771191954612731934e-01
7.086787223815917969e-01
1.454839229583740234e+00
9.714301824569702148e-01
7.854337692260742188e-01
1.069550871849060059e+00
6.314003467559814453e-01
1.210546970367431641e+00
1.328567028045654297e+00
1.071186542510986328e+00
1.100985884666442871e+00
1.113508939743041992e+00
8.079720735549926758e-01
9.273992776870727539e-01
1.000390768051147461e+00
8.682615756988525391e-01
1.135967850685119629e+00
9.327937364578247070e-01
1.034271717071533203e+00
1.029365777969360352e+00
1.257669329643249512e+00
8.702682852745056152e-01
9.542530775070190430e-01
1.281128287315368652e+00
7.929111719131469727e-01
9.862226843833923340e-01
9.650948643684387207e-01
1.012948989868164062e+00
1.005103588104248047e+00
1.133732676506042480e+00
7.070217728614807129e-01
8.519187569618225098e-01
9.986391067504882812e-01
9.805638790130615234e-01
1.027344703674316406e+00
1.093607425689697266e+00
1.372611999511718750e+00
9.743437767028808594e-01
7.458379268646240234e-01
1.048446893692016602e+00
9.946716427803039551e-01
8.511245846748352051e-01
6.693943738937377930e-01
1.054861307144165039e+00
1.362061977386474609e+00
9.025260806083679199e-01
1.256183385848999023e+00
9.051551818847656250e-01
1.426313519477844238e+00
1.069901704788208008e+00
1.072654366493225098e+00
9.776301383972167969e-01
8.879464864730834961e-01
1.363885760307312012e+00
1.470286846160888672e+00
8.007384538650512695e-01
1.148049950599670410e+00
9.602863192558288574e-01
1.382204174995422363e+00
1.044086217880249023e+00
8.311454653739929199e-01
9.818021059036254883e-01
1.207692265510559082e+00
1.322369813919067383e+00
1.025031089782714844e+00
6.801581382751464844e-01
7.757701277732849121e-01
1.101263284683227539e+00
1.085737466812133789e+00
1.139205455780029297e+00
1.042357802391052246e+00
8.935538530349731445e-01
1.115104913711547852e+00
1.144210338592529297e+00
1.147605299949645996e+00
1.314707636833190918e+00
8.754371404647827148e-01
8.232228159904479980e-01
8.233168721199035645e-01
1.239426136016845703e+00
7.192198038101196289e-01
1.290655851364135742e+00
9.403870105743408203e-01
1.183364987373352051e+00
1.000416755676269531e+00
7.652622461318969727e-01
9.349226355552673340e-01
1.063423275947570801e+00
6.634036898612976074e-01
9.039830565452575684e-01
6.020842790603637695e-01
1.201269745826721191e+00
1.037948608398437500e+00
8.820229768753051758e-01
1.173347830772399902e+00
7.193416357040405273e-01
9.375965595245361328e-01
9.208507537841796875e-01
1.128904342651367188e+00
9.739757776260375977e-01
9.998530745506286621e-01
1.085485458374023438e+00
5.554977655410766602e-01
6.266457438468933105e-01
1.143501281738281250e+00
1.519406914710998535e+00
1.628488183021545410e+00
1.256862163543701172e+00
8.494754433631896973e-01
1.085717558860778809e+00
8.444028496742248535e-01
1.092240929603576660e+00
1.034738540649414062e+00
9.894633889198303223e-01
5.794643759727478027e-01
1.587601661682128906e+00
1.198380947113037109e+00
1.322329521179199219e+00
1.129512190818786621e+00
5.863853096961975098e-01
6.638447046279907227e-01
1.023472189903259277e+00
1.014364957809448242e+00
1.091615438461303711e+00
9.838470816612243652e-01
8.681483864784240723e-01
5.867700576782226562e-01
8.434638977050781250e-01
9.531171917915344238e-01
1.071279048919677734e+00
8.684881329536437988e-01
9.155316948890686035e-01
1.247023105621337891e+00
6.897267103195190430e-01
7.633701562881469727e-01
1.098531365394592285e+00
1.027530670166015625e+00
1.021438479423522949e+00
1.367677092552185059e+00
7.879079580307006836e-01
8.887829780578613281e-01
9.437890648841857910e-01
8.763777017593383789e-01
1.031456828117370605e+00
8.293006420135498047e-01
1.368967652320861816e+00
1.032738447189331055e+00
7.079293131828308105e-01
8.638085126876831055e-01
1.324126243591308594e+00
1.123137950897216797e+00
1.189144134521484375e+00
7.306944727897644043e-01
1.091570019721984863e+00
8.413414359092712402e-01
5.908508300781250000e-01
1.079119205474853516e+00
1.040353775024414062e+00
1.107435941696166992e+00
9.468043446540832520e-01
9.229854941368103027e-01
1.196621179580688477e+00
1.205855131149291992e+00
1.413057565689086914e+00
8.657871484756469727e-01
8.536952733993530273e-01
7.900270223617553711e-01
7.140313982963562012e-01
1.021599173545837402e+00
1.033327937126159668e+00
1.085045456886291504e+00
1.005009770393371582e+00
1.197920083999633789e+00
8.039373755455017090e-01
1.068471074104309082e+00
9.444782733917236328e-01
6.744396686553955078e-01
1.088198065757751465e+00
5.526989698410034180e-01
9.159549474716186523e-01
1.057017207145690918e+00
7.986653447151184082e-01
6.319473981857299805e-01
1.068593382835388184e+00
1.083106994628906250e+00
1.046758413314819336e+00
1.141595244407653809e+00
1.347187042236328125e+00
6.407802104949951172e-01
8.578335046768188477e-01
9.077888727188110352e-01
5.878106355667114258e-01
1.203047871589660645e+00
1.040757894515991211e+00
1.307118415832519531e+00
6.920603513717651367e-01
8.785777091979980469e-01
1.262107610702514648e+00
6.846681833267211914e-01
8.225118517875671387e-01
1.136467099189758301e+00
9.681821465492248535e-01
1.204635858535766602e+00
1.103709220886230469e+00
9.452190995216369629e-01
1.076699972152709961e+00
1.026650667190551758e+00
1.364416003227233887e+00
7.599936127662658691e-01
1.151225328445434570e+00
8.417822718620300293e-01
6.954637765884399414e-01
5.427785515785217285e-01
8.815984725952148438e-01
8.366740942001342773e-01
1.602868199348449707e+00
1.164840459823608398e+00
1.461986064910888672e+00
1.328960895538330078e+00
1.076233267784118652e+00
9.905684590339660645e-01
1.170592665672302246e+00
1.578420639038085938e+00
8.738494515419006348e-01
1.009989500045776367e+00
8.223457932472229004e-01
5.416255593299865723e-01
1.277173757553100586e+00
7.889010310173034668e-01
1.257201194763183594e+00
9.633161425590515137e-01
6.357598304748535156e-01
1.160838842391967773e+00
6.942570805549621582e-01
1.015074729919433594e+00
1.134909868240356445e+00
1.049165606498718262e+00
1.196672201156616211e+00
1.249613165855407715e+00
1.199957847595214844e+00
1.153701066970825195e+00
5.884845852851867676e-01
6.793344616889953613e-01
1.409658908843994141e+00
1.309879660606384277e+00
7.772656679153442383e-01
7.224603295326232910e-01
8.104003667831420898e-01
9.115685820579528809e-01
7.034715414047241211e-01
1.017674207687377930e+00
8.743908405303955078e-01
1.112469315528869629e+00
9.584390521049499512e-01
6.520239710807800293e-01
6.335207819938659668e-01
1.239250898361206055e+00
8.929163813591003418e-01
8.098301887512207031e-01
7.623037099838256836e-01
7.556900978088378906e-01
1.219009637832641602e+00
8.294541239738464355e-01
8.492634892463684082e-01
9.913538694381713867e-01
8.103334307670593262e-01
1.055800199508666992e+00
8.161486387252807617e-01
1.430198669433593750e+00
6.089947223663330078e-01
1.030479669570922852e+00
7.449828982353210449e-01
1.216602802276611328e+00
1.147401332855224609e+00
1.137875914573669434e+00
1.043616771697998047e+00
1.148238301277160645e+00
7.192415595054626465e-01
9.629172682762145996e-01
1.238541126251220703e+00
1.469868779182434082e+00
9.896492362022399902e-01
9.394758939743041992e-01
9.354646205902099609e-01
9.842154383659362793e-01
9.534922242164611816e-01
8.840562105178833008e-01
1.211953639984130859e+00
1.120497941970825195e+00
7.955830097198486328e-01
9.732869863510131836e-01
8.505785465240478516e-01
1.042946219444274902e+00
9.526817798614501953e-01
1.301205635070800781e+00
1.090021014213562012e+00
8.101882338523864746e-01
9.333968162536621094e-01
9.058030247688293457e-01
6.652674674987792969e-01
7.783197164535522461e-01
1.472429990768432617e+00
8.427996635437011719e-01
1.475638031959533691e+00
1.109193682670593262e+00
8.299936056137084961e-01
9.169176816940307617e-01
5.910565257072448730e-01
1.126517295837402344e+00
1.105248928070068359e+00
1.062074184417724609e+00
9.647401571273803711e-01
8.392856717109680176e-01
1.021831512451171875e+00
1.047942280769348145e+00
7.314690351486206055e-01
7.672763466835021973e-01
9.022582769393920898e-01
1.138354301452636719e+00
1.018208265304565430e+00
1.231246590614318848e+00
6.389495730400085449e-01
9.058074951171875000e-01
1.219008088111877441e+00
7.958334684371948242e-01
1.414269924163818359e+00
7.822066545486450195e-01
6.661109328269958496e-01
6.975173950195312500e-01
1.105749607086181641e+00
8.504816889762878418e-01
9.353756904602050781e-01
8.958426713943481445e-01
8.814345002174377441e-01
9.134324789047241211e-01
1.044071674346923828e+00
9.516003131866455078e-01
8.843187093734741211e-01
1.012813329696655273e+00
1.384343743324279785e+00
1.064174413681030273e+00
9.269334077835083008e-01
8.155237436294555664e-01
1.019121289253234863e+00
1.081256866455078125e+00
9.593289494514465332e-01
9.188280701637268066e-01
7.507233023643493652e-01
8.448234796524047852e-01
9.671567678451538086e-01
1.057693481445312500e+00
1.256232619285583496e+00
1.149866223335266113e+00
1.015864849090576172e+00
7.291908264160156250e-01
1.120101332664489746e+00
1.077466130256652832e+00
1.056594729423522949e+00
1.178531050682067871e+00
9.176166653633117676e-01
7.503512501716613770e-01
1.238867402076721191e+00
1.035640120506286621e+00
8.614678382873535156e-01
9.830669760704040527e-01
9.617956280708312988e-01
8.664176464080810547e-01
1.207308292388916016e+00
1.201548337936401367e+00
1.079530119895935059e+00
1.094194650650024414e+00
9.665814638137817383e-01
6.954888105392456055e-01
1.024361014366149902e+00
9.662355184555053711e-01
1.132260203361511230e+00
6.488649249076843262e-01
1.030191063880920410e+00
9.752482175827026367e-01
8.982880115509033203e-01
9.592050313949584961e-01
1.131794333457946777e+00
1.225630521774291992e+00
8.653103709220886230e-01
8.042715191841125488e-01
1.130416989326477051e+00
1.233504295349121094e+00
1.226834416389465332e+00
7.058690786361694336e-01
9.461732506752014160e-01
8.642413020133972168e-01
8.681990504264831543e-01
1.006121635437011719e+00
6.952935457229614258e-01
8.279228210449218750e-01
9.793286323547363281e-01
1.301808595657348633e+00
8.066533207893371582e-01
1.169352173805236816e+00
7.952658534049987793e-01
1.431682109832763672e+00
8.856291174888610840e-01
9.137724637985229492e-01
1.104842185974121094e+00
1.189117431640625000e+00
9.214572310447692871e-01
1.111366748809814453e+00
1.224727511405944824e+00
1.345923304557800293e+00
5.537179708480834961e-01
1.509929060935974121e+00
1.101363778114318848e+00
9.198483228683471680e-01
9.556328058242797852e-01
8.577407598495483398e-01
1.095875024795532227e+00
6.753497123718261719e-01
1.115347266197204590e+00
1.358426213264465332e+00
9.970730543136596680e-01
1.112312555313110352e+00
1.181300878524780273e+00
7.083114981651306152e-01
1.079889059066772461e+00
7.343698740005493164e-01
1.408298850059509277e+00
1.012542128562927246e+00
1.482370853424072266e+00
1.360462903976440430e+00
9.888392686843872070e-01
6.819349527359008789e-01
1.064990043640136719e+00
6.784293055534362793e-01
1.511490821838378906e+00
1.089844226837158203e+00
1.155771255493164062e+00
1.129645228385925293e+00
9.270209670066833496e-01
8.482290506362915039e-01
1.063954114913940430e+00
6.265099048614501953e-01
1.225636959075927734e+00
1.186388015747070312e+00
1.102035164833068848e+00
1.402855515480041504e+00
1.166956543922424316e+00
9.922664165496826172e-01
1.093545317649841309e+00
9.249219298362731934e-01
8.232160806655883789e-01
1.081780910491943359e+00
9.951866865158081055e-01
6.693400144577026367e-01
1.514577507972717285e+00
1.272066116333007812e+00
7.184056043624877930e-01
1.261971831321716309e+00
1.313110709190368652e+00
1.276623725891113281e+00
1.082034945487976074e+00
7.067522406578063965e-01
7.373400926589965820e-01
1.040333628654479980e+00
1.172456383705139160e+00
1.031668663024902344e+00
1.122259855270385742e+00
1.040058851242065430e+00
1.085476994514465332e+00
1.005898118019104004e+00
7.885657548904418945e-01
9.740215539932250977e-01
1.130716204643249512e+00
6.598181128501892090e-01
1.030788779258728027e+00
1.030642509460449219e+00
1.247021079063415527e+00
9.597751498222351074e-01
1.195967793464660645e+00
1.135528802871704102e+00
7.800247073173522949e-01
8.210736513137817383e-01
8.916299939155578613e-01
1.388315558433532715e+00
1.058101296424865723e+00
9.348571300506591797e-01
8.010293245315551758e-01
8.999764323234558105e-01
1.417724013328552246e+00
5.410628318786621094e-01
7.553017735481262207e-01
9.339287877082824707e-01
1.056944489479064941e+00
1.156942725181579590e+00
8.452935814857482910e-01
9.090247154235839844e-01
1.172662854194641113e+00
7.475829720497131348e-01
9.756045937538146973e-01
1.374880909919738770e+00
1.110800266265869141e+00
1.142178535461425781e+00
1.135186791419982910e+00
9.730212092399597168e-01
1.130900263786315918e+00
9.960611462593078613e-01
1.193169116973876953e+00
1.053299665451049805e+00
1.090083479881286621e+00
1.306209087371826172e+00
9.709671139717102051e-01
6.421824097633361816e-01
1.135068893432617188e+00
6.866342425346374512e-01
1.170671939849853516e+00
7.900399565696716309e-01
1.138697743415832520e+00
9.463577270507812500e-01
7.130454778671264648e-01
9.972614049911499023e-01
1.135852098464965820e+00
7.172168493270874023e-01
9.776409864425659180e-01
3.893871903419494629e-01
1.451258540153503418e+00
1.567175865173339844e+00
9.255167245864868164e-01
1.362042188644409180e+00
6.239149570465087891e-01
1.309174060821533203e+00
6.908590793609619141e-01
1.557913064956665039e+00
8.000698089599609375e-01
9.836821556091308594e-01
1.357048630714416504e+00
1.215636730194091797e+00
9.308083653450012207e-01
1.089894890785217285e+00
1.084612846374511719e+00
1.203762412071228027e+00
1.163487434387207031e+00
7.579262852668762207e-01
9.127531051635742188e-01
1.164057850837707520e+00
9.461383819580078125e-01
1.027168393135070801e+00
1.067607164382934570e+00
7.624018192291259766e-01
6.665114164352416992e-01
8.337719440460205078e-01
9.432224035263061523e-01
1.303128361701965332e+00
7.326467633247375488e-01
1.108045816421508789e+00
1.277745842933654785e+00
1.086665630340576172e+00
9.154324531555175781e-01
6.478400826454162598e-01
1.097086906433105469e+00
1.429740786552429199e+00
8.529171943664550781e-01
7.332385778427124023e-01
7.435061931610107422e-01
8.778281807899475098e-01
1.049361824989318848e+00
9.222440123558044434e-01
1.365806221961975098e+00
1.351108670234680176e+00
1.344135999679565430e+00
9.825992584228515625e-01
1.188534259796142578e+00
1.015280842781066895e+00
9.844246506690979004e-01
7.574591040611267090e-01
1.049845576286315918e+00
6.066872477531433105e-01
1.033162593841552734e+00
1.180831789970397949e+00
1.152202367782592773e+00
8.826236724853515625e-01
1.156986951828002930e+00
1.006036043167114258e+00
1.248409032821655273e+00
8.636032938957214355e-01
1.274692416191101074e+00
1.080350518226623535e+00
1.250627279281616211e+00
7.410268187522888184e-01
6.679837703704833984e-01
1.139925837516784668e+00
9.664395451545715332e-01
4.587681293487548828e-01
7.881611585617065430e-01
1.127094745635986328e+00
1.289672970771789551e+00
1.008504629135131836e+00
8.124731183052062988e-01
8.722483515739440918e-01
1.326839089393615723e+00
1.292881727218627930e+00
7.360312938690185547e-01
1.202272534370422363e+00
6.745361685752868652e-01
8.866041302680969238e-01
9.538192152976989746e-01
1.094722151756286621e+00
1.043724298477172852e+00
7.342736721038818359e-01
7.114170193672180176e-01
9.124170541763305664e-01
1.139255166053771973e+00
8.695161938667297363e-01
6.127452850341796875e-01
7.239025235176086426e-01
1.319217681884765625e+00
1.336202383041381836e+00
1.203843593597412109e+00
1.198990464210510254e+00
8.032588958740234375e-01
1.021055221557617188e+00
1.233173370361328125e+00
9.771966934204101562e-01
1.108033180236816406e+00
1.093718171119689941e+00
6.346958279609680176e-01
1.219639182090759277e+00
7.103331685066223145e-01
1.024525046348571777e+00
1.362464666366577148e+00
1.140781044960021973e+00
6.839637756347656250e-01
9.951900243759155273e-01
8.777595758438110352e-01
8.738350868225097656e-01
8.922647237777709961e-01
8.985693454742431641e-01
1.048702359199523926e+00
1.359588384628295898e+00
1.079005479812622070e+00
1.205798625946044922e+00
9.952625632286071777e-01
1.068428516387939453e+00
9.714576005935668945e-01
1.003713846206665039e+00
9.654520750045776367e-01
1.011060476303100586e+00
7.039790749549865723e-01
1.174196004867553711e+00
1.010532379150390625e+00
7.866693139076232910e-01
1.497371196746826172e+00
1.315342426300048828e+00
7.852420210838317871e-01
8.939847350120544434e-01
1.391970515251159668e+00
9.541815519332885742e-01
1.122874379158020020e+00
1.278567075729370117e+00
7.281737327575683594e-01
9.748204350471496582e-01
1.597638010978698730e+00
6.564979553222656250e-01
1.158460974693298340e+00
8.819577097892761230e-01
8.479711413383483887e-01
1.115514039993286133e+00
1.271893501281738281e+00
9.951765537261962891e-01
8.637619018554687500e-01
1.361760377883911133e+00
9.504640698432922363e-01
9.256349205970764160e-01
1.080325484275817871e+00
9.987224340438842773e-01
1.116239309310913086e+00
9.301433563232421875e-01
9.641608595848083496e-01
1.398871779441833496e+00
1.177596092224121094e+00
1.074645280838012695e+00
1.210840582847595215e+00
9.223647117614746094e-01
9.956036210060119629e-01
1.011786699295043945e+00
1.432416200637817383e+00
1.008058667182922363e+00
5.829906463623046875e-01
5.909081101417541504e-01
7.669275403022766113e-01
1.131254673004150391e+00
1.408274650573730469e+00
7.207151651382446289e-01
1.153773903846740723e+00
1.175704717636108398e+00
8.730014562606811523e-01
9.893221259117126465e-01
8.928559422492980957e-01
8.049879670143127441e-01
9.751352071762084961e-01
1.034919857978820801e+00
1.107487440109252930e+00
5.707106590270996094e-01
7.591219544410705566e-01
1.056162118911743164e+00
8.331009745597839355e-01
1.504050493240356445e+00
9.964723587036132812e-01
6.520510315895080566e-01
1.356534361839294434e+00
1.067182421684265137e+00
1.482998490333557129e+00
1.044038176536560059e+00
1.101247310638427734e+00
1.352621912956237793e+00
7.740319967269897461e-01
1.185916900634765625e+00
1.581808567047119141e+00
9.951590299606323242e-01
7.141512632369995117e-01
1.023334860801696777e+00
1.174023270606994629e+00
7.719953060150146484e-01
1.230556726455688477e+00
6.249792575836181641e-01
9.070090055465698242e-01
8.470620512962341309e-01
6.742424964904785156e-01
7.099041342735290527e-01
9.463922977447509766e-01
8.470324873924255371e-01
1.024575233459472656e+00
9.952954053878784180e-01
7.586523294448852539e-01
7.816001176834106445e-01
1.385625243186950684e+00
1.052486181259155273e+00
1.259721159934997559e+00
1.197944879531860352e+00
1.000183105468750000e+00
8.923591375350952148e-01
1.081856012344360352e+00
8.409751653671264648e-01
8.717123866081237793e-01
1.104827404022216797e+00
1.016806840896606445e+00
9.217631220817565918e-01
1.022525787353515625e+00
8.964834809303283691e-01
6.945904493331909180e-01
1.002492189407348633e+00
1.251469373703002930e+00
7.315987348556518555e-01
1.053964495658874512e+00
7.396464347839355469e-01
1.037596225738525391e+00
1.150588393211364746e+00
1.245811223983764648e+00
1.372289896011352539e+00
9.205018281936645508e-01
8.598287105560302734e-01
9.255865812301635742e-01
7.971829175949096680e-01
8.354646563529968262e-01
1.008421301841735840e+00
7.145115137100219727e-01
5.736616849899291992e-01
8.950479030609130859e-01
7.460247278213500977e-01
1.120045781135559082e+00
1.060415506362915039e+00
9.414283037185668945e-01
9.327417016029357910e-01
7.805576920509338379e-01
1.072538018226623535e+00
7.962934374809265137e-01
1.176028490066528320e+00
6.704231500625610352e-01
9.177770614624023438e-01
8.436617255210876465e-01
1.124654054641723633e+00
1.375144958496093750e+00
1.422011256217956543e+00
5.933657288551330566e-01
9.897861480712890625e-01
1.155317187309265137e+00
8.539124727249145508e-01
1.486430287361145020e+00
8.452061414718627930e-01
9.830048680305480957e-01
1.199327945709228516e+00
1.392893075942993164e+00
1.360626697540283203e+00
1.102121710777282715e+00
1.041615724563598633e+00
1.175924062728881836e+00
1.098627805709838867e+00
1.125589013099670410e+00
1.083615303039550781e+00
9.822342395782470703e-01
8.020659089088439941e-01
6.911327242851257324e-01
9.855006933212280273e-01
9.686822295188903809e-01
1.122234463691711426e+00
7.718820571899414062e-01
6.142994165420532227e-01
6.476891040802001953e-01
7.029572725296020508e-01
8.298342227935791016e-01
8.813109397888183594e-01
1.469955921173095703e+00
1.051478743553161621e+00
1.148776292800903320e+00
9.096146225929260254e-01
9.158418178558349609e-01
1.008926033973693848e+00
1.097624301910400391e+00
6.398506760597229004e-01
1.002111196517944336e+00
1.270656228065490723e+00
1.262887954711914062e+00
9.179694652557373047e-01
7.234839200973510742e-01
9.332625865936279297e-01
8.024885654449462891e-01
9.409492611885070801e-01
1.140375971794128418e+00
9.791674613952636719e-01
9.351382255554199219e-01
1.082597136497497559e+00
8.283009529113769531e-01
1.413608074188232422e+00
5.731490254402160645e-01
8.399548530578613281e-01
1.196643352508544922e+00
1.132733106613159180e+00
1.301420211791992188e+00
9.502677917480468750e-01
9.044365882873535156e-01
7.464137673377990723e-01
1.335459947586059570e+00
1.155742883682250977e+00
8.877997994422912598e-01
8.696761727333068848e-01
1.156182408332824707e+00
9.386204481124877930e-01
9.921230077743530273e-01
1.025762200355529785e+00
7.234554886817932129e-01
1.147712826728820801e+00
1.295047998428344727e+00
8.091890215873718262e-01
1.168887138366699219e+00
7.793870568275451660e-01
1.023958444595336914e+00
9.883416295051574707e-01
1.087695837020874023e+00
1.063236236572265625e+00
4.852051734924316406e-01
7.560010552406311035e-01
1.108517050743103027e+00
9.320115447044372559e-01
1.171850681304931641e+00
1.201409101486206055e+00
1.285727739334106445e+00
8.409867286682128906e-01
6.560634374618530273e-01
7.862105965614318848e-01
1.024698972702026367e+00
1.478978872299194336e+00
7.750740647315979004e-01
1.180600404739379883e+00
9.329429864883422852e-01
9.329760074615478516e-01
1.338819861412048340e+00
1.254616141319274902e+00
6.666919589042663574e-01
1.258613228797912598e+00
7.429352998733520508e-01
1.068673372268676758e+00
7.212950587272644043e-01
1.009271979331970215e+00
7.175578474998474121e-01
1.466814160346984863e+00
9.638278484344482422e-01
1.339382410049438477e+00
6.898690462112426758e-01
8.462058901786804199e-01
6.985200643539428711e-01
1.223463535308837891e+00
1.043137669563293457e+00
9.878361225128173828e-01
8.158302903175354004e-01
1.465832829475402832e+00
7.888251543045043945e-01
7.480862736701965332e-01
7.738171815872192383e-01
9.991854429244995117e-01
9.358092546463012695e-01
1.280335545539855957e+00
9.394165873527526855e-01
8.589829802513122559e-01
1.004439592361450195e+00
1.003240823745727539e+00
1.106623768806457520e+00
1.176428198814392090e+00
6.610944271087646484e-01
7.783955931663513184e-01
9.836609363555908203e-01
1.127547264099121094e+00
1.126040697097778320e+00
7.989308238029479980e-01
8.967964053153991699e-01
1.110940933227539062e+00
1.131871700286865234e+00
1.060165166854858398e+00
9.784612059593200684e-01
1.119657754898071289e+00
9.968197345733642578e-01
1.375789165496826172e+00
7.947899699211120605e-01
9.213043451309204102e-01
1.155892729759216309e+00
7.611657381057739258e-01
9.600547552108764648e-01
1.153035402297973633e+00
1.223268985748291016e+00
7.919520139694213867e-01
6.929473280906677246e-01
8.686346411705017090e-01
8.188961148262023926e-01
6.038563847541809082e-01
1.269436120986938477e+00
7.863234281539916992e-01
9.249635934829711914e-01
6.545590758323669434e-01
9.896658062934875488e-01
1.435065150260925293e+00
1.159860849380493164e+00
1.403650283813476562e+00
8.699722886085510254e-01
1.085721254348754883e+00
1.323042631149291992e+00
1.085005521774291992e+00
1.377913236618041992e+00
1.131730318069458008e+00
1.021522760391235352e+00
7.997069358825683594e-01
1.134548664093017578e+00
5.202341675758361816e-01
1.139570832252502441e+00
1.085863828659057617e+00
9.901689887046813965e-01
1.313921093940734863e+00
9.365232586860656738e-01
6.966556310653686523e-01
9.829815030097961426e-01
9.271333217620849609e-01
9.124023318290710449e-01
1.034291505813598633e+00
8.498433232307434082e-01
1.210485339164733887e+00
1.062173485755920410e+00
1.057529449462890625e+00
1.235667109489440918e+00
8.466867804527282715e-01
1.039799451828002930e+00
9.221968054771423340e-01
1.137042284011840820e+00
1.123815059661865234e+00
9.136801362037658691e-01
9.606274962425231934e-01
1.241354346275329590e+00
1.597603559494018555e+00
9.360941052436828613e-01
9.090770483016967773e-01
1.338652491569519043e+00
1.234612941741943359e+00
8.785533905029296875e-01
7.930874824523925781e-01
8.870509862899780273e-01
7.654870748519897461e-01
7.592419981956481934e-01
1.076935410499572754e+00
9.128881692886352539e-01
1.081882357597351074e+00
1.068282485008239746e+00
8.156428337097167969e-01
1.215434670448303223e+00
1.022531509399414062e+00
1.196836709976196289e+00
7.857834100723266602e-01
1.379471659660339355e+00
1.167405962944030762e+00
8.634516596794128418e-01
7.363522052764892578e-01
5.148513317108154297e-01
9.952957630157470703e-01
6.843026280403137207e-01
1.071827054023742676e+00
1.696896076202392578e+00
1.006668210029602051e+00
1.361254096031188965e+00
1.271715998649597168e+00
1.095565676689147949e+00
6.928128004074096680e-01
1.267206549644470215e+00
8.701844215393066406e-01
9.373570680618286133e-01
9.916420578956604004e-01
9.227187633514404297e-01
7.756162881851196289e-01
8.959935903549194336e-01
1.598692536354064941e+00
9.609258770942687988e-01
8.727878928184509277e-01
7.598869800567626953e-01
8.654717206954956055e-01
1.358389973640441895e+00
1.427545309066772461e+00
1.014394044876098633e+00
1.453207850456237793e+00
1.207025051116943359e+00
8.917722702026367188e-01
1.118683815002441406e+00
7.326694726943969727e-01
7.822037339210510254e-01
1.337997674942016602e+00
1.011268854141235352e+00
6.086704730987548828e-01
1.113171577453613281e+00
6.376302838325500488e-01
8.476523160934448242e-01
1.082100629806518555e+00
7.211588621139526367e-01
9.151711463928222656e-01
9.545654058456420898e-01
7.110446095466613770e-01
1.093272686004638672e+00
6.867970228195190430e-01
7.915066480636596680e-01
5.007057785987854004e-01
1.490133047103881836e+00
9.591658711433410645e-01
1.147205233573913574e+00
6.663635969161987305e-01
9.765405654907226562e-01
9.281646013259887695e-01
1.590737104415893555e+00
7.314535379409790039e-01
6.402593255043029785e-01
1.048078775405883789e+00
7.943824529647827148e-01
9.842992424964904785e-01
1.034748554229736328e+00
1.001630306243896484e+00
9.016987085342407227e-01
8.549927473068237305e-01
7.086268663406372070e-01
6.735920906066894531e-01
9.640749096870422363e-01
1.004627466201782227e+00
1.199754953384399414e+00
1.486381888389587402e+00
1.280874609947204590e+00
1.170746088027954102e+00
9.809315204620361328e-01
6.890612840652465820e-01
7.947396039962768555e-01
8.564683794975280762e-01
1.457703948020935059e+00
1.089027166366577148e+00
1.036567211151123047e+00
1.364655017852783203e+00
8.616370558738708496e-01
1.222220778465270996e+00
1.055319070816040039e+00
6.156359910964965820e-01
8.901498317718505859e-01
1.285385847091674805e+00
6.468338966369628906e-01
8.354267477989196777e-01
1.432480335235595703e+00
1.103802084922790527e+00
7.747364044189453125e-01
6.225167512893676758e-01
1.163957357406616211e+00
7.506255507469177246e-01
7.726237177848815918e-01
6.262627840042114258e-01
8.296049237251281738e-01
5.421631932258605957e-01
1.216322779655456543e+00
8.441559672355651855e-01
8.118034601211547852e-01
1.020465612411499023e+00
9.332758188247680664e-01
7.188568711280822754e-01
7.114327549934387207e-01
1.060252189636230469e+00
1.041479587554931641e+00
7.127643823623657227e-01
8.174824714660644531e-01
8.695259690284729004e-01
1.263430118560791016e+00
8.518955707550048828e-01
1.060148119926452637e+00
8.875430226325988770e-01
1.076775431632995605e+00
1.142732143402099609e+00
1.243544578552246094e+00
8.244509696960449219e-01
1.305832505226135254e+00
1.134434342384338379e+00
9.666834473609924316e-01
4.840716123580932617e-01
9.079055786132812500e-01
1.115823030471801758e+00
9.912608861923217773e-01
8.515630364418029785e-01
1.043770551681518555e+00
9.625084996223449707e-01
1.371838688850402832e+00
9.531815052032470703e-01
9.193956255912780762e-01
1.222131133079528809e+00
1.108765363693237305e+00
9.852075576782226562e-01
8.214277029037475586e-01
7.694268822669982910e-01
8.681864738464355469e-01
6.218883395195007324e-01
1.156529784202575684e+00
8.677245974540710449e-01
8.265596032142639160e-01
1.270108461380004883e+00
1.024548768997192383e+00
8.991111516952514648e-01
1.282601237297058105e+00
8.787489533424377441e-01
9.086008667945861816e-01
9.806121587753295898e-01
8.105872869491577148e-01
8.363409638404846191e-01
7.684006690979003906e-01
8.237593770027160645e-01
1.233900547027587891e+00
8.729317784309387207e-01
1.092362046241760254e+00
8.788444399833679199e-01
1.171612739562988281e+00
8.935326337814331055e-01
8.040655255317687988e-01
1.447384834289550781e+00
7.092295885086059570e-01
9.620300531387329102e-01
1.178144097328186035e+00
1.278660535812377930e+00
8.895701766014099121e-01
1.160510897636413574e+00
1.096394419670104980e+00
1.186894059181213379e+00
1.110397815704345703e+00
1.146683454513549805e+00
1.369034051895141602e+00
6.960445642471313477e-01
8.806333541870117188e-01
1.340078473091125488e+00
1.367243289947509766e+00
1.301590204238891602e+00
8.351938128471374512e-01
1.142480015754699707e+00
1.069127559661865234e+00
1.045807838439941406e+00
1.032675862312316895e+00
1.175256252288818359e+00
9.343158006668090820e-01
7.544654607772827148e-01
1.395641207695007324e+00
9.626541137695312500e-01
7.882403135299682617e-01
8.291321992874145508e-01
9.475579857826232910e-01
1.270258307456970215e+00
1.013113498687744141e+00
1.208495497703552246e+00
8.673025369644165039e-01
8.877130746841430664e-01
5.840811133384704590e-01
1.391278624534606934e+00
1.468279719352722168e+00
9.908735752105712891e-01
9.162452220916748047e-01
1.254079222679138184e+00
1.146348118782043457e+00
8.460392951965332031e-01
8.370338678359985352e-01
1.000341176986694336e+00
1.013746261596679688e+00
9.888708591461181641e-01
8.573759198188781738e-01
1.124118566513061523e+00
8.490931987762451172e-01
1.049590706825256348e+00
5.976427197456359863e-01
1.084530591964721680e+00
7.635968923568725586e-01
7.637902498245239258e-01
8.986970186233520508e-01
9.240772724151611328e-01
7.733864784240722656e-01
8.046175837516784668e-01
9.236207008361816406e-01
1.117526173591613770e+00
1.160780906677246094e+00
7.328888773918151855e-01
9.707123637199401855e-01
1.053872346878051758e+00
1.123045325279235840e+00
6.861094236373901367e-01
1.494394659996032715e+00
9.604831337928771973e-01
1.161889076232910156e+00
7.811920642852783203e-01
1.118185043334960938e+00
6.968476176261901855e-01
7.526015043258666992e-01
6.202767491340637207e-01
1.479217410087585449e+00
1.294321298599243164e+00
6.808144450187683105e-01
9.702681303024291992e-01
9.844237565994262695e-01
1.276354432106018066e+00
8.398503065109252930e-01
9.777489900588989258e-01
9.887499809265136719e-01
8.600361347198486328e-01
9.954655170440673828e-01
1.408728003501892090e+00
6.209548711776733398e-01
9.444019794464111328e-01
9.603431224822998047e-01
1.116877555847167969e+00
8.390128016471862793e-01
1.249482393264770508e+00
5.911563038825988770e-01
9.381495118141174316e-01
8.334779739379882812e-01
6.240985989570617676e-01
9.525271654129028320e-01
1.611595749855041504e+00
8.910990357398986816e-01
6.976948380470275879e-01
8.983490467071533203e-01
1.390902400016784668e+00
9.247371554374694824e-01
1.175861358642578125e+00
7.210190296173095703e-01
1.193513154983520508e+00
1.136611223220825195e+00
8.371192812919616699e-01
7.578510046005249023e-01
1.293591022491455078e+00
9.836934208869934082e-01
8.533563613891601562e-01
9.894980192184448242e-01
1.224197745323181152e+00
7.960781455039978027e-01
9.689981937408447266e-01
7.977716326713562012e-01
1.277039647102355957e+00
1.115774631500244141e+00
9.529768228530883789e-01
7.295263409614562988e-01
1.228023409843444824e+00
9.110351800918579102e-01
8.260320425033569336e-01
8.856245875358581543e-01
1.169213414192199707e+00
1.018287658691406250e+00
9.162160158157348633e-01
1.128454089164733887e+00
5.810589790344238281e-01
1.003514885902404785e+00
1.276652097702026367e+00
1.128959178924560547e+00
6.854455471038818359e-01
1.262761950492858887e+00
1.466523051261901855e+00
1.418114066123962402e+00
9.922808408737182617e-01
6.137996315956115723e-01
1.054036021232604980e+00
9.287273883819580078e-01
1.037704706192016602e+00
1.073200702667236328e+00
9.632583856582641602e-01
1.002245545387268066e+00
6.277780532836914062e-01
8.250131011009216309e-01
1.151692986488342285e+00
1.194001555442810059e+00
1.030166268348693848e+00
8.908157348632812500e-01
1.511874794960021973e+00
8.861591219902038574e-01
7.337889075279235840e-01
9.513356685638427734e-01
1.202171206474304199e+00
1.072857141494750977e+00
1.067865729331970215e+00
1.304624557495117188e+00
7.206865549087524414e-01
9.826865196228027344e-01
9.102030396461486816e-01
7.707317471504211426e-01
9.507262706756591797e-01
1.073093414306640625e+00
1.109727501869201660e+00
1.185989975929260254e+00
1.296183586120605469e+00
8.338351249694824219e-01
1.142764925956726074e+00
8.080433607101440430e-01
6.983290910720825195e-01
1.362476110458374023e+00
1.186586022377014160e+00
1.196371674537658691e+00
8.346174359321594238e-01
1.094206333160400391e+00
1.098625898361206055e+00
7.571358084678649902e-01
9.027065634727478027e-01
1.046581983566284180e+00
9.395381808280944824e-01
9.283816814422607422e-01
7.752388715744018555e-01
9.221156835556030273e-01
1.137219190597534180e+00
7.546619176864624023e-01
1.039306044578552246e+00
8.771715164184570312e-01
1.152602553367614746e+00
4.695813655853271484e-01
4.885421991348266602e-01
1.028445482254028320e+00
1.002438426017761230e+00
1.177613019943237305e+00
1.020595550537109375e+00
9.953736066818237305e-01
8.017114400863647461e-01
1.122514009475708008e+00
9.417078495025634766e-01
1.079640865325927734e+00
1.138409852981567383e+00
1.367760300636291504e+00
8.817267417907714844e-01
1.047802448272705078e+00
7.743061184883117676e-01
9.015882611274719238e-01
9.786612987518310547e-01
1.080194234848022461e+00
8.150116205215454102e-01
9.824800491333007812e-01
1.146151661872863770e+00
8.433110713958740234e-01
5.782300829887390137e-01
1.157870650291442871e+00
9.903124570846557617e-01
8.447549939155578613e-01
6.286687850952148438e-01
9.948990345001220703e-01
7.023001909255981445e-01
2.889925539493560791e-01
8.511832952499389648e-01
6.409980654716491699e-01
1.097753047943115234e+00
1.123744487762451172e+00
8.578289151191711426e-01
1.010324239730834961e+00
6.639528274536132812e-01
1.012294054031372070e+00
5.610357522964477539e-01
4.493551850318908691e-01
8.538842201232910156e-01
1.213885903358459473e+00
9.511107802391052246e-01
1.143388628959655762e+00
1.048199415206909180e+00
7.026928663253784180e-01
1.356174349784851074e+00
1.358216524124145508e+00
1.228124618530273438e+00
1.158857583999633789e+00
1.121839046478271484e+00
1.131155133247375488e+00
9.324105381965637207e-01
9.087491035461425781e-01
1.229004263877868652e+00
1.560214400291442871e+00
8.360223770141601562e-01
8.393819928169250488e-01
1.378203630447387695e+00
1.162852764129638672e+00
9.528345465660095215e-01
1.422474622726440430e+00
8.619354367256164551e-01
9.936231374740600586e-01
6.446571350097656250e-01
1.158190011978149414e+00
1.055451631546020508e+00
5.954824090003967285e-01
6.081319451332092285e-01
1.016127228736877441e+00
8.485488891601562500e-01
1.275198936462402344e+00
6.566467285156250000e-01
8.843196034431457520e-01
1.111622452735900879e+00
1.020739912986755371e+00
1.014746427536010742e+00
1.501993298530578613e+00
1.179185986518859863e+00
1.044114112854003906e+00
8.824039697647094727e-01
8.864095807075500488e-01
1.099403500556945801e+00
1.476792216300964355e+00
1.415431857109069824e+00
9.033989906311035156e-01
1.231601715087890625e+00
6.505244970321655273e-01
9.954257011413574219e-01
1.230775952339172363e+00
1.655999898910522461e+00
7.349994778633117676e-01
8.204869627952575684e-01
1.137891769409179688e+00
9.047898650169372559e-01
6.789975166320800781e-01
1.384519100189208984e+00
1.114248752593994141e+00
1.320435285568237305e+00
1.444940090179443359e+00
9.958336353302001953e-01
8.205818533897399902e-01
1.033624172210693359e+00
7.002862095832824707e-01
1.281139969825744629e+00
9.469314813613891602e-01
7.334296107292175293e-01
8.430989980697631836e-01
8.653764724731445312e-01
1.102058291435241699e+00
1.024448871612548828e+00
8.919481635093688965e-01
1.052002906799316406e+00
1.168617844581604004e+00
1.017259240150451660e+00
6.913141012191772461e-01
1.216870427131652832e+00
1.027061820030212402e+00
6.990208029747009277e-01
1.069198369979858398e+00
6.904281377792358398e-01
1.253556013107299805e+00
1.324540138244628906e+00
1.212182283401489258e+00
1.015406131744384766e+00
1.116998314857482910e+00
9.096192717552185059e-01
1.033287525177001953e+00
1.079793453216552734e+00
1.184090852737426758e+00
1.356231331825256348e+00
1.174986839294433594e+00
1.058159470558166504e+00
1.262711048126220703e+00
1.069993734359741211e+00
1.331704378128051758e+00
1.180029392242431641e+00
8.669585585594177246e-01
9.794003367424011230e-01
8.430353403091430664e-01
1.249801039695739746e+00
6.824634075164794922e-01
9.032645225524902344e-01
9.245436787605285645e-01
1.078147172927856445e+00
7.066547870635986328e-01
7.625958323478698730e-01
8.765631318092346191e-01
1.315691590309143066e+00
1.067072153091430664e+00
1.288905024528503418e+00
9.363906383514404297e-01
1.204945683479309082e+00
4.213780760765075684e-01
8.966628909111022949e-01
1.532539129257202148e+00
1.078233838081359863e+00
1.000377774238586426e+00
6.737923622131347656e-01
9.053413867950439453e-01
7.492182850837707520e-01
9.298078417778015137e-01
1.099825859069824219e+00
1.138985276222229004e+00
9.177452325820922852e-01
1.246214270591735840e+00
1.217324972152709961e+00
1.054472923278808594e+00
6.390070319175720215e-01
1.342179298400878906e+00
7.206151485443115234e-01
1.313208103179931641e+00
1.031348466873168945e+00
7.962866425514221191e-01
1.283922910690307617e+00
1.153288722038269043e+00
6.950263381004333496e-01
6.149222254753112793e-01
1.098427772521972656e+00
1.039728760719299316e+00
9.679056406021118164e-01
1.035514712333679199e+00
6.131903529167175293e-01
7.289062142372131348e-01
1.407254815101623535e+00
1.353760123252868652e+00
6.669974327087402344e-01
5.637934803962707520e-01
1.229943156242370605e+00
1.276771426200866699e+00
8.145905137062072754e-01
9.740436077117919922e-01
7.702439427375793457e-01
1.024354457855224609e+00
9.491127133369445801e-01
1.507927894592285156e+00
1.091758966445922852e+00
9.745124578475952148e-01
1.545599460601806641e+00
1.241055369377136230e+00
6.671085953712463379e-01
9.860914349555969238e-01
9.563321471214294434e-01
8.591656088829040527e-01
8.002563714981079102e-01
1.163262128829956055e+00
1.282807350158691406e+00
1.061832904815673828e+00
8.266916275024414062e-01
9.819280505180358887e-01
8.866696953773498535e-01
7.527267932891845703e-01
1.243494749069213867e+00
1.000118613243103027e+00
1.061943054199218750e+00
1.247028112411499023e+00
7.528291344642639160e-01
7.840934991836547852e-01
1.074292063713073730e+00
1.173677206039428711e+00
9.615333080291748047e-01
9.208943247795104980e-01
1.398709893226623535e+00
7.196766138076782227e-01
7.827710509300231934e-01
9.409835934638977051e-01
7.355192303657531738e-01
7.276654839515686035e-01
1.049725532531738281e+00
1.082968831062316895e+00
1.092583298683166504e+00
8.380779623985290527e-01
1.217550158500671387e+00
1.019500255584716797e+00
7.413226366043090820e-01
1.255520701408386230e+00
8.090487122535705566e-01
1.246124863624572754e+00
8.177112340927124023e-01
1.243538022041320801e+00
7.421470880508422852e-01
8.983383774757385254e-01
9.587934613227844238e-01
1.154328823089599609e+00
1.143521070480346680e+00
1.298096776008605957e+00
7.586606740951538086e-01
1.281172037124633789e+00
9.713155031204223633e-01
8.459132313728332520e-01
9.784541130065917969e-01
7.868223786354064941e-01
9.802228212356567383e-01
1.274484038352966309e+00
7.967017292976379395e-01
1.003166437149047852e+00
6.563805341720581055e-01
8.507894277572631836e-01
1.283061742782592773e+00
1.110832095146179199e+00
8.614239692687988281e-01
8.128716945648193359e-01
9.469463825225830078e-01
8.255873322486877441e-01
1.417841076850891113e+00
1.120357394218444824e+00
9.725170135498046875e-01
9.015998840332031250e-01
7.759814262390136719e-01
7.729685902595520020e-01
8.868000507354736328e-01
9.716616272926330566e-01
1.363105297088623047e+00
8.708739280700683594e-01
1.011523723602294922e+00
6.468077301979064941e-01
8.323431611061096191e-01
1.002753853797912598e+00
9.452999830245971680e-01
8.648125529289245605e-01
1.065343737602233887e+00
1.349476099014282227e+00
7.257072925567626953e-01
8.495569825172424316e-01
1.627504110336303711e+00
5.726457238197326660e-01
8.995649814605712891e-01
9.277145862579345703e-01
8.423184156417846680e-01
9.980307817459106445e-01
1.350023984909057617e+00
6.603152751922607422e-01
6.810060143470764160e-01
1.047931075096130371e+00
1.257489800453186035e+00
1.096737265586853027e+00
1.163364529609680176e+00
9.792059659957885742e-01
8.921370506286621094e-01
7.677173614501953125e-01
9.799465537071228027e-01
7.613843083381652832e-01
9.632692933082580566e-01
1.180856227874755859e+00
8.830897808074951172e-01
1.045054554939270020e+00
1.246905922889709473e+00
7.211995124816894531e-01
1.369063496589660645e+00
1.155432820320129395e+00
8.283874392509460449e-01
7.294611930847167969e-01
1.494286656379699707e+00
9.881558418273925781e-01
1.126951217651367188e+00
1.283853530883789062e+00
1.145622849464416504e+00
1.068853139877319336e+00
1.047669649124145508e+00
1.224553465843200684e+00
1.136873960494995117e+00
1.062783241271972656e+00
8.375502824783325195e-01
9.855858683586120605e-01
8.491312861442565918e-01
1.197253942489624023e+00
9.787157773971557617e-01
6.932517886161804199e-01
1.150260686874389648e+00
8.933748602867126465e-01
8.325191140174865723e-01
1.336932301521301270e+00
1.042293071746826172e+00
1.081203341484069824e+00
9.136331677436828613e-01
9.658205509185791016e-01
1.059641361236572266e+00
1.123820066452026367e+00
1.344519019126892090e+00
1.443957686424255371e+00
7.183772921562194824e-01
1.231861591339111328e+00
9.496898055076599121e-01
9.288315773010253906e-01
8.295189738273620605e-01
6.285353302955627441e-01
6.714420914649963379e-01
9.161381125450134277e-01
9.608717560768127441e-01
1.095176696777343750e+00
7.065215706825256348e-01
1.139797687530517578e+00
8.588659763336181641e-01
1.517320156097412109e+00
8.108206987380981445e-01
9.054704308509826660e-01
8.158600330352783203e-01
9.110352993011474609e-01
8.948544263839721680e-01
5.487021207809448242e-01
1.169900178909301758e+00
9.191331267356872559e-01
9.593021273612976074e-01
8.421723246574401855e-01
9.776570796966552734e-01
9.756140708923339844e-01
1.037855386734008789e+00
1.037361145019531250e+00
1.365830898284912109e+00
9.919369816780090332e-01
7.620205879211425781e-01
1.324361681938171387e+00
8.837800025939941406e-01
9.677457809448242188e-01
1.361710786819458008e+00
1.045875072479248047e+00
8.052914142608642578e-01
9.690427780151367188e-01
1.069990515708923340e+00
1.345725536346435547e+00
1.092638611793518066e+00
9.860564470291137695e-01
9.207276701927185059e-01
1.473325371742248535e+00
1.105958819389343262e+00
8.755789995193481445e-01
6.199751496315002441e-01
9.630128741264343262e-01
1.089881658554077148e+00
1.211041331291198730e+00
6.850680112838745117e-01
1.136722207069396973e+00
1.175547599792480469e+00
8.283928036689758301e-01
8.197933435440063477e-01
8.371129035949707031e-01
7.090907692909240723e-01
5.748095512390136719e-01
6.506102085113525391e-01
9.844446778297424316e-01
9.029569625854492188e-01
1.369832634925842285e+00
6.890255808830261230e-01
6.536068916320800781e-01
1.305593013763427734e+00
7.160261869430541992e-01
8.841400146484375000e-01
7.262066602706909180e-01
