2.724739679136065421e-02
2.707139984724337561e-02
2.695364870376235067e-02
2.704558206842340093e-02
2.699213517052409528e-02
2.702758396092961451e-02
2.714792975086560006e-02
2.706790489434462987e-02
2.714249648226692291e-02
2.714226622505840764e-02
2.696034078318624780e-02
2.696959539521484595e-02
2.700698593370389963e-02
2.704453857354593288e-02
2.701166276617068471e-02
2.696001909051454204e-02
2.693639066506446633e-02
2.693547972521057390e-02
2.694236767607766439e-02
2.694370366885917578e-02
2.697613633482746909e-02
2.697444153859511126e-02
2.696909962876931077e-02
2.695254616041511606e-02
2.695404824658807069e-02
2.693747515547478474e-02
2.690714117720426415e-02
2.691520841255487170e-02
2.690219627901615021e-02
2.690824467261155109e-02
2.690980074857674681e-02
2.693342850342104675e-02
2.693088326666182031e-02
2.700988118082723113e-02
2.715291306878865607e-02
2.716724385007680820e-02
2.716671985467144015e-02
2.701119725232826313e-02
2.701297232252145367e-02
2.716047009188508193e-02
2.717843738752682287e-02
2.715716381032646717e-02
2.716632337133404601e-02
2.716250851015564530e-02
2.716343734423634290e-02
2.716406641165730260e-02
2.715541194886766582e-02
2.717563681113798618e-02
2.715439805210541346e-02
2.704255824644503231e-02
2.700758691620612495e-02
2.701365616246718948e-02
2.705507104810450647e-02
2.712841700519054780e-02
2.719349999520275299e-02
2.719720034863565283e-02
2.720034007120344932e-02
2.715276206840275264e-02
2.700165030860050136e-02
2.692905262807990946e-02
2.696385042139176971e-02
2.693392106101794720e-02
2.695177096029059693e-02
2.700857314611535692e-02
2.704003892526531810e-02
2.703398966700081008e-02
2.702349853253903020e-02
2.697490050810853052e-02
2.704299629277759007e-02
2.702075860792652398e-02
2.702572661961604242e-02
2.703324219396438868e-02
2.714490534549653111e-02
2.708198841508175844e-02
2.711655836721013624e-02
2.704876274154835794e-02
2.702396207002426276e-02
2.711156680298949101e-02
2.705878640221094991e-02
2.708783216851781347e-02
2.707715872922182923e-02
2.709627872755483030e-02
2.710058996944976484e-02
2.703698883195471830e-02
2.701134996883973460e-02
2.706141411598845387e-02
2.712339776977493178e-02
2.718397078397493533e-02
2.713180342497816325e-02
2.716150653082242267e-02
2.719347628407635734e-02
2.718009492689628034e-02
2.711260536406043600e-02
2.715548760086037780e-02
2.702439873511054344e-02
2.691119431484960411e-02
2.689491182721250040e-02
2.692816563331289562e-02
2.700154713736690332e-02
2.708008875746047844e-02
2.719314623416536902e-02
2.717539499966736480e-02
2.724919995932217204e-02
2.735196568395449612e-02
2.737450191819329123e-02
2.734018935184993199e-02
2.733378142117235884e-02
2.733349224329435084e-02
2.729388310088748729e-02
2.730579625901805724e-02
2.722842126019099987e-02
2.720709299878115023e-02
2.716075705781349769e-02
2.714264743729218402e-02
2.708105974815099709e-02
2.704070169649332167e-02
2.701023146680801498e-02
2.698789379417343079e-02
2.700371555941968871e-02
2.700049591978496630e-02
2.691832731661424408e-02
2.683785755258637912e-02
2.681648324292312466e-02
2.697562569999042287e-02
2.693328736793173389e-02
2.696174515274437841e-02
2.699243694901639484e-02
2.694576579399971666e-02
2.710328702928576500e-02
2.715225617387724208e-02
2.727588005552629771e-02
2.714106136004070316e-02
2.708915149790028579e-02
2.703639345084973139e-02
2.701866378563328244e-02
2.702753222738309147e-02
2.703569687347904746e-02
2.707081875395075249e-02
2.710039058548829871e-02
2.705333016098742521e-02
2.704622793812069825e-02
2.698789982711734606e-02
2.700703740174590500e-02
2.702185619677125242e-02
2.701775996338413519e-02
2.702267591456985335e-02
2.696757102559423080e-02
2.697123713025570760e-02
2.701415626319186511e-02
2.702440224875557809e-02
2.701581105877507230e-02
2.705716894216674689e-02
2.710037573330404889e-02
2.700865178145231763e-02
2.706445700162514109e-02
2.712425125165103534e-02
2.718310343213716646e-02
2.701457459219137186e-02
2.693134274383584062e-02
2.688082780413687811e-02
2.696523112451494966e-02
2.701783607528640205e-02
2.705570093816679622e-02
2.704457349210054665e-02
2.707256810111018097e-02
2.706941926256936637e-02
2.707732382985796396e-02
2.707486148747648494e-02
2.709866828608896439e-02
2.712343289840605035e-02
2.711880173671629354e-02
2.709178513425972157e-02
2.711880612707465513e-02
2.709388146526196112e-02
2.714016881398815043e-02
2.715022103582253460e-02
2.716357790307231956e-02
2.715505933390089180e-02
2.716418084875770605e-02
2.717212455228418949e-02
2.715801820412725928e-02
2.716355770335049033e-02
2.718421733300965468e-02
2.714133080761712419e-02
2.711817904556726444e-02
2.711486409771259737e-02
2.713829916539165291e-02
2.722969628258263552e-02
2.727118030470146795e-02
2.719417958176433003e-02
2.712982808715017069e-02
2.717507858813071608e-02
2.713927498736337998e-02
2.712148051973206631e-02
2.708711748990207113e-02
2.707080383424464651e-02
2.708605629122786893e-02
2.708036344400727852e-02
2.711443910924790993e-02
