4.890022426843643188e-02
5.014804750680923462e-02
4.846589639782905579e-02
4.748607799410820007e-02
4.912274330854415894e-02
4.672697186470031738e-02
4.818939045071601868e-02
5.014927685260772705e-02
4.934469610452651978e-02
4.706815257668495178e-02
5.036266520619392395e-02
5.072991549968719482e-02
5.254205688834190369e-02
4.843694716691970825e-02
4.851358011364936829e-02
4.849884286522865295e-02
4.955477267503738403e-02
4.745501652359962463e-02
4.863614588975906372e-02
4.929174110293388367e-02
5.071642249822616577e-02
4.851198568940162659e-02
4.844331368803977966e-02
5.228966102004051208e-02
4.998061805963516235e-02
4.910423606634140015e-02
4.752308502793312073e-02
4.796496033668518066e-02
4.886987805366516113e-02
4.842216521501541138e-02
5.000392347574234009e-02
4.716839268803596497e-02
4.848354309797286987e-02
4.984214529395103455e-02
4.848271235823631287e-02
4.854214563965797424e-02
4.742594435811042786e-02
4.845092818140983582e-02
5.225817114114761353e-02
4.729056358337402344e-02
4.838621988892555237e-02
5.283253267407417297e-02
4.723519459366798401e-02
4.939306899905204773e-02
4.790562763810157776e-02
4.920972883701324463e-02
4.973435029387474060e-02
5.277044326066970825e-02
4.986877366900444031e-02
4.819068685173988342e-02
4.846716672182083130e-02
4.848212376236915588e-02
4.750674590468406677e-02
4.948216304183006287e-02
5.020001158118247986e-02
5.088344588875770569e-02
5.370084568858146667e-02
4.954245686531066895e-02
5.003075674176216125e-02
4.953856021165847778e-02
5.023243278264999390e-02
5.057816207408905029e-02
4.748017713427543640e-02
5.177613720297813416e-02
5.054291710257530212e-02
5.158246681094169617e-02
4.937405139207839966e-02
4.875793308019638062e-02
5.034802854061126709e-02
4.707796499133110046e-02
4.995581880211830139e-02
4.850921034812927246e-02
4.989092797040939331e-02
5.070507153868675232e-02
4.848193004727363586e-02
5.034863203763961792e-02
4.909523576498031616e-02
5.124570429325103760e-02
4.885980114340782166e-02
4.952784627676010132e-02
5.312737822532653809e-02
4.670131579041481018e-02
5.015230923891067505e-02
5.236812308430671692e-02
4.860614985227584839e-02
5.026280879974365234e-02
5.000873282551765442e-02
5.150045081973075867e-02
5.002132803201675415e-02
4.790173470973968506e-02
5.082267150282859802e-02
5.080210790038108826e-02
5.222788453102111816e-02
4.878723621368408203e-02
4.939650744199752808e-02
4.790199920535087585e-02
4.800058901309967041e-02
4.751348495483398438e-02
4.768106713891029358e-02
4.775302112102508545e-02
4.757213965058326721e-02
4.738251492381095886e-02
4.650045931339263916e-02
4.766179621219635010e-02
4.927776008844375610e-02
4.509422928094863892e-02
5.344626680016517639e-02
4.917015880346298218e-02
5.294965207576751709e-02
4.936857149004936218e-02
5.083670467138290405e-02
4.813696444034576416e-02
4.698990285396575928e-02
4.935135319828987122e-02
4.718395322561264038e-02
5.056982487440109253e-02
4.764306172728538513e-02
4.752594977617263794e-02
5.024711787700653076e-02
4.993152618408203125e-02
4.702112451195716858e-02
4.897617176175117493e-02
5.002148821949958801e-02
4.733468219637870789e-02
4.811629652976989746e-02
4.937374591827392578e-02
4.908034950494766235e-02
4.785723984241485596e-02
5.082565173506736755e-02
4.761565849184989929e-02
5.021489039063453674e-02
4.520652070641517639e-02
5.075883120298385620e-02
4.854356124997138977e-02
4.768836498260498047e-02
4.783062264323234558e-02
4.875180497765541077e-02
5.068144574761390686e-02
4.813397303223609924e-02
5.157985910773277283e-02
4.773586988449096680e-02
5.148385092616081238e-02
5.025670677423477173e-02
4.979065060615539551e-02
4.639972373843193054e-02
5.101354792714118958e-02
4.872845858335494995e-02
4.741810634732246399e-02
5.256484821438789368e-02
5.035803094506263733e-02
5.055429786443710327e-02
4.895902425050735474e-02
4.855980724096298218e-02
4.769924283027648926e-02
4.982995614409446716e-02
5.219616740942001343e-02
4.831774160265922546e-02
5.219424888491630554e-02
4.805048555135726929e-02
4.855068773031234741e-02
4.777518659830093384e-02
4.757637158036231995e-02
5.052390322089195251e-02
4.840614274144172668e-02
4.877530783414840698e-02
4.889903217554092407e-02
4.765205085277557373e-02
5.123725906014442444e-02
4.895930737257003784e-02
5.034008994698524475e-02
4.897183179855346680e-02
4.855848848819732666e-02
4.880007356405258179e-02
4.965615645051002502e-02
5.002077668905258179e-02
5.032672360539436340e-02
4.747290909290313721e-02
5.048307403922080994e-02
4.806971922516822815e-02
4.902028292417526245e-02
4.796687886118888855e-02
4.656824842095375061e-02
4.878205806016921997e-02
5.026579275727272034e-02
4.724701493978500366e-02
5.026018247008323669e-02
5.049324408173561096e-02
5.072603002190589905e-02
5.182126164436340332e-02
4.783160239458084106e-02
5.126349255442619324e-02
4.840258508920669556e-02
4.866910353302955627e-02
4.740314185619354248e-02
4.697214812040328979e-02
4.878678172826766968e-02
5.021544918417930603e-02
5.206212028861045837e-02
4.724951833486557007e-02
4.826353117823600769e-02
4.942452162504196167e-02
4.865080863237380981e-02
4.952736198902130127e-02
4.744979366660118103e-02
4.880222678184509277e-02
4.957257211208343506e-02
4.949676617980003357e-02
4.766605049371719360e-02
4.774756729602813721e-02
4.771500080823898315e-02
4.811015725135803223e-02
4.847509041428565979e-02
4.894671216607093811e-02
4.699215665459632874e-02
4.739526659250259399e-02
5.117733776569366455e-02
5.072227120399475098e-02
4.613891243934631348e-02
4.765890538692474365e-02
4.995219781994819641e-02
4.921131581068038940e-02
4.697933420538902283e-02
4.802777618169784546e-02
4.640795662999153137e-02
4.791601002216339111e-02
4.711204022169113159e-02
4.716476798057556152e-02
5.031420662999153137e-02
4.901834577322006226e-02
4.900383204221725464e-02
5.128734931349754333e-02
4.942245781421661377e-02
4.647106304764747620e-02
4.976417496800422668e-02
4.937851801514625549e-02
5.028880760073661804e-02
4.799547046422958374e-02
4.793791100382804871e-02
4.906055331230163574e-02
4.763663187623023987e-02
4.671867936849594116e-02
4.966263100504875183e-02
4.788395762443542480e-02
4.903357848525047302e-02
4.873709753155708313e-02
5.020230263471603394e-02
5.050524696707725525e-02
4.856930673122406006e-02
5.098007246851921082e-02
5.028868839144706726e-02
4.842186346650123596e-02
4.881450533866882324e-02
5.012713745236396790e-02
4.951005429029464722e-02
4.745049402117729187e-02
4.656669497489929199e-02
5.022929981350898743e-02
4.782482609152793884e-02
4.915336146950721741e-02
4.817513376474380493e-02
4.828266799449920654e-02
4.699483513832092285e-02
5.158007144927978516e-02
4.849898070096969604e-02
4.590839892625808716e-02
4.855851456522941589e-02
4.706433042883872986e-02
4.801890999078750610e-02
5.021063610911369324e-02
4.909066855907440186e-02
5.092662945389747620e-02
4.699651896953582764e-02
5.011871457099914551e-02
4.635215550661087036e-02
4.793441668152809143e-02
5.176493525505065918e-02
5.066932737827301025e-02
4.757077991962432861e-02
4.991372302174568176e-02
4.871522262692451477e-02
5.064800754189491272e-02
4.831744730472564697e-02
4.856563732028007507e-02
4.684150964021682739e-02
4.750801995396614075e-02
4.989327490329742432e-02
4.721746966242790222e-02
5.081477388739585876e-02
5.075883865356445312e-02
5.342550203204154968e-02
4.871866852045059204e-02
4.975178465247154236e-02
4.806524887681007385e-02
5.021622776985168457e-02
4.950507730245590210e-02
4.753002896904945374e-02
4.869792982935905457e-02
5.093676969408988953e-02
4.745092988014221191e-02
4.653238132596015930e-02
4.770626500248908997e-02
4.722835868597030640e-02
5.158383026719093323e-02
4.727844148874282837e-02
5.082723498344421387e-02
4.939337819814682007e-02
5.019383877515792847e-02
4.973734542727470398e-02
4.654587805271148682e-02
4.620448872447013855e-02
4.880701005458831787e-02
4.803406074643135071e-02
4.861196503043174744e-02
4.771155864000320435e-02
5.082905665040016174e-02
4.676595330238342285e-02
4.862755537033081055e-02
4.707745835185050964e-02
4.784684255719184875e-02
4.874156415462493896e-02
4.906501993536949158e-02
4.897888004779815674e-02
5.017852038145065308e-02
4.902464151382446289e-02
5.097884312272071838e-02
4.854848608374595642e-02
5.179000273346900940e-02
4.741397500038146973e-02
4.885313287377357483e-02
5.008734017610549927e-02
4.869370535016059875e-02
4.637255147099494934e-02
4.997854307293891907e-02
4.870248585939407349e-02
5.065754801034927368e-02
4.887570440769195557e-02
5.067505687475204468e-02
4.996716976165771484e-02
4.892461001873016357e-02
4.796090349555015564e-02
4.829999431967735291e-02
4.965005442500114441e-02
5.144245550036430359e-02
4.954023659229278564e-02
4.890210554003715515e-02
4.940588772296905518e-02
5.149490758776664734e-02
4.913213849067687988e-02
4.934937879443168640e-02
4.823772609233856201e-02
4.813816398382186890e-02
4.671423882246017456e-02
4.617479443550109863e-02
5.177203565835952759e-02
5.006293579936027527e-02
4.885718971490859985e-02
5.110795795917510986e-02
4.920306801795959473e-02
5.004196614027023315e-02
4.850870370864868164e-02
4.951010271906852722e-02
5.117550864815711975e-02
4.952149093151092529e-02
4.977598041296005249e-02
4.854803904891014099e-02
4.865256324410438538e-02
5.121074616909027100e-02
4.970735311508178711e-02
4.866656661033630371e-02
4.744321852922439575e-02
4.974729940295219421e-02
4.760525375604629517e-02
4.698055610060691833e-02
4.428670555353164673e-02
4.881957173347473145e-02
4.757635667920112610e-02
4.769704863429069519e-02
5.039808154106140137e-02
5.120687559247016907e-02
5.050198361277580261e-02
4.724049568176269531e-02
4.789059236645698547e-02
4.966758936643600464e-02
4.694344475865364075e-02
4.973283037543296814e-02
4.907386377453804016e-02
4.840051382780075073e-02
4.848243296146392822e-02
4.955910146236419678e-02
5.037262290716171265e-02
4.875528439879417419e-02
5.035378038883209229e-02
4.832703992724418640e-02
4.931861162185668945e-02
4.919699579477310181e-02
4.895225167274475098e-02
4.855720698833465576e-02
4.695703461766242981e-02
4.973154887557029724e-02
5.076943710446357727e-02
4.768454656004905701e-02
4.676006361842155457e-02
4.926431179046630859e-02
4.885220527648925781e-02
4.672277718782424927e-02
4.795581102371215820e-02
5.165710300207138062e-02
5.020445585250854492e-02
4.768212139606475830e-02
4.834720492362976074e-02
4.697723686695098877e-02
4.776628315448760986e-02
4.902701079845428467e-02
5.138468369841575623e-02
4.966600984334945679e-02
4.885093495249748230e-02
5.286474153399467468e-02
4.994560033082962036e-02
4.964013025164604187e-02
4.752273485064506531e-02
4.766279831528663635e-02
5.103237554430961609e-02
4.716198146343231201e-02
4.717234522104263306e-02
4.848814383149147034e-02
4.758922383189201355e-02
4.770866036415100098e-02
4.921536892652511597e-02
4.877107962965965271e-02
4.804741963744163513e-02
4.807667061686515808e-02
4.844990000128746033e-02
4.809054359793663025e-02
4.854725673794746399e-02
5.005687102675437927e-02
4.839167371392250061e-02
5.007605254650115967e-02
4.925011098384857178e-02
5.125662311911582947e-02
4.799301177263259888e-02
5.272837728261947632e-02
5.160036310553550720e-02
4.855374619364738464e-02
4.780653864145278931e-02
4.998973011970520020e-02
5.087341740727424622e-02
4.752619937062263489e-02
5.266703665256500244e-02
4.787006229162216187e-02
4.816607385873794556e-02
4.833887889981269836e-02
4.819939658045768738e-02
5.042943730950355530e-02
4.769057407975196838e-02
5.080484226346015930e-02
5.219355598092079163e-02
5.176252499222755432e-02
4.889467731118202209e-02
5.021374300122261047e-02
4.744715616106987000e-02
4.723007231950759888e-02
4.709069430828094482e-02
4.781786352396011353e-02
5.302307754755020142e-02
4.889336973428726196e-02
4.794273898005485535e-02
4.725563526153564453e-02
4.766688123345375061e-02
4.891030862927436829e-02
5.212089046835899353e-02
4.615425691008567810e-02
4.838853701949119568e-02
4.781617596745491028e-02
5.110938102006912231e-02
4.802030697464942932e-02
4.837244376540184021e-02
4.576050862669944763e-02
4.861675202846527100e-02
5.354144796729087830e-02
5.224749818444252014e-02
4.759676754474639893e-02
5.210219323635101318e-02
4.754563421010971069e-02
5.110614001750946045e-02
4.801917821168899536e-02
4.669841751456260681e-02
4.777111485600471497e-02
4.828067868947982788e-02
4.939835518598556519e-02
4.973769560456275940e-02
5.060487985610961914e-02
5.069878324866294861e-02
4.835071787238121033e-02
4.917773231863975525e-02
4.708773642778396606e-02
4.869923740625381470e-02
4.795426130294799805e-02
5.241375789046287537e-02
4.866053909063339233e-02
4.730302840471267700e-02
