1.279682993888854869e-01
1.043601304292678805e-01
8.686864003539085388e-02
7.194033190608024875e-02
6.042810566723346571e-02
4.990382976830005923e-02
4.408149458467960219e-02
3.867143839597701749e-02
3.490814231336116652e-02
3.338988088071346422e-02
3.329633884131908556e-02
3.030515238642692705e-02
3.085647895932197571e-02
2.951777707785368035e-02
2.951041013002395769e-02
2.959833089262247155e-02
2.968044877052307060e-02
2.875705249607563019e-02
2.822172176092863083e-02
2.838962227106094430e-02
2.800847329199314048e-02
2.847930025309324334e-02
2.786225713789463113e-02
2.814175952225923469e-02
2.832561731338500977e-02
2.789406646043062279e-02
2.755961231887340407e-02
2.722298521548509667e-02
2.750094197690487047e-02
2.730415258556604524e-02
2.805599365383386681e-02
2.805156484246253829e-02
2.810190133750438760e-02
2.768982127308845451e-02
2.828711345791816781e-02
2.744220159947872301e-02
2.731147538870572905e-02
2.765614595264196535e-02
2.762792930006980827e-02
2.790874969214201043e-02
2.724188417196273665e-02
2.722753528505563597e-02
2.742379978299141000e-02
2.761543765664100508e-02
2.723562531173229218e-02
2.731873206794261863e-02
2.728174254298210144e-02
2.737086322158575197e-02
2.751920446753501961e-02
2.718124631792306900e-02
2.724358532577753067e-02
2.716137208044528892e-02
2.774509619921445777e-02
2.783876545727253030e-02
2.746524866670370033e-02
2.748934663832187583e-02
2.752889227122068405e-02
2.713037319481372694e-02
2.748040445148944994e-02
2.727152649313211580e-02
2.692314945161342760e-02
2.721386477351188729e-02
2.777390461415052414e-02
2.739489562809467246e-02
2.723075058311224053e-02
2.692345138639211724e-02
2.702641095966100762e-02
2.729200609028339247e-02
2.735534850507974694e-02
2.696723528206348280e-02
2.721213642507791519e-02
2.713930364698171477e-02
2.754062041640281677e-02
2.725418396294116904e-02
2.709945868700742652e-02
2.750784736126661231e-02
2.718287874013185570e-02
2.780878730118274689e-02
2.727287467569112708e-02
2.701047789305448601e-02
2.709924969822168420e-02
2.747045084834098816e-02
2.724037729203700881e-02
2.743690293282270362e-02
2.729060184210539003e-02
2.756907194852829118e-02
2.772060912102460722e-02
2.778193224221468111e-02
2.734671998769044876e-02
2.707073800265789171e-02
2.717959620058536460e-02
2.758209966123104095e-02
2.720788363367319246e-02
2.712432742118835519e-02
2.727322056889534135e-02
2.712054960429668288e-02
2.707978598773479531e-02
2.702801283448934624e-02
2.702373750507831504e-02
2.735734321177005907e-02
2.709439620375633101e-02
2.724739611148834298e-02
2.715254481881856918e-02
2.707870714366435866e-02
2.728801798075437476e-02
2.724822182208299498e-02
2.726747468113899231e-02
2.698304466903209825e-02
2.725871782749891142e-02
2.688132952898740838e-02
2.725723125040531089e-02
2.707843016833066940e-02
2.707925401628017564e-02
2.704945094883441994e-02
2.731869723647832940e-02
2.738209050148725579e-02
2.727233394980430742e-02
2.723966967314481874e-02
2.743015214800834795e-02
2.700364366173744340e-02
2.718583941459655831e-02
2.709792498499154906e-02
2.704612985253334115e-02
2.692045662552118232e-02
2.701154071837663651e-02
2.720491942018270562e-02
2.685958240181207657e-02
2.707803547382354667e-02
2.723391503095626970e-02
2.732208464294672012e-02
2.726767715066671233e-02
2.717524208128452301e-02
2.723977752029895644e-02
2.703641280531883170e-02
2.751522343605756690e-02
2.721519004553556512e-02
2.773822117596864631e-02
2.759921513497829576e-02
2.734515927731990745e-02
2.733814753592014174e-02
2.707659974694252153e-02
2.713447716087102890e-02
2.721496596932411124e-02
2.701062448322772910e-02
2.719451002776622842e-02
2.709271386265754700e-02
2.712743338197469781e-02
2.705740369856357574e-02
2.727055139839649339e-02
2.700918819755315781e-02
2.720381282269954820e-02
2.698552254587411811e-02
2.739937212318182061e-02
2.709570731967687537e-02
2.698808647692203452e-02
2.691439315676689287e-02
2.739394214004278044e-02
2.703780978918075492e-02
2.725725583732128282e-02
2.730850409716367722e-02
2.727690842002630095e-02
2.699029278010129859e-02
2.716049756854772498e-02
2.743504121899604728e-02
2.720142994076013565e-02
2.716016303747892380e-02
2.703051194548606803e-02
2.695629931986331940e-02
2.724279575049877097e-02
2.698238883167505126e-02
2.699998188763856957e-02
2.706119753420353075e-02
2.702725827693939348e-02
2.708805035799741884e-02
2.714380901306867599e-02
2.719184514135122160e-02
2.703293543308973174e-02
2.685033027082681795e-02
2.728731185197830200e-02
2.722702044993639131e-02
2.760214172303676605e-02
2.733519785106182029e-02
2.723372336477041314e-02
2.717838175594806602e-02
2.710673697292804649e-02
2.692825645208358695e-02
2.754865922033786912e-02
2.742468435317278047e-02
2.734985463321209023e-02
2.708688601851463179e-02
2.711495999246835847e-02
2.714314069598913054e-02
2.718925569206476212e-02
2.700772490352392266e-02
2.734594624489545753e-02
2.707671001553535461e-02
2.708671428263187408e-02
2.709305714815855165e-02
2.711845636367797921e-02
2.705687899142503877e-02
2.696901652961969376e-02
2.736400905996561050e-02
2.708658818155527254e-02
2.721239142119884560e-02
2.725233305245637963e-02
2.727627605199813704e-02
2.714934144169092040e-02
2.733209133148193498e-02
2.701975051313638618e-02
2.725533470511436532e-02
2.718352023512125154e-02
2.710341252386570116e-02
2.697334550321102073e-02
2.707927990704774718e-02
2.721516769379377435e-02
2.699188813567161491e-02
2.716454211622476578e-02
2.702572252601385255e-02
2.701406050473451753e-02
2.682838365435600420e-02
2.731748893857002120e-02
2.692332752048969338e-02
2.709951922297477653e-02
2.695677541196346214e-02
2.735414542257785797e-02
2.724058236926794191e-02
2.703723851591348717e-02
2.726930994540453096e-02
2.700150571763515472e-02
2.719263900071382592e-02
2.692848723381757736e-02
2.701443806290626526e-02
2.706784363836050103e-02
2.711367048323154449e-02
2.714318130165338516e-02
2.708096597343683312e-02
2.699044402688741823e-02
2.716055568307638307e-02
2.697120271623134474e-02
2.703958526253700395e-02
2.713555172085762093e-02
2.703045513480901649e-02
2.706337124109268327e-02
2.730041164904832909e-02
2.708731964230537415e-02
2.713283896446228027e-02
2.717467602342367103e-02
2.690360080450773100e-02
2.698960043489933083e-02
2.683111261576414178e-02
2.712895907461643219e-02
2.713611815124750137e-02
2.702602017670869758e-02
2.717908788472413878e-02
2.739270497113466263e-02
2.723294477909803460e-02
2.708473466336727004e-02
2.704631555825471809e-02
2.694141138345003059e-02
2.706423867493867874e-02
2.700504697859287123e-02
2.715789191424846510e-02
2.720436286181211402e-02
2.702717129141092231e-02
2.707286141812801500e-02
2.724250014871358941e-02
2.720850519835948944e-02
2.721530366688966820e-02
2.695786990225314955e-02
2.696256376802921156e-02
2.704261932522058348e-02
2.738789375871419907e-02
2.716703619807958603e-02
2.699689697474241118e-02
2.739695608615875383e-02
2.723743952810764313e-02
2.697720285505056381e-02
2.707268614321946959e-02
2.735328860580921173e-02
2.725931350141763687e-02
2.700646668672561715e-02
2.710276562720537186e-02
2.730463687330484529e-02
2.722016796469688485e-02
2.701295409351587434e-02
2.693429589271545410e-02
2.717143185436725686e-02
2.701011355966329713e-02
2.705298587679862837e-02
2.696664165705442429e-02
2.718289773911237647e-02
2.710980307310819487e-02
2.703396212309598992e-02
2.709686160087585588e-02
2.725917845964431763e-02
2.725410666316747596e-02
2.699464205652475288e-02
2.703873980790376733e-02
2.722734585404396057e-02
2.746016103774309020e-02
