3.791023445129394531e+01
3.689737510681152344e+01
3.582433891296386719e+01
3.472390556335449219e+01
3.360246658325195312e+01
3.247656250000000000e+01
3.135207843780517578e+01
3.022496032714843750e+01
2.909292793273925781e+01
2.796490192413330078e+01
2.686349296569824219e+01
2.578109169006347656e+01
2.471433353424072266e+01
2.365026378631591797e+01
2.259210777282714844e+01
2.153966999053955078e+01
2.049545955657958984e+01
1.945618057250976562e+01
1.842252826690673828e+01
1.739153385162353516e+01
1.637307834625244141e+01
1.535987138748168945e+01
1.435459709167480469e+01
1.335081672668457031e+01
1.235191631317138672e+01
1.135902166366577148e+01
1.037030124664306641e+01
9.392938137054443359e+00
8.431985378265380859e+00
7.494818210601806641e+00
6.596332788467407227e+00
5.793152570724487305e+00
5.089440584182739258e+00
4.458657979965209961e+00
3.918281316757202148e+00
3.471765518188476562e+00
3.127321839332580566e+00
2.883405447006225586e+00
2.748684167861938477e+00
2.676604986190795898e+00
2.635020017623901367e+00
2.598835825920104980e+00
2.556581020355224609e+00
2.507727026939392090e+00
2.451467394828796387e+00
2.389403820037841797e+00
2.321527123451232910e+00
2.248455762863159180e+00
2.170812487602233887e+00
2.089395642280578613e+00
2.004724681377410889e+00
1.917297065258026123e+00
1.829383015632629395e+00
1.741322159767150879e+00
1.651869833469390869e+00
1.564405977725982666e+00
1.480515182018280029e+00
1.409791171550750732e+00
1.363689661026000977e+00
1.369176506996154785e+00
1.427924692630767822e+00
1.494309425354003906e+00
1.527462780475616455e+00
1.509440720081329346e+00
1.444784462451934814e+00
1.354104816913604736e+00
1.261666655540466309e+00
1.194444537162780762e+00
1.157624602317810059e+00
1.143643677234649658e+00
1.134408950805664062e+00
1.124300956726074219e+00
1.112195730209350586e+00
1.098787844181060791e+00
1.087577641010284424e+00
1.078873038291931152e+00
1.067011952400207520e+00
1.051600098609924316e+00
1.031022906303405762e+00
1.013202607631683350e+00
1.002936601638793945e+00
9.950332045555114746e-01
9.797595441341400146e-01
9.649556875228881836e-01
9.555297493934631348e-01
9.491084218025207520e-01
9.413389563560485840e-01
9.293399751186370850e-01
9.139242768287658691e-01
8.975787460803985596e-01
8.859413862228393555e-01
8.814194798469543457e-01
8.728427886962890625e-01
8.574024736881256104e-01
8.390105366706848145e-01
8.237915337085723877e-01
8.124181032180786133e-01
8.000463843345642090e-01
7.856095135211944580e-01
7.723970711231231689e-01
7.620311379432678223e-01
7.513557970523834229e-01
7.435756325721740723e-01
7.326999902725219727e-01
7.225699424743652344e-01
7.114032208919525146e-01
7.023692727088928223e-01
6.928829252719879150e-01
6.829750835895538330e-01
6.745696365833282471e-01
6.682441234588623047e-01
6.603940427303314209e-01
6.523678600788116455e-01
6.469914317131042480e-01
6.419308781623840332e-01
6.355705857276916504e-01
6.295465826988220215e-01
6.279763579368591309e-01
6.257007420063018799e-01
6.169316768646240234e-01
6.090195178985595703e-01
6.047919094562530518e-01
5.996888577938079834e-01
5.951978266239166260e-01
5.912680029869079590e-01
5.881770551204681396e-01
5.845942497253417969e-01
5.778822898864746094e-01
5.728337168693542480e-01
5.687389373779296875e-01
5.660410523414611816e-01
5.640534758567810059e-01
5.634441077709197998e-01
5.625693202018737793e-01
5.583050847053527832e-01
5.510996580123901367e-01
5.457967221736907959e-01
5.432140231132507324e-01
5.407878160476684570e-01
5.451989173889160156e-01
5.472629368305206299e-01
5.443844795227050781e-01
5.378260016441345215e-01
5.333553254604339600e-01
5.322366058826446533e-01
5.282392501831054688e-01
5.303915441036224365e-01
5.321990847587585449e-01
5.296641886234283447e-01
5.237688720226287842e-01
5.209154784679412842e-01
5.183059573173522949e-01
5.140552818775177002e-01
5.138790607452392578e-01
5.123224854469299316e-01
5.089566707611083984e-01
5.068932920694351196e-01
5.051778703927993774e-01
5.034090578556060791e-01
5.026448369026184082e-01
5.059807449579238892e-01
5.038366317749023438e-01
5.025593936443328857e-01
5.024177432060241699e-01
5.005827248096466064e-01
4.982328563928604126e-01
4.958085119724273682e-01
4.952323436737060547e-01
4.967655390501022339e-01
4.970385134220123291e-01
4.946114867925643921e-01
4.914435148239135742e-01
4.896655380725860596e-01
4.887543022632598877e-01
4.889415204524993896e-01
4.895191192626953125e-01
4.885802268981933594e-01
4.871710836887359619e-01
4.872004538774490356e-01
4.838408827781677246e-01
4.834513813257217407e-01
4.836525321006774902e-01
4.828050434589385986e-01
4.818636626005172729e-01
4.820045083761215210e-01
4.818482249975204468e-01
4.803696274757385254e-01
4.798894673585891724e-01
4.796564280986785889e-01
4.793781191110610962e-01
4.772707223892211914e-01
4.751187562942504883e-01
4.747919738292694092e-01
4.728994816541671753e-01
4.735405445098876953e-01
4.737453162670135498e-01
4.715665578842163086e-01
4.697405695915222168e-01
4.702470749616622925e-01
4.684877246618270874e-01
4.684068262577056885e-01
4.682661145925521851e-01
4.680286794900894165e-01
4.680518656969070435e-01
4.696425646543502808e-01
4.687673747539520264e-01
4.676753133535385132e-01
4.698366373777389526e-01
4.709733128547668457e-01
4.689887315034866333e-01
4.671810418367385864e-01
4.677959084510803223e-01
4.665559679269790649e-01
4.630616605281829834e-01
4.627939313650131226e-01
4.628394842147827148e-01
4.613970369100570679e-01
4.617389440536499023e-01
4.730409830808639526e-01
4.808644652366638184e-01
4.733656197786331177e-01
4.639234840869903564e-01
4.636562764644622803e-01
4.659721553325653076e-01
4.653555005788803101e-01
4.617593586444854736e-01
4.579834342002868652e-01
4.670292735099792480e-01
4.785060584545135498e-01
4.737219661474227905e-01
4.604833722114562988e-01
4.566255211830139160e-01
4.594953209161758423e-01
4.595949202775955200e-01
4.566594064235687256e-01
4.544859677553176880e-01
4.610035717487335205e-01
4.692211151123046875e-01
4.650112390518188477e-01
4.547549486160278320e-01
4.529020786285400391e-01
4.570484459400177002e-01
4.591282606124877930e-01
4.577070027589797974e-01
4.537110924720764160e-01
4.524707645177841187e-01
4.541225135326385498e-01
4.520735740661621094e-01
4.500456452369689941e-01
4.504506587982177734e-01
4.496553242206573486e-01
4.497649371623992920e-01
4.483885914087295532e-01
4.484734833240509033e-01
4.498288333415985107e-01
4.481936693191528320e-01
4.482358694076538086e-01
4.493375569581985474e-01
4.490229785442352295e-01
4.462365508079528809e-01
4.455304294824600220e-01
4.497831463813781738e-01
4.514380842447280884e-01
4.483066201210021973e-01
4.452423006296157837e-01
4.440121948719024658e-01
4.435317218303680420e-01
4.429915845394134521e-01
4.426778405904769897e-01
4.437365531921386719e-01
4.430767148733139038e-01
4.421159625053405762e-01
4.426025152206420898e-01
4.436728805303573608e-01
4.427210390567779541e-01
4.411121457815170288e-01
4.400454759597778320e-01
4.398883283138275146e-01
4.442999362945556641e-01
4.486317485570907593e-01
4.441327601671218872e-01
4.401483237743377686e-01
4.401246905326843262e-01
4.421071708202362061e-01
4.424901902675628662e-01
4.409399628639221191e-01
4.413595199584960938e-01
4.448098838329315186e-01
4.448477625846862793e-01
4.419723451137542725e-01
4.425869286060333252e-01
4.435705244541168213e-01
4.435871988534927368e-01
4.412163197994232178e-01
4.383340775966644287e-01
4.393750876188278198e-01
4.432885646820068359e-01
4.422418624162673950e-01
4.372902363538742065e-01
4.361366331577301025e-01
4.363400489091873169e-01
4.357932209968566895e-01
4.351137578487396240e-01
4.448222666978836060e-01
4.534015208482742310e-01
4.471533000469207764e-01
4.363359063863754272e-01
4.362445324659347534e-01
4.388546943664550781e-01
4.390597641468048096e-01
4.372603595256805420e-01
4.358420819044113159e-01
4.360995590686798096e-01
4.356936812400817871e-01
4.320016801357269287e-01
4.332030862569808960e-01
4.355158507823944092e-01
4.349942803382873535e-01
4.323537349700927734e-01
4.312199652194976807e-01
4.327294528484344482e-01
4.325305670499801636e-01
4.305909723043441772e-01
4.314197748899459839e-01
4.328344762325286865e-01
4.331672042608261108e-01
4.332855343818664551e-01
4.334927946329116821e-01
4.341599941253662109e-01
4.334806799888610840e-01
4.329144954681396484e-01
4.320432543754577637e-01
4.303038716316223145e-01
4.286217987537384033e-01
4.365558326244354248e-01
4.435937106609344482e-01
4.372553229331970215e-01
4.277350306510925293e-01
4.301175773143768311e-01
4.341008663177490234e-01
4.343075007200241089e-01
4.308798611164093018e-01
4.274380058050155640e-01
4.294578731060028076e-01
4.330472201108932495e-01
4.305016845464706421e-01
4.279491454362869263e-01
4.280811399221420288e-01
4.290366917848587036e-01
4.295002222061157227e-01
4.305820465087890625e-01
4.309003800153732300e-01
4.328694641590118408e-01
4.354577958583831787e-01
4.336675107479095459e-01
4.277664572000503540e-01
4.266149401664733887e-01
4.280766397714614868e-01
4.277544319629669189e-01
4.251577705144882202e-01
4.222199022769927979e-01
4.257635027170181274e-01
4.279472231864929199e-01
4.263525158166885376e-01
4.249849021434783936e-01
4.222443997859954834e-01
4.206748008728027344e-01
4.235544502735137939e-01
4.257962703704833984e-01
4.254927039146423340e-01
4.250034689903259277e-01
4.230085909366607666e-01
4.207551628351211548e-01
4.218495190143585205e-01
4.251905828714370728e-01
4.245494008064270020e-01
4.219542592763900757e-01
4.234216213226318359e-01
4.250671118497848511e-01
4.248946458101272583e-01
4.230586290359497070e-01
4.209383726119995117e-01
4.211630076169967651e-01
4.210607260465621948e-01
4.203831255435943604e-01
4.199450910091400146e-01
4.185417294502258301e-01
4.178757071495056152e-01
4.175455123186111450e-01
4.182661622762680054e-01
4.170298874378204346e-01
4.180432707071304321e-01
4.174020737409591675e-01
4.144387692213058472e-01
4.145922362804412842e-01
4.153820574283599854e-01
4.178305268287658691e-01
4.188705682754516602e-01
4.177939891815185547e-01
4.178629815578460693e-01
4.177690446376800537e-01
4.161559641361236572e-01
4.145916551351547241e-01
4.147527068853378296e-01
4.138683378696441650e-01
4.139855951070785522e-01
4.144458323717117310e-01
4.156213402748107910e-01
4.166006296873092651e-01
4.148646891117095947e-01
4.133245497941970825e-01
4.162530601024627686e-01
4.188653230667114258e-01
4.185089766979217529e-01
4.179148524999618530e-01
4.162791967391967773e-01
4.155316650867462158e-01
4.159682244062423706e-01
4.178682118654251099e-01
4.198898077011108398e-01
4.187487661838531494e-01
4.150222539901733398e-01
4.120743572711944580e-01
4.172546118497848511e-01
4.220602214336395264e-01
4.200488179922103882e-01
4.203889667987823486e-01
4.236418306827545166e-01
4.230816513299942017e-01
4.182834029197692871e-01
4.124197363853454590e-01
4.123492687940597534e-01
4.187224507331848145e-01
4.172995835542678833e-01
4.114779829978942871e-01
4.101606607437133789e-01
4.103894978761672974e-01
4.108634889125823975e-01
4.126370549201965332e-01
4.116906672716140747e-01
4.101634323596954346e-01
4.096387028694152832e-01
4.097390621900558472e-01
4.098554700613021851e-01
4.094520658254623413e-01
4.120094627141952515e-01
4.171003997325897217e-01
4.193689972162246704e-01
4.175842404365539551e-01
4.129168093204498291e-01
4.093296229839324951e-01
4.220986366271972656e-01
4.493349790573120117e-01
4.578892141580581665e-01
4.406702965497970581e-01
4.165468066930770874e-01
4.098401963710784912e-01
4.118630886077880859e-01
4.120589643716812134e-01
4.101220369338989258e-01
4.076864570379257202e-01
4.085866361856460571e-01
4.113354682922363281e-01
4.094352126121520996e-01
4.060233831405639648e-01
4.058726578950881958e-01
4.077373594045639038e-01
4.089137166738510132e-01
4.071878492832183838e-01
4.050557762384414673e-01
4.046399742364883423e-01
4.042059332132339478e-01
4.040009081363677979e-01
4.039391875267028809e-01
4.040848314762115479e-01
4.036880433559417725e-01
4.025687575340270996e-01
4.019180238246917725e-01
4.021046161651611328e-01
4.022191166877746582e-01
4.022296518087387085e-01
4.019902646541595459e-01
4.014616906642913818e-01
4.032467901706695557e-01
4.039233624935150146e-01
4.038754850625991821e-01
4.037271738052368164e-01
4.031586050987243652e-01
4.033112376928329468e-01
4.029258340597152710e-01
4.073113054037094116e-01
4.088792502880096436e-01
4.070576578378677368e-01
4.086309224367141724e-01
4.098269343376159668e-01
4.077318459749221802e-01
4.038572609424591064e-01
4.033561199903488159e-01
4.125022292137145996e-01
4.200386106967926025e-01
4.150551110506057739e-01
4.064036011695861816e-01
4.045850634574890137e-01
4.064748883247375488e-01
4.072933048009872437e-01
4.061653316020965576e-01
4.044821411371231079e-01
4.039437025785446167e-01
4.040637761354446411e-01
4.056862294673919678e-01
4.050971865653991699e-01
4.039753526449203491e-01
4.056177437305450439e-01
4.073925316333770752e-01
4.064031541347503662e-01
4.028161019086837769e-01
3.994558155536651611e-01
4.052814543247222900e-01
4.171684086322784424e-01
4.183583855628967285e-01
4.093733280897140503e-01
4.030468463897705078e-01
4.028401970863342285e-01
4.058774113655090332e-01
4.070649147033691406e-01
4.049902856349945068e-01
4.008914381265640259e-01
3.988205194473266602e-01
4.024942517280578613e-01
4.046689420938491821e-01
4.020428955554962158e-01
4.000202715396881104e-01
3.982034772634506226e-01
3.968003094196319580e-01
3.957617878913879395e-01
3.987427651882171631e-01
4.050000607967376709e-01
4.022124856710433960e-01
3.980820327997207642e-01
3.992734998464584351e-01
4.013278186321258545e-01
4.009380191564559937e-01
3.984774500131607056e-01
3.955896347761154175e-01
3.980919867753982544e-01
4.038646221160888672e-01
4.017445445060729980e-01
3.961082398891448975e-01
3.962766528129577637e-01
3.984232842922210693e-01
3.995726108551025391e-01
3.979193121194839478e-01
3.958265334367752075e-01
3.998718410730361938e-01
4.079171419143676758e-01
4.074157029390335083e-01
4.019257426261901855e-01
4.003112763166427612e-01
4.015682786703109741e-01
4.015807807445526123e-01
3.991492390632629395e-01
3.966856002807617188e-01
3.950135707855224609e-01
3.955148011445999146e-01
3.958842903375625610e-01
3.945432007312774658e-01
3.952063024044036865e-01
3.967790901660919189e-01
3.988046944141387939e-01
3.985277116298675537e-01
3.968926072120666504e-01
3.990005552768707275e-01
4.009074866771697998e-01
3.963105231523513794e-01
3.927682638168334961e-01
3.937496542930603027e-01
3.940571546554565430e-01
3.924324810504913330e-01
3.928857445716857910e-01
3.944143354892730713e-01
3.950967192649841309e-01
3.947397470474243164e-01
3.964932411909103394e-01
3.973494917154312134e-01
3.963347375392913818e-01
3.951993286609649658e-01
3.976453393697738647e-01
4.008378982543945312e-01
3.976662158966064453e-01
3.932532668113708496e-01
3.919235020875930786e-01
3.919754773378372192e-01
3.908534646034240723e-01
3.905706405639648438e-01
3.906264603137969971e-01
3.891226053237915039e-01
3.893469274044036865e-01
3.899482041597366333e-01
3.892455250024795532e-01
3.889549970626831055e-01
3.949145227670669556e-01
3.998800516128540039e-01
3.962734490633010864e-01
3.919503241777420044e-01
3.909890800714492798e-01
3.914593160152435303e-01
3.903024196624755859e-01
3.890696614980697632e-01
3.909181654453277588e-01
3.914462178945541382e-01
3.890455067157745361e-01
3.885221779346466064e-01
3.881963193416595459e-01
3.884514123201370239e-01
3.877597898244857788e-01
3.874798417091369629e-01
3.935592770576477051e-01
3.975852876901626587e-01
3.917111456394195557e-01
3.872355073690414429e-01
3.887055516242980957e-01
3.904692232608795166e-01
3.897077143192291260e-01
3.880240768194198608e-01
3.868989497423171997e-01
3.918351829051971436e-01
3.958484530448913574e-01
3.905539661645889282e-01
3.854466229677200317e-01
3.872779160737991333e-01
3.908936381340026855e-01
3.918235898017883301e-01
3.894420862197875977e-01
3.864642828702926636e-01
3.875210881233215332e-01
3.917199373245239258e-01
3.897991925477981567e-01
3.854226469993591309e-01
3.862023353576660156e-01
3.878092765808105469e-01
3.872589468955993652e-01
3.862492889165878296e-01
3.885146826505661011e-01
3.920876681804656982e-01
3.895804286003112793e-01
3.866043984889984131e-01
3.858823627233505249e-01
3.850200176239013672e-01
3.837138712406158447e-01
3.872028142213821411e-01
3.917135894298553467e-01
3.891588896512985229e-01
3.854179978370666504e-01
3.851274996995925903e-01
3.841893970966339111e-01
3.828629851341247559e-01
3.862057626247406006e-01
3.897179514169692993e-01
3.886685222387313843e-01
3.866276443004608154e-01
3.857264965772628784e-01
3.854510039091110229e-01
3.856354355812072754e-01
3.853218555450439453e-01
3.847111761569976807e-01
3.834320604801177979e-01
3.819802701473236084e-01
3.822510838508605957e-01
3.840592205524444580e-01
3.843767344951629639e-01
3.813496679067611694e-01
3.819927126169204712e-01
3.830487728118896484e-01
3.832057118415832520e-01
3.834050297737121582e-01
3.813784271478652954e-01
3.807126134634017944e-01
3.836451619863510132e-01
3.855023086071014404e-01
3.846931755542755127e-01
3.839042931795120239e-01
3.878971338272094727e-01
3.935330957174301147e-01
3.913673609495162964e-01
3.856159448623657227e-01
3.849111050367355347e-01
3.857381194829940796e-01
3.848073333501815796e-01
3.822664916515350342e-01
3.833137452602386475e-01
3.894774615764617920e-01
3.892811834812164307e-01
3.828715980052947998e-01
3.822785317897796631e-01
3.845434486865997314e-01
3.848266303539276123e-01
3.827943503856658936e-01
3.806105852127075195e-01
3.911491185426712036e-01
4.061314165592193604e-01
4.063962548971176147e-01
3.926862925291061401e-01
3.818847984075546265e-01
3.821233808994293213e-01
3.831239640712738037e-01
3.822037428617477417e-01
3.803052902221679688e-01
3.804401010274887085e-01
3.821853101253509521e-01
3.822994679212570190e-01
3.799708038568496704e-01
3.787437379360198975e-01
3.789397031068801880e-01
3.784584254026412964e-01
3.775992095470428467e-01
3.766667246818542480e-01
3.768643587827682495e-01
3.798973709344863892e-01
3.803870677947998047e-01
3.783672153949737549e-01
3.775915354490280151e-01
3.770348280668258667e-01
3.768052756786346436e-01
3.790849745273590088e-01
3.810632824897766113e-01
3.797200918197631836e-01
3.772800564765930176e-01
3.778136223554611206e-01
3.787610530853271484e-01
3.789319992065429688e-01
3.806702196598052979e-01
3.809019476175308228e-01
3.785483092069625854e-01
3.790507316589355469e-01
3.807234466075897217e-01
3.805361986160278320e-01
3.796894252300262451e-01
3.801537156105041504e-01
3.814433068037033081e-01
3.799755573272705078e-01
3.789795637130737305e-01
3.801470100879669189e-01
3.808329552412033081e-01
3.790185451507568359e-01
3.770700097084045410e-01
3.771043270826339722e-01
3.769170045852661133e-01
3.748882859945297241e-01
3.738973736763000488e-01
3.739981651306152344e-01
3.737545460462570190e-01
3.738637268543243408e-01
3.747632354497909546e-01
3.743474781513214111e-01
3.744992166757583618e-01
3.751930445432662964e-01
3.753307312726974487e-01
3.745762705802917480e-01
3.740366846323013306e-01
3.739258795976638794e-01
3.740678429603576660e-01
3.743650913238525391e-01
3.747111111879348755e-01
3.747317641973495483e-01
3.747300505638122559e-01
3.754060268402099609e-01
3.745850026607513428e-01
3.719399720430374146e-01
3.729830980300903320e-01
3.742245286703109741e-01
3.733594715595245361e-01
3.720927536487579346e-01
3.742521554231643677e-01
3.745613694190979004e-01
3.721635639667510986e-01
3.726144134998321533e-01
3.732623904943466187e-01
3.725351095199584961e-01
3.723890930414199829e-01
3.781971335411071777e-01
3.834906965494155884e-01
3.803014159202575684e-01
3.739639967679977417e-01
3.736533522605895996e-01
3.753173947334289551e-01
3.752931356430053711e-01
3.743729144334793091e-01
3.766219317913055420e-01
3.799926638603210449e-01
3.782381564378738403e-01
3.749822080135345459e-01
3.748763203620910645e-01
3.756852298974990845e-01
3.751000910997390747e-01
3.740804940462112427e-01
3.752230554819107056e-01
3.766779303550720215e-01
3.741719275712966919e-01
3.712770193815231323e-01
3.709527552127838135e-01
3.698606193065643311e-01
3.698630034923553467e-01
3.779604285955429077e-01
3.839473426342010498e-01
3.791949003934860229e-01
3.708779513835906982e-01
3.693744093179702759e-01
3.716647922992706299e-01
3.730109632015228271e-01
3.723507076501846313e-01
3.708027601242065430e-01
3.711121678352355957e-01
3.710741996765136719e-01
3.721738904714584351e-01
3.727741092443466187e-01
3.722077608108520508e-01
3.709051907062530518e-01
3.709290772676467896e-01
3.722449839115142822e-01
3.723611235618591309e-01
3.727455139160156250e-01
3.721907883882522583e-01
3.699140101671218872e-01
3.690265119075775146e-01
3.719811141490936279e-01
3.739711046218872070e-01
3.695416748523712158e-01
3.673647642135620117e-01
3.682256489992141724e-01
3.680926859378814697e-01
3.677438944578170776e-01
3.672765493392944336e-01
3.665168285369873047e-01
3.671983927488327026e-01
3.695100098848342896e-01
3.704474717378616333e-01
3.709575384855270386e-01
3.756564855575561523e-01
3.790487945079803467e-01
3.777938783168792725e-01
3.748945742845535278e-01
3.734861165285110474e-01
3.724506199359893799e-01
3.697401583194732666e-01
3.675421774387359619e-01
3.674478381872177124e-01
3.683776259422302246e-01
3.675718754529953003e-01
3.681624233722686768e-01
3.690441846847534180e-01
3.681475520133972168e-01
3.682331144809722900e-01
3.718942701816558838e-01
3.729603886604309082e-01
3.680634796619415283e-01
3.658088445663452148e-01
3.682102859020233154e-01
3.698310554027557373e-01
3.684771806001663208e-01
3.653508722782135010e-01
3.654980659484863281e-01
3.695101439952850342e-01
3.685194402933120728e-01
3.660368919372558594e-01
3.663218766450881958e-01
3.675133734941482544e-01
3.667145967483520508e-01
3.648443818092346191e-01
3.654287755489349365e-01
3.669982254505157471e-01
3.657215684652328491e-01
3.640943020582199097e-01
3.638136684894561768e-01
3.648610115051269531e-01
3.644642531871795654e-01
3.637628406286239624e-01
3.647015392780303955e-01
3.647491931915283203e-01
3.637076765298843384e-01
3.645994663238525391e-01
3.656783699989318848e-01
3.656999766826629639e-01
3.677974939346313477e-01
3.693548887968063354e-01
3.689972758293151855e-01
3.697989135980606079e-01
3.706592470407485962e-01
3.692026287317276001e-01
3.670255094766616821e-01
3.691146969795227051e-01
3.702652454376220703e-01
3.686100542545318604e-01
3.656259030103683472e-01
3.651462793350219727e-01
3.706272393465042114e-01
3.733754456043243408e-01
3.699293434619903564e-01
3.662790209054946899e-01
3.662498891353607178e-01
3.649049848318099976e-01
3.626878559589385986e-01
3.623539507389068604e-01
3.635083138942718506e-01
3.624488562345504761e-01
3.616740703582763672e-01
3.617246150970458984e-01
3.618796616792678833e-01
3.619364202022552490e-01
3.662495315074920654e-01
3.689367771148681641e-01
3.649977445602416992e-01
3.613717257976531982e-01
3.626072704792022705e-01
3.637543022632598877e-01
3.630923628807067871e-01
3.619576990604400635e-01
3.616153895854949951e-01
3.611525595188140869e-01
3.606538325548171997e-01
3.603196442127227783e-01
3.608345091342926025e-01
3.607947826385498047e-01
3.604800701141357422e-01
3.612112849950790405e-01
3.611410111188888550e-01
3.606758713722229004e-01
3.635498583316802979e-01
3.642621189355850220e-01
3.611596822738647461e-01
3.606320768594741821e-01
3.606923222541809082e-01
3.613545596599578857e-01
3.634452521800994873e-01
3.654712289571762085e-01
3.635907769203186035e-01
3.621246516704559326e-01
3.639397323131561279e-01
3.644326180219650269e-01
3.626749217510223389e-01
3.594915717840194702e-01
3.601981550455093384e-01
3.637050390243530273e-01
3.621679693460464478e-01
3.587833940982818604e-01
3.602201640605926514e-01
3.617832213640213013e-01
3.609256297349929810e-01
3.582678735256195068e-01
3.599343001842498779e-01
3.640704452991485596e-01
3.624038249254226685e-01
3.582164645195007324e-01
3.581805676221847534e-01
3.590747714042663574e-01
3.598215579986572266e-01
3.616896569728851318e-01
3.616278022527694702e-01
3.602358996868133545e-01
3.614453673362731934e-01
3.628166466951370239e-01
3.617264926433563232e-01
3.588257879018783569e-01
3.591817766427993774e-01
3.611991405487060547e-01
3.609263300895690918e-01
3.612358868122100830e-01
3.603326678276062012e-01
3.583151847124099731e-01
3.569523394107818604e-01
3.576290458440780640e-01
3.577772229909896851e-01
3.564407676458358765e-01
3.560424149036407471e-01
3.566135019063949585e-01
3.578724712133407593e-01
3.582276403903961182e-01
3.583883345127105713e-01
3.578287363052368164e-01
3.567398786544799805e-01
3.584816604852676392e-01
3.612826019525527954e-01
3.624358028173446655e-01
3.606618493795394897e-01
3.591793179512023926e-01
3.584020435810089111e-01
3.581609874963760376e-01
3.586252629756927490e-01
3.573556095361709595e-01
3.558652698993682861e-01
3.569650053977966309e-01
3.589191883802413940e-01
3.587199896574020386e-01
3.562558293342590332e-01
3.556126803159713745e-01
3.573967814445495605e-01
3.589754700660705566e-01
3.597437590360641479e-01
3.586764037609100342e-01
3.571604043245315552e-01
3.587004989385604858e-01
3.603629171848297119e-01
3.591125607490539551e-01
3.573181778192520142e-01
3.567778021097183228e-01
3.558991253376007080e-01
3.560990989208221436e-01
3.557979762554168701e-01
3.557765483856201172e-01
3.557748198509216309e-01
3.547798693180084229e-01
3.548165261745452881e-01
3.553766012191772461e-01
3.547640442848205566e-01
3.549190908670425415e-01
3.543153256177902222e-01
3.543055653572082520e-01
3.547886312007904053e-01
3.545390814542770386e-01
3.554858267307281494e-01
3.561003208160400391e-01
3.558841198682785034e-01
3.574475347995758057e-01
3.583535403013229370e-01
3.574199676513671875e-01
3.567737191915512085e-01
3.566353917121887207e-01
3.568681925535202026e-01
3.581110686063766479e-01
3.605362772941589355e-01
3.599053621292114258e-01
3.571045100688934326e-01
3.571975529193878174e-01
3.604572415351867676e-01
3.618021011352539062e-01
3.602049797773361206e-01
3.574639856815338135e-01
3.547314554452896118e-01
3.534215390682220459e-01
3.531100898981094360e-01
3.544212281703948975e-01
3.553884923458099365e-01
3.552878201007843018e-01
3.545354455709457397e-01
3.541554063558578491e-01
3.545345515012741089e-01
3.530664443969726562e-01
3.525101244449615479e-01
3.534376323223114014e-01
3.535744845867156982e-01
3.521427065134048462e-01
3.518707156181335449e-01
3.605357408523559570e-01
3.668992221355438232e-01
3.621373325586318970e-01
3.548857122659683228e-01
3.555653989315032959e-01
3.571019768714904785e-01
3.561442345380783081e-01
3.544176667928695679e-01
3.533630967140197754e-01
3.540022969245910645e-01
3.540354073047637939e-01
3.534728586673736572e-01
3.537045717239379883e-01
3.549325317144393921e-01
3.557081818580627441e-01
3.574177920818328857e-01
3.584720939397811890e-01
3.558928668498992920e-01
3.544938564300537109e-01
3.553969562053680420e-01
3.557488769292831421e-01
3.541136533021926880e-01
3.517574965953826904e-01
3.510417044162750244e-01
3.528335988521575928e-01
3.515188992023468018e-01
3.515021204948425293e-01
3.524183481931686401e-01
3.522530645132064819e-01
3.516370356082916260e-01
3.512552976608276367e-01
3.502453267574310303e-01
3.497139513492584229e-01
3.504115343093872070e-01
3.503094613552093506e-01
3.494567573070526123e-01
3.501993715763092041e-01
3.515827357769012451e-01
3.522709310054779053e-01
3.509074747562408447e-01
3.488037884235382080e-01
3.499301820993423462e-01
3.525440096855163574e-01
3.539532721042633057e-01
3.534846901893615723e-01
3.518139272928237915e-01
3.514835238456726074e-01
3.523305952548980713e-01
3.518930524587631226e-01
3.513642847537994385e-01
3.514233380556106567e-01
3.514243215322494507e-01
3.505300879478454590e-01
3.490111678838729858e-01
3.486428558826446533e-01
3.537348508834838867e-01
3.554373234510421753e-01
3.512347936630249023e-01
3.487781733274459839e-01
3.502781689167022705e-01
3.530628979206085205e-01
3.539366722106933594e-01
3.521853983402252197e-01
3.493910282850265503e-01
3.511848151683807373e-01
3.573392629623413086e-01
3.566991984844207764e-01
3.501465022563934326e-01
3.474992215633392334e-01
3.496271818876266479e-01
3.515880405902862549e-01
3.513585627079010010e-01
3.489212393760681152e-01
3.472898304462432861e-01
3.489632010459899902e-01
3.497847765684127808e-01
3.512592464685440063e-01
3.516031801700592041e-01
3.500592410564422607e-01
3.498870134353637695e-01
3.482648432254791260e-01
3.484694361686706543e-01
3.500131368637084961e-01
3.488145321607589722e-01
3.465089201927185059e-01
3.483541309833526611e-01
3.499657809734344482e-01
3.489666581153869629e-01
3.461264222860336304e-01
3.466477096080780029e-01
3.503187000751495361e-01
3.483388125896453857e-01
3.452666103839874268e-01
3.459600806236267090e-01
3.457217514514923096e-01
3.458606004714965820e-01
3.454547822475433350e-01
3.465765118598937988e-01
3.491896241903305054e-01
3.492828458547592163e-01
3.480735570192337036e-01
3.511151969432830811e-01
3.537352681159973145e-01
3.535203635692596436e-01
3.518225997686386108e-01
3.507894724607467651e-01
3.505446016788482666e-01
3.492253273725509644e-01
3.474929630756378174e-01
3.469245135784149170e-01
3.464498519897460938e-01
3.459834605455398560e-01
3.463507592678070068e-01
3.465138971805572510e-01
3.448769450187683105e-01
3.449203819036483765e-01
3.453643620014190674e-01
3.452063500881195068e-01
3.465708643198013306e-01
3.513464778661727905e-01
3.505468070507049561e-01
3.460522741079330444e-01
3.450904488563537598e-01
3.459865301847457886e-01
3.455175459384918213e-01
3.458091020584106445e-01
3.481323868036270142e-01
3.481972962617874146e-01
3.458289504051208496e-01
3.459518104791641235e-01
3.485356867313385010e-01
3.495212346315383911e-01
3.475706130266189575e-01
3.454855382442474365e-01
3.460155427455902100e-01
3.488033413887023926e-01
3.503589034080505371e-01
3.497702628374099731e-01
3.470360189676284790e-01
3.440951406955718994e-01
3.434862196445465088e-01
3.441956043243408203e-01
3.436943292617797852e-01
3.429814875125885010e-01
3.447985351085662842e-01
3.496695309877395630e-01
3.533383905887603760e-01
3.547416478395462036e-01
3.545267879962921143e-01
3.530723303556442261e-01
3.490491658449172974e-01
3.494765162467956543e-01
3.523571193218231201e-01
3.514332324266433716e-01
3.471180051565170288e-01
3.446710109710693359e-01
3.457393199205398560e-01
3.462393730878829956e-01
3.463970720767974854e-01
3.446882069110870361e-01
3.431253433227539062e-01
3.429232984781265259e-01
3.443095237016677856e-01
3.457834273576736450e-01
3.439829051494598389e-01
3.419284522533416748e-01
3.445126116275787354e-01
3.476478755474090576e-01
3.478241562843322754e-01
3.458640277385711670e-01
3.452833890914916992e-01
3.468876183032989502e-01
3.446087390184402466e-01
3.427211046218872070e-01
3.453446775674819946e-01
3.504595309495925903e-01
3.526981025934219360e-01
3.513980358839035034e-01
3.480402529239654541e-01
3.451124131679534912e-01
3.463485240936279297e-01
3.476228266954421997e-01
3.446975350379943848e-01
3.430107533931732178e-01
3.430686146020889282e-01
3.425683975219726562e-01
3.417901992797851562e-01
3.433174937963485718e-01
3.458425402641296387e-01
3.443313539028167725e-01
3.413835167884826660e-01
3.420428931713104248e-01
3.431324660778045654e-01
3.439599722623825073e-01
3.425031751394271851e-01
3.409195244312286377e-01
3.409679830074310303e-01
3.411366641521453857e-01
3.427753001451492310e-01
3.450839668512344360e-01
3.467557430267333984e-01
3.456838428974151611e-01
3.433079719543457031e-01
3.424040377140045166e-01
3.429323583841323853e-01
3.420998156070709229e-01
3.405533134937286377e-01
3.420422971248626709e-01
3.442769050598144531e-01
3.422517031431198120e-01
3.426677286624908447e-01
3.436262905597686768e-01
3.427421301603317261e-01
3.401520997285842896e-01
3.397893011569976807e-01
3.466010242700576782e-01
3.509087711572647095e-01
3.464529365301132202e-01
3.406528383493423462e-01
3.406163752079010010e-01
3.418241441249847412e-01
3.419380187988281250e-01
3.415871709585189819e-01
3.418231904506683350e-01
3.418853580951690674e-01
3.394516110420227051e-01
3.396228551864624023e-01
3.406009972095489502e-01
3.401417434215545654e-01
3.403420597314834595e-01
3.442804813385009766e-01
3.444643020629882812e-01
3.422154486179351807e-01
3.435492664575576782e-01
3.450376689434051514e-01
3.440807610750198364e-01
3.418307155370712280e-01
3.399520069360733032e-01
3.409460484981536865e-01
3.416308760643005371e-01
3.401367962360382080e-01
3.404649496078491211e-01
3.414470255374908447e-01
3.419849574565887451e-01
3.416739404201507568e-01
3.417610228061676025e-01
3.422427773475646973e-01
3.419489562511444092e-01
3.422549515962600708e-01
3.412224799394607544e-01
3.414749950170516968e-01
3.402872979640960693e-01
3.392707407474517822e-01
3.378837406635284424e-01
3.376464098691940308e-01
3.381379246711730957e-01
3.392910659313201904e-01
3.388159424066543579e-01
3.393090516328811646e-01
3.396696895360946655e-01
3.388190418481826782e-01
3.382441252470016479e-01
3.384833782911300659e-01
3.388190269470214844e-01
3.405536115169525146e-01
3.417554497718811035e-01
3.404309749603271484e-01
3.391233086585998535e-01
3.394964337348937988e-01
3.414957076311111450e-01
3.400687724351882935e-01
3.388956040143966675e-01
3.385255783796310425e-01
3.373917639255523682e-01
3.373873829841613770e-01
3.374503701925277710e-01
3.367199450731277466e-01
3.375642597675323486e-01
3.425920307636260986e-01
3.474952876567840576e-01
3.451933860778808594e-01
3.423003107309341431e-01
3.409721553325653076e-01
3.388251066207885742e-01
3.372407555580139160e-01
3.376362472772598267e-01
3.380131423473358154e-01
3.372490257024765015e-01
3.370281159877777100e-01
3.373477309942245483e-01
3.380991220474243164e-01
3.393640667200088501e-01
3.388353139162063599e-01
3.370833545923233032e-01
3.368396461009979248e-01
3.371586948633193970e-01
3.370359987020492554e-01
3.387611359357833862e-01
3.408532291650772095e-01
3.420971781015396118e-01
3.426381349563598633e-01
3.420756161212921143e-01
3.404280543327331543e-01
3.386048823595046997e-01
3.361241817474365234e-01
3.348901420831680298e-01
3.369241356849670410e-01
3.393297493457794189e-01
3.399559408426284790e-01
3.409745395183563232e-01
3.437966257333755493e-01
3.423828780651092529e-01
3.389142453670501709e-01
3.383648246526718140e-01
3.380519747734069824e-01
3.366373330354690552e-01
3.346600085496902466e-01
3.378084003925323486e-01
3.439907282590866089e-01
3.444085121154785156e-01
3.421989977359771729e-01
3.434148132801055908e-01
3.455347865819931030e-01
3.446131050586700439e-01
3.409981131553649902e-01
3.375987857580184937e-01
3.371190875768661499e-01
3.363089561462402344e-01
3.347472846508026123e-01
3.346275389194488525e-01
3.347882181406021118e-01
3.349328488111495972e-01
3.346741199493408203e-01
3.344118893146514893e-01
3.346582949161529541e-01
3.335215747356414795e-01
3.334321081638336182e-01
3.354931324720382690e-01
3.375042676925659180e-01
3.374578207731246948e-01
3.376192152500152588e-01
3.409587591886520386e-01
3.430023789405822754e-01
3.392524123191833496e-01
3.362213075160980225e-01
3.383684605360031128e-01
3.403159826993942261e-01
3.393782079219818115e-01
3.363140225410461426e-01
3.368665575981140137e-01
3.410882353782653809e-01
3.404851555824279785e-01
3.384533524513244629e-01
3.390128612518310547e-01
3.395503610372543335e-01
3.389916568994522095e-01
3.375672698020935059e-01
3.388531953096389771e-01
3.395097106695175171e-01
3.359009325504302979e-01
3.342168182134628296e-01
3.343967944383621216e-01
3.358140587806701660e-01
3.353862017393112183e-01
3.342989832162857056e-01
3.367765247821807861e-01
3.393677622079849243e-01
3.362506031990051270e-01
3.336209207773208618e-01
3.348347097635269165e-01
3.363868445158004761e-01
3.356740474700927734e-01
3.345378786325454712e-01
3.343321233987808228e-01
3.343975245952606201e-01
3.331867456436157227e-01
3.331849277019500732e-01
3.331340849399566650e-01
3.335227519273757935e-01
3.334383070468902588e-01
3.331486880779266357e-01
3.351062536239624023e-01
3.369594365358352661e-01
3.358541727066040039e-01
3.346139490604400635e-01
3.339439183473587036e-01
3.326470553874969482e-01
3.325080275535583496e-01
3.366640508174896240e-01
3.400776088237762451e-01
3.366628289222717285e-01
3.328868448734283447e-01
3.364026844501495361e-01
3.400078415870666504e-01
3.399173319339752197e-01
3.365734964609146118e-01
3.335701823234558105e-01
3.419173210859298706e-01
3.552845269441604614e-01
3.551429510116577148e-01
3.437137603759765625e-01
3.356782495975494385e-01
3.375366479158401489e-01
3.413799107074737549e-01
3.437585532665252686e-01
3.429062664508819580e-01
3.390125334262847900e-01
3.354294300079345703e-01
3.367118984460830688e-01
3.375114202499389648e-01
3.342893421649932861e-01
3.329693675041198730e-01
3.329863548278808594e-01
3.318921923637390137e-01
3.302795290946960449e-01
3.343887925148010254e-01
3.422252982854843140e-01
3.415025472640991211e-01
3.336010128259658813e-01
3.305887430906295776e-01
3.321914523839950562e-01
3.327006399631500244e-01
3.324982523918151855e-01
3.314646333456039429e-01
3.312473595142364502e-01
3.310891985893249512e-01
3.315142393112182617e-01
3.328497558832168579e-01
3.331952095031738281e-01
3.347491472959518433e-01
3.337396532297134399e-01
3.313361108303070068e-01
3.301199674606323242e-01
3.309420347213745117e-01
3.310199826955795288e-01
3.309263586997985840e-01
3.310425728559494019e-01
3.316062241792678833e-01
3.357335180044174194e-01
3.376566916704177856e-01
3.367035835981369019e-01
3.356007784605026245e-01
3.342183828353881836e-01
3.321217894554138184e-01
3.329608738422393799e-01
3.339566737413406372e-01
3.315733671188354492e-01
3.303974866867065430e-01
3.318450003862380981e-01
3.344186693429946899e-01
3.353478014469146729e-01
3.346892893314361572e-01
3.338449448347091675e-01
3.329555541276931763e-01
3.325629234313964844e-01
3.325019776821136475e-01
3.332725912332534790e-01
3.325137495994567871e-01
3.331582993268966675e-01
3.345224261283874512e-01
3.324225097894668579e-01
3.318895250558853149e-01
3.322077989578247070e-01
3.310050368309020996e-01
3.298842608928680420e-01
3.293763399124145508e-01
3.304597139358520508e-01
3.303668498992919922e-01
3.290137350559234619e-01
3.300554603338241577e-01
3.349971473217010498e-01
3.373289406299591064e-01
3.361850529909133911e-01
3.327277004718780518e-01
3.326065540313720703e-01
3.376374393701553345e-01
3.392046838998794556e-01
3.360728919506072998e-01
3.358704149723052979e-01
3.373960703611373901e-01
3.366960138082504272e-01
3.346514105796813965e-01
3.347079753875732422e-01
3.345965743064880371e-01
3.314391672611236572e-01
3.293949812650680542e-01
3.294731676578521729e-01
3.296446800231933594e-01
3.324537724256515503e-01
3.343357741832733154e-01
3.323340117931365967e-01
3.312702924013137817e-01
3.312698006629943848e-01
3.308235108852386475e-01
3.304950743913650513e-01
3.311897218227386475e-01
3.323491811752319336e-01
3.325652182102203369e-01
3.295868039131164551e-01
3.290812671184539795e-01
3.303700089454650879e-01
3.309580087661743164e-01
3.306270390748977661e-01
3.316904604434967041e-01
3.335241973400115967e-01
3.347982466220855713e-01
3.375769257545471191e-01
3.376762568950653076e-01
3.384290337562561035e-01
3.387512117624282837e-01
3.387667834758758545e-01
3.371599316596984863e-01
3.350595384836196899e-01
3.333436101675033569e-01
3.310578167438507080e-01
3.291709274053573608e-01
3.286388665437698364e-01
3.282004445791244507e-01
3.285838514566421509e-01
3.298449218273162842e-01
3.299338370561599731e-01
3.301602900028228760e-01
3.308124989271163940e-01
3.314688056707382202e-01
3.317791372537612915e-01
3.324707001447677612e-01
3.337328135967254639e-01
3.321557641029357910e-01
3.308745026588439941e-01
3.310531526803970337e-01
3.308509290218353271e-01
3.301741033792495728e-01
3.324559777975082397e-01
3.344992250204086304e-01
3.314798623323440552e-01
3.295402526855468750e-01
3.327724486589431763e-01
3.343180418014526367e-01
3.330584466457366943e-01
3.296816498041152954e-01
3.276973664760589600e-01
3.301675319671630859e-01
3.305927664041519165e-01
3.296984881162643433e-01
3.288082182407379150e-01
3.282820135354995728e-01
3.283046334981918335e-01
3.280499875545501709e-01
3.273450136184692383e-01
3.288569450378417969e-01
3.311013132333755493e-01
3.326540142297744751e-01
3.357901424169540405e-01
3.382085263729095459e-01
3.380845487117767334e-01
3.362940102815628052e-01
3.383318930864334106e-01
3.414763361215591431e-01
3.411912620067596436e-01
3.383319377899169922e-01
3.350290209054946899e-01
3.313655853271484375e-01
3.282322585582733154e-01
3.272248357534408569e-01
3.271052539348602295e-01
3.266861289739608765e-01
3.273225426673889160e-01
3.291101306676864624e-01
3.302844762802124023e-01
3.313985019922256470e-01
3.306092321872711182e-01
3.282258361577987671e-01
3.268729150295257568e-01
3.296916484832763672e-01
3.320699930191040039e-01
3.318890035152435303e-01
3.307355940341949463e-01
3.331619203090667725e-01
3.362565487623214722e-01
3.369651287794113159e-01
3.355651050806045532e-01
3.337608426809310913e-01
3.308119028806686401e-01
3.287305533885955811e-01
3.282284736633300781e-01
3.272790312767028809e-01
3.282341510057449341e-01
3.313347101211547852e-01
3.317347317934036255e-01
3.324980437755584717e-01
3.333524614572525024e-01
3.315179049968719482e-01
3.299219310283660889e-01
3.313362300395965576e-01
3.329764604568481445e-01
3.311746120452880859e-01
3.297734558582305908e-01
3.305592685937881470e-01
3.312852680683135986e-01
3.302154541015625000e-01
3.281629979610443115e-01
3.306958377361297607e-01
3.353027701377868652e-01
3.333475291728973389e-01
3.281873762607574463e-01
3.280473798513412476e-01
3.296882659196853638e-01
3.283330500125885010e-01
3.258924484252929688e-01
3.267710208892822266e-01
3.294474035501480103e-01
3.302535563707351685e-01
3.298764675855636597e-01
3.282328248023986816e-01
3.286825120449066162e-01
3.297416567802429199e-01
3.287896811962127686e-01
3.267106413841247559e-01
3.260784298181533813e-01
3.266768306493759155e-01
3.266419172286987305e-01
3.255002051591873169e-01
3.253429085016250610e-01
3.253852128982543945e-01
3.265025913715362549e-01
3.273030221462249756e-01
3.263444453477859497e-01
3.259544372558593750e-01
3.261771202087402344e-01
3.252835869789123535e-01
3.241239786148071289e-01
3.249873071908950806e-01
3.253004103899002075e-01
3.259585499763488770e-01
3.266959786415100098e-01
3.274337351322174072e-01
3.290697038173675537e-01
3.299091458320617676e-01
3.283390402793884277e-01
3.260184824466705322e-01
3.269730657339096069e-01
3.284941911697387695e-01
3.289002180099487305e-01
3.287341147661209106e-01
3.299308568239212036e-01
3.311213850975036621e-01
3.304681479930877686e-01
3.288470357656478882e-01
3.287205398082733154e-01
3.286323547363281250e-01
3.257699012756347656e-01
3.247503638267517090e-01
3.250516355037689209e-01
3.251681923866271973e-01
3.251556307077407837e-01
3.262317478656768799e-01
3.273364156484603882e-01
3.294119387865066528e-01
3.305049687623977661e-01
3.301734626293182373e-01
3.300701379776000977e-01
3.319444954395294189e-01
3.349844813346862793e-01
3.323011696338653564e-01
3.267744928598403931e-01
3.268194347620010376e-01
3.282445669174194336e-01
3.279399573802947998e-01
3.268538117408752441e-01
3.248803913593292236e-01
3.283845037221908569e-01
3.336832970380783081e-01
3.310787677764892578e-01
3.262517452239990234e-01
3.268622010946273804e-01
3.276660144329071045e-01
3.267360329627990723e-01
3.253114819526672363e-01
3.264937698841094971e-01
3.308346420526504517e-01
3.332646042108535767e-01
3.300766348838806152e-01
3.261768221855163574e-01
3.268997669219970703e-01
3.272364884614944458e-01
3.283644616603851318e-01
3.273387849330902100e-01
3.245462179183959961e-01
3.244302272796630859e-01
3.275745064020156860e-01
3.279565125703811646e-01
3.265254795551300049e-01
3.249277919530868530e-01
3.263906389474868774e-01
3.273983597755432129e-01
3.268502503633499146e-01
3.259384036064147949e-01
3.241580724716186523e-01
3.222249597311019897e-01
3.224351108074188232e-01
3.229571431875228882e-01
3.234356045722961426e-01
3.265491724014282227e-01
3.293992280960083008e-01
3.296358734369277954e-01
3.316478878259658813e-01
3.323396444320678711e-01
3.300240635871887207e-01
3.266709595918655396e-01
3.277916759252548218e-01
3.300335556268692017e-01
3.287278860807418823e-01
3.251623809337615967e-01
3.260135203599929810e-01
3.277019560337066650e-01
3.269845843315124512e-01
3.245325535535812378e-01
3.236731588840484619e-01
3.260232508182525635e-01
3.243495672941207886e-01
3.210960030555725098e-01
3.211887478828430176e-01
3.215974867343902588e-01
3.212849795818328857e-01
3.216756731271743774e-01
3.231381773948669434e-01
3.246833384037017822e-01
3.257198929786682129e-01
3.258522748947143555e-01
3.247042745351791382e-01
3.235090225934982300e-01
3.230754584074020386e-01
3.229699134826660156e-01
3.234640061855316162e-01
3.222773224115371704e-01
3.234679996967315674e-01
3.247596174478530884e-01
3.239579200744628906e-01
3.228495866060256958e-01
3.228927254676818848e-01
3.239325284957885742e-01
3.225468993186950684e-01
3.207656294107437134e-01
3.219250291585922241e-01
3.234058618545532227e-01
3.223114013671875000e-01
3.208034634590148926e-01
3.240089118480682373e-01
3.281547427177429199e-01
3.262744843959808350e-01
3.233686834573745728e-01
3.258592486381530762e-01
3.283719122409820557e-01
3.277203738689422607e-01
3.249582946300506592e-01
3.220583200454711914e-01
3.297796994447708130e-01
3.458428382873535156e-01
3.479793518781661987e-01
3.348411023616790771e-01
3.239242434501647949e-01
3.267030566930770874e-01
3.314048051834106445e-01
3.322706222534179688e-01
3.293772041797637939e-01
3.241242617368698120e-01
3.219615370035171509e-01
3.248886615037918091e-01
3.243868350982666016e-01
3.209805339574813843e-01
3.214848637580871582e-01
3.231330960988998413e-01
3.263909816741943359e-01
3.276834487915039062e-01
3.277730643749237061e-01
3.274845778942108154e-01
3.257277309894561768e-01
3.229553699493408203e-01
3.236005604267120361e-01
3.255230486392974854e-01
3.254550695419311523e-01
3.234425485134124756e-01
3.226131796836853027e-01
3.292497843503952026e-01
3.329582810401916504e-01
3.263905942440032959e-01
3.204177618026733398e-01
3.203091025352478027e-01
3.223789036273956299e-01
3.227873891592025757e-01
3.215138763189315796e-01
3.199951201677322388e-01
3.258934020996093750e-01
3.342004716396331787e-01
3.331127017736434937e-01
3.285665214061737061e-01
3.278927803039550781e-01
3.273027539253234863e-01
3.251830786466598511e-01
3.234964907169342041e-01
3.238760828971862793e-01
3.229593932628631592e-01
3.219360113143920898e-01
3.224899917840957642e-01
3.232531845569610596e-01
3.251260221004486084e-01
3.259098827838897705e-01
3.250501751899719238e-01
3.225983828306198120e-01
3.223314881324768066e-01
3.308422416448593140e-01
3.379903137683868408e-01
3.339521288871765137e-01
3.251560777425765991e-01
3.208568990230560303e-01
3.222319036722183228e-01
3.245820552110671997e-01
3.242771625518798828e-01
3.227670937776565552e-01
3.214399665594100952e-01
3.219684511423110962e-01
3.215590864419937134e-01
3.209688663482666016e-01
3.208129853010177612e-01
3.211773633956909180e-01
3.221610188484191895e-01
3.250880241394042969e-01
3.297352045774459839e-01
3.310194909572601318e-01
3.303873986005783081e-01
3.295695185661315918e-01
3.278380036354064941e-01
3.271233737468719482e-01
3.267052173614501953e-01
3.256895840167999268e-01
3.241038918495178223e-01
3.246455490589141846e-01
3.276317864656448364e-01
3.286565840244293213e-01
3.269827663898468018e-01
3.234382718801498413e-01
3.202595710754394531e-01
3.195322901010513306e-01
3.198558986186981201e-01
3.209677040576934814e-01
3.221584111452102661e-01
3.222022801637649536e-01
3.215224742889404297e-01
3.230660706758499146e-01
3.236122131347656250e-01
3.219610154628753662e-01
3.200637400150299072e-01
3.208118826150894165e-01
3.232017606496810913e-01
3.229563832283020020e-01
3.222207427024841309e-01
3.252798765897750854e-01
3.278997540473937988e-01
3.271248489618301392e-01
3.246298283338546753e-01
3.254708647727966309e-01
3.284510523080825806e-01
3.258429169654846191e-01
3.226929306983947754e-01
3.224296569824218750e-01
3.217734098434448242e-01
3.216357082128524780e-01
3.219407498836517334e-01
3.216043412685394287e-01
3.203030526638031006e-01
3.192394673824310303e-01
3.190656006336212158e-01
3.184385299682617188e-01
3.180724829435348511e-01
3.184486031532287598e-01
3.206089586019515991e-01
3.241721540689468384e-01
3.255787193775177002e-01
3.242662996053695679e-01
3.220521509647369385e-01
3.211940973997116089e-01
3.218884766101837158e-01
3.215017467737197876e-01
3.203695118427276611e-01
3.204684257507324219e-01
3.227057605981826782e-01
3.240101933479309082e-01
3.239811956882476807e-01
3.234418034553527832e-01
3.208092898130416870e-01
3.191040903329849243e-01
3.203160315752029419e-01
3.207554370164871216e-01
3.200043290853500366e-01
3.203447461128234863e-01
3.211048096418380737e-01
3.214980065822601318e-01
3.206102252006530762e-01
3.211473673582077026e-01
3.244568556547164917e-01
3.230130523443222046e-01
3.203681558370590210e-01
3.217696994543075562e-01
3.226354271173477173e-01
3.214122503995895386e-01
3.200832158327102661e-01
3.255349844694137573e-01
3.334993720054626465e-01
3.322631120681762695e-01
3.271398246288299561e-01
3.269257098436355591e-01
3.284504562616348267e-01
3.275552690029144287e-01
3.252009004354476929e-01
3.220110088586807251e-01
3.205070048570632935e-01
3.194073736667633057e-01
3.187980353832244873e-01
3.184286355972290039e-01
3.177422583103179932e-01
3.197405785322189331e-01
3.210334777832031250e-01
3.186346590518951416e-01
3.184646815061569214e-01
3.194542080163955688e-01
3.193830847740173340e-01
3.204337060451507568e-01
3.216122984886169434e-01
3.213759362697601318e-01
3.212199211120605469e-01
3.209835588932037354e-01
3.201623409986495972e-01
3.220824599266052246e-01
3.226017355918884277e-01
3.214077502489089966e-01
3.217090219259262085e-01
3.209045678377151489e-01
3.197883814573287964e-01
3.191683292388916016e-01
3.179795444011688232e-01
3.184531629085540771e-01
3.194350600242614746e-01
3.193621933460235596e-01
3.204603046178817749e-01
3.209570497274398804e-01
3.217466324567794800e-01
3.215011209249496460e-01
3.206561952829360962e-01
3.212854862213134766e-01
