4.074243545532226562e+00
3.665493488311767578e+00
4.389746665954589844e+00
4.049786090850830078e+00
3.958761692047119141e+00
7.651735544204711914e-01
8.359320163726806641e-01
7.790565490722656250e-01
7.548339366912841797e-01
4.254149436950683594e+00
2.618935346603393555e+00
3.450243234634399414e+00
2.259070634841918945e+00
3.947314739227294922e+00
1.025004863739013672e+00
1.621531963348388672e+00
3.312699794769287109e+00
1.906566977500915527e+00
1.131913900375366211e+00
3.322770118713378906e+00
9.113287925720214844e-01
9.798781871795654297e-01
3.080877304077148438e+00
8.001723289489746094e-01
2.799301385879516602e+00
7.490012645721435547e-01
9.263882637023925781e-01
3.680155277252197266e+00
2.583671092987060547e+00
4.351912975311279297e+00
1.130300879478454590e+00
4.587141990661621094e+00
1.701511144638061523e+00
7.956717014312744141e-01
3.455596923828125000e+00
2.389811277389526367e+00
2.558694839477539062e+00
9.151939153671264648e-01
4.109753608703613281e+00
3.897088050842285156e+00
1.713589429855346680e+00
3.023993730545043945e+00
1.269404888153076172e+00
2.754091262817382812e+00
9.507045745849609375e-01
2.083258152008056641e+00
4.354836463928222656e+00
4.005965232849121094e+00
3.592625141143798828e+00
7.516245841979980469e-01
2.457263469696044922e+00
7.483768463134765625e-01
3.661666870117187500e+00
3.138511180877685547e+00
7.501075267791748047e-01
8.002754449844360352e-01
7.482249736785888672e-01
4.578469276428222656e+00
1.979115366935729980e+00
1.057838916778564453e+00
2.424458265304565430e+00
8.296343088150024414e-01
3.784651994705200195e+00
7.899985313415527344e-01
9.369330406188964844e-01
1.246801018714904785e+00
1.422327518463134766e+00
2.817740440368652344e+00
1.212653517723083496e+00
7.482547760009765625e-01
9.277229309082031250e-01
3.634804725646972656e+00
3.450339078903198242e+00
1.662575483322143555e+00
4.181225776672363281e+00
1.433927893638610840e+00
1.530091762542724609e+00
2.381255626678466797e+00
8.714864253997802734e-01
2.057192087173461914e+00
2.352098226547241211e+00
1.378502607345581055e+00
1.700111985206604004e+00
2.732313871383666992e+00
7.355656623840332031e-01
1.995974898338317871e+00
4.027983665466308594e+00
9.539450407028198242e-01
3.011236667633056641e+00
3.471127271652221680e+00
8.218953609466552734e-01
3.349318742752075195e+00
3.263961553573608398e+00
1.338109731674194336e+00
4.070027828216552734e+00
7.629202604293823242e-01
3.460695981979370117e+00
3.599232196807861328e+00
3.595497846603393555e+00
2.908683300018310547e+00
8.285679817199707031e-01
3.417996168136596680e+00
1.169038772583007812e+00
3.578427553176879883e+00
3.544820785522460938e+00
3.594187259674072266e+00
7.604600191116333008e-01
2.067356348037719727e+00
2.423671722412109375e+00
9.438445568084716797e-01
3.221308708190917969e+00
2.186823368072509766e+00
3.551466226577758789e+00
4.708548784255981445e-01
4.193304061889648438e+00
1.123868227005004883e+00
8.620266914367675781e-01
1.986680507659912109e+00
7.925938367843627930e-01
1.911802053451538086e+00
2.916008234024047852e+00
2.181699752807617188e+00
1.196178913116455078e+00
1.337651252746582031e+00
7.729790210723876953e-01
1.099154472351074219e+00
3.118305683135986328e+00
2.048507213592529297e+00
1.238624811172485352e+00
7.630082368850708008e-01
4.101847648620605469e+00
1.739179015159606934e+00
1.215299963951110840e+00
7.648783922195434570e-01
3.427736282348632812e+00
7.936677932739257812e-01
1.403986930847167969e+00
8.055140972137451172e-01
2.971282482147216797e+00
8.579068183898925781e-01
9.351751804351806641e-01
1.894423842430114746e+00
3.903065443038940430e+00
2.530343055725097656e+00
9.279572963714599609e-01
1.578992247581481934e+00
3.928355693817138672e+00
3.234299421310424805e+00
1.198376655578613281e+00
3.629877567291259766e+00
1.572604417800903320e+00
1.752768039703369141e+00
3.445951223373413086e+00
1.213610768318176270e+00
1.740525722503662109e+00
9.339108467102050781e-01
7.781112194061279297e-01
3.481157064437866211e+00
6.146360635757446289e-01
7.479864358901977539e-01
3.865605592727661133e+00
4.142057418823242188e+00
3.534153699874877930e+00
2.120102882385253906e+00
8.830004930496215820e-01
2.571639537811279297e+00
1.770185708999633789e+00
8.590536117553710938e-01
1.185516357421875000e+00
1.917351007461547852e+00
2.544401645660400391e+00
1.386749982833862305e+00
3.596659898757934570e+00
7.495058774948120117e-01
3.247636795043945312e+00
8.009767532348632812e-01
3.661699771881103516e+00
9.450627565383911133e-01
7.515441179275512695e-01
8.915381431579589844e-01
1.087567567825317383e+00
3.604205369949340820e+00
1.149483919143676758e+00
1.078872919082641602e+00
2.018826007843017578e+00
2.382937192916870117e+00
1.464163184165954590e+00
3.306577920913696289e+00
1.804593682289123535e+00
8.115698099136352539e-01
1.477509260177612305e+00
9.033877849578857422e-01
3.713608503341674805e+00
1.362714290618896484e+00
9.592573642730712891e-01
1.074777483940124512e+00
1.886894822120666504e+00
3.685901880264282227e+00
2.126072406768798828e+00
1.059111952781677246e+00
3.216859817504882812e+00
2.214986324310302734e+00
7.536845207214355469e-01
1.628461837768554688e+00
2.029328346252441406e+00
3.232519388198852539e+00
7.701292037963867188e-01
1.481807947158813477e+00
3.876691818237304688e+00
2.066923141479492188e+00
3.227238655090332031e+00
7.873209714889526367e-01
2.193912744522094727e+00
2.512471437454223633e+00
2.718641042709350586e+00
3.229959487915039062e+00
1.469546794891357422e+00
7.844363451004028320e-01
4.031137466430664062e+00
2.129960536956787109e+00
1.732577800750732422e+00
2.504552364349365234e+00
1.314092874526977539e+00
1.492638826370239258e+00
7.705653905868530273e-01
2.576528787612915039e+00
1.013300418853759766e+00
8.695273399353027344e-01
7.616262435913085938e-01
3.290216445922851562e+00
1.229265809059143066e+00
8.089314699172973633e-01
7.478853464126586914e-01
3.497233867645263672e+00
8.796188831329345703e-01
7.895498275756835938e-01
1.303014874458312988e+00
1.555801391601562500e+00
7.921335697174072266e-01
1.151892662048339844e+00
5.024973869323730469e+00
4.254228591918945312e+00
1.808170437812805176e+00
3.532121419906616211e+00
2.632056713104248047e+00
1.200485348701477051e+00
9.350003004074096680e-01
4.092286109924316406e+00
2.011497259140014648e+00
1.542086601257324219e+00
2.914967536926269531e+00
3.058804512023925781e+00
8.455489873886108398e-01
8.018398284912109375e-01
1.866629958152770996e+00
7.481478452682495117e-01
2.084194660186767578e+00
1.326215028762817383e+00
3.227528095245361328e+00
8.173769712448120117e-01
1.590403318405151367e+00
1.092470407485961914e+00
2.643332958221435547e+00
1.082998514175415039e+00
4.003555774688720703e+00
3.363624811172485352e+00
3.881415843963623047e+00
7.991544008255004883e-01
8.108944892883300781e-01
3.108886480331420898e+00
1.467602014541625977e+00
2.950270652770996094e+00
2.045958518981933594e+00
1.364034414291381836e+00
4.711086273193359375e+00
3.635178565979003906e+00
3.018274784088134766e+00
7.626767158508300781e-01
7.478318214416503906e-01
1.541475176811218262e+00
3.889968872070312500e+00
3.521362304687500000e+00
4.390236854553222656e+00
4.054135322570800781e+00
1.420215129852294922e+00
3.881311893463134766e+00
3.032119989395141602e+00
3.338192939758300781e+00
1.077780008316040039e+00
8.515304327011108398e-01
3.229774951934814453e+00
1.105948686599731445e+00
4.320246696472167969e+00
2.492110252380371094e+00
1.836866617202758789e+00
1.037949442863464355e+00
8.109078407287597656e-01
2.001002311706542969e+00
3.224705219268798828e+00
3.900518417358398438e+00
2.488037109375000000e+00
7.948077917098999023e-01
2.418042898178100586e+00
7.614721059799194336e-01
7.621865272521972656e-01
2.427791595458984375e+00
3.431443452835083008e+00
4.122391223907470703e+00
4.132939338684082031e+00
1.614717483520507812e+00
1.746027231216430664e+00
9.849898815155029297e-01
1.562271595001220703e+00
7.586138248443603516e-01
4.040819168090820312e+00
1.085305094718933105e+00
9.974031448364257812e-01
1.206395626068115234e+00
2.240621566772460938e+00
2.027109622955322266e+00
7.940932512283325195e-01
1.101951360702514648e+00
2.751639366149902344e+00
3.115065097808837891e+00
2.070344924926757812e+00
1.217062354087829590e+00
2.132216453552246094e+00
1.703773975372314453e+00
1.496449708938598633e+00
1.822567224502563477e+00
3.954386234283447266e+00
2.020005702972412109e+00
4.337350845336914062e+00
7.506903409957885742e-01
7.635626792907714844e-01
3.592638731002807617e+00
1.143421411514282227e+00
3.891039848327636719e+00
2.618512392044067383e+00
1.030650377273559570e+00
8.321806192398071289e-01
1.587788820266723633e+00
1.043616294860839844e+00
1.721785545349121094e+00
8.801056146621704102e-01
3.443370342254638672e+00
4.243183135986328125e+00
2.103908061981201172e+00
2.997577428817749023e+00
4.471067428588867188e+00
3.661570549011230469e+00
9.145722389221191406e-01
3.165347099304199219e+00
1.297746419906616211e+00
7.639303207397460938e-01
1.302664995193481445e+00
3.645195960998535156e+00
7.945315837860107422e-01
4.183384418487548828e+00
4.336023807525634766e+00
9.577426910400390625e-01
3.300088882446289062e+00
3.837235450744628906e+00
4.071343898773193359e+00
2.436013221740722656e+00
1.648036241531372070e+00
1.938389062881469727e+00
3.115881919860839844e+00
1.006101965904235840e+00
7.895932197570800781e-01
3.613646507263183594e+00
9.079170227050781250e-01
3.703998565673828125e+00
1.924815177917480469e+00
2.091354370117187500e+00
8.088839054107666016e-01
8.611090183258056641e-01
3.411865234375000000e+00
8.142617940902709961e-01
4.881792545318603516e+00
3.810990333557128906e+00
1.126565217971801758e+00
7.564346790313720703e-01
1.012111663818359375e+00
7.794003486633300781e-01
8.828073740005493164e-01
2.532351016998291016e+00
8.094891309738159180e-01
7.484756708145141602e-01
3.149638652801513672e+00
1.454645156860351562e+00
2.485106706619262695e+00
7.502858638763427734e-01
8.191902637481689453e-01
7.503437995910644531e-01
8.646147251129150391e-01
1.653178811073303223e+00
3.665104627609252930e+00
2.039988040924072266e+00
2.125627517700195312e+00
9.358491897583007812e-01
7.567386627197265625e-01
3.509327888488769531e+00
3.578849554061889648e+00
1.004845738410949707e+00
3.555981636047363281e+00
8.414503335952758789e-01
2.426566362380981445e+00
1.516758441925048828e+00
1.401593923568725586e+00
3.074862003326416016e+00
2.046514272689819336e+00
7.730790376663208008e-01
2.944704055786132812e+00
1.447869539260864258e+00
2.321751594543457031e+00
8.674917221069335938e-01
8.091030120849609375e-01
1.021194458007812500e+00
4.027085781097412109e+00
2.549644708633422852e+00
7.505519390106201172e-01
8.147898912429809570e-01
3.467683076858520508e+00
4.505746841430664062e+00
3.226486206054687500e+00
1.808822274208068848e+00
1.420268893241882324e+00
3.808367252349853516e+00
1.036974430084228516e+00
3.241482496261596680e+00
7.621558904647827148e-01
9.261723756790161133e-01
2.731230735778808594e+00
7.717455625534057617e-01
1.390785694122314453e+00
3.400071620941162109e+00
1.208127617835998535e+00
4.287492752075195312e+00
1.744243621826171875e+00
8.157174587249755859e-01
1.853763937950134277e+00
2.875988721847534180e+00
7.478119134902954102e-01
1.454876899719238281e+00
3.473671674728393555e+00
2.292925119400024414e+00
1.253254175186157227e+00
1.279960632324218750e+00
9.322590827941894531e-01
1.596072196960449219e+00
3.636385202407836914e+00
7.515330314636230469e-01
3.652126073837280273e+00
3.632326602935791016e+00
1.835888504981994629e+00
3.793620347976684570e+00
1.025881409645080566e+00
7.859792709350585938e-01
3.964544773101806641e+00
2.200956344604492188e+00
3.557716846466064453e+00
7.989581823348999023e-01
4.680530548095703125e+00
9.989070892333984375e-01
8.329138755798339844e-01
4.073401451110839844e+00
2.369427442550659180e+00
1.475218296051025391e+00
3.298068046569824219e+00
3.532799959182739258e+00
1.557274103164672852e+00
3.226020097732543945e+00
3.180541515350341797e+00
1.473276734352111816e+00
3.408190011978149414e-01
1.563443422317504883e+00
1.553762197494506836e+00
1.948255300521850586e+00
3.811644315719604492e+00
1.554676890373229980e+00
2.014665365219116211e+00
1.470162987709045410e+00
7.470724582672119141e-01
2.304985046386718750e+00
3.459983348846435547e+00
4.095205307006835938e+00
3.553936243057250977e+00
1.293020963668823242e+00
9.864807128906250000e-01
4.113360404968261719e+00
3.432824611663818359e+00
3.367815971374511719e+00
2.059109449386596680e+00
3.861766338348388672e+00
1.839308977127075195e+00
1.269601583480834961e+00
1.265632867813110352e+00
7.478334903717041016e-01
3.471007347106933594e+00
2.213571548461914062e+00
3.938435792922973633e+00
5.099177837371826172e+00
7.843792438507080078e-01
4.419471263885498047e+00
3.964657783508300781e+00
2.132951259613037109e+00
3.243787288665771484e+00
3.869019746780395508e+00
8.636546134948730469e-01
1.138028740882873535e+00
3.189302921295166016e+00
5.100639820098876953e+00
3.882939338684082031e+00
2.729070663452148438e+00
7.892770767211914062e-01
3.349886894226074219e+00
3.925740718841552734e+00
2.240386486053466797e+00
8.806564807891845703e-01
1.964712858200073242e+00
3.754993677139282227e+00
2.272954940795898438e+00
3.241979360580444336e+00
1.757305383682250977e+00
1.189140200614929199e+00
4.460415840148925781e+00
8.169109821319580078e-01
2.998397350311279297e+00
2.258244514465332031e+00
3.890533447265625000e+00
1.839583039283752441e+00
1.132932782173156738e+00
1.856282711029052734e+00
7.994165420532226562e-01
1.390081882476806641e+00
7.750314474105834961e-01
1.370361328125000000e+00
7.245173454284667969e-01
1.413419723510742188e+00
1.811459779739379883e+00
1.056248068809509277e+00
7.658345699310302734e-01
3.703667402267456055e+00
3.022199869155883789e+00
2.137339353561401367e+00
7.513620853424072266e-01
2.630381345748901367e+00
4.015910148620605469e+00
2.839575767517089844e+00
8.148760795593261719e-01
2.040545701980590820e+00
2.688594818115234375e+00
2.892162322998046875e+00
1.201326608657836914e+00
1.141878366470336914e+00
2.228479623794555664e+00
4.109773159027099609e+00
1.893623352050781250e+00
7.649848461151123047e-01
9.269752502441406250e-01
4.306447982788085938e+00
1.190778493881225586e+00
8.093475103378295898e-01
2.201150417327880859e+00
3.261882781982421875e+00
1.924806118011474609e+00
2.284229040145874023e+00
2.924095153808593750e+00
1.965157628059387207e+00
8.385225534439086914e-01
1.025911092758178711e+00
3.785324573516845703e+00
8.336875438690185547e-01
1.608400940895080566e+00
7.699629068374633789e-01
7.833710908889770508e-01
3.185727357864379883e+00
8.259915113449096680e-01
7.806973457336425781e-01
1.647545576095581055e+00
2.037363529205322266e+00
2.736356019973754883e+00
2.928002834320068359e+00
7.475825548171997070e-01
1.778770208358764648e+00
3.162668704986572266e+00
1.268205404281616211e+00
9.393814802169799805e-01
3.482214212417602539e+00
7.660846710205078125e-01
1.314454317092895508e+00
4.869628906250000000e+00
5.400812625885009766e-01
2.521681308746337891e+00
1.700339674949645996e+00
1.024814009666442871e+00
7.981116771697998047e-01
1.476622819900512695e+00
7.890776395797729492e-01
4.228024959564208984e+00
1.284219741821289062e+00
3.879005432128906250e+00
9.184273481369018555e-01
2.630927085876464844e+00
1.648977637290954590e+00
7.654865980148315430e-01
1.945354700088500977e+00
1.218887329101562500e+00
2.114695549011230469e+00
1.720370769500732422e+00
3.699492931365966797e+00
1.006238222122192383e+00
2.665184259414672852e+00
8.123385906219482422e-01
7.647904157638549805e-01
8.275882005691528320e-01
7.524392604827880859e-01
3.556572437286376953e+00
1.278367519378662109e+00
8.118593692779541016e-01
7.531073093414306641e-01
1.534660577774047852e+00
1.448859691619873047e+00
9.426746368408203125e-01
3.245723009109497070e+00
1.966908931732177734e+00
2.583135604858398438e+00
8.090751171112060547e-01
8.013484477996826172e-01
3.986679792404174805e+00
2.797473907470703125e+00
7.503808736801147461e-01
8.001483678817749023e-01
2.071833610534667969e+00
1.339180588722229004e+00
2.008715629577636719e+00
8.271775245666503906e-01
2.609522819519042969e+00
1.259507894515991211e+00
1.417606830596923828e+00
2.003482818603515625e+00
2.201524734497070312e+00
7.891774177551269531e-01
9.791634082794189453e-01
3.201454877853393555e+00
1.165027856826782227e+00
1.307173967361450195e+00
3.932361364364624023e+00
8.168070316314697266e-01
7.644102573394775391e-01
3.485979080200195312e+00
2.225428581237792969e+00
3.019928455352783203e+00
9.770369529724121094e-01
7.742509841918945312e-01
1.594812154769897461e+00
3.503170013427734375e+00
3.323719024658203125e+00
7.794637680053710938e-01
4.243432998657226562e+00
3.031716823577880859e+00
1.129271507263183594e+00
7.706327438354492188e-01
4.082733631134033203e+00
7.756896018981933594e-01
7.521488666534423828e-01
1.308478355407714844e+00
3.660405397415161133e+00
2.849655151367187500e+00
1.958083987236022949e+00
1.799512982368469238e+00
1.053610086441040039e+00
1.137818574905395508e+00
1.282553911209106445e+00
8.903007507324218750e-01
3.068651676177978516e+00
2.545984506607055664e+00
1.679903030395507812e+00
4.085637092590332031e+00
1.247690916061401367e+00
7.691652774810791016e-01
3.418342590332031250e+00
1.414895057678222656e+00
1.764924526214599609e+00
9.338836669921875000e-01
3.552113294601440430e+00
9.049937725067138672e-01
7.669295072555541992e-01
1.656516075134277344e+00
8.360873460769653320e-01
3.068068027496337891e+00
1.911746501922607422e+00
1.536327719688415527e+00
1.118677616119384766e+00
3.360080957412719727e+00
1.993318080902099609e+00
2.495807886123657227e+00
8.547952175140380859e-01
3.627290964126586914e+00
2.142791271209716797e+00
8.568372726440429688e-01
1.288090348243713379e+00
1.640977501869201660e+00
3.446805715560913086e+00
3.007716417312622070e+00
4.237154960632324219e+00
1.676719307899475098e+00
1.285310268402099609e+00
4.036339759826660156e+00
1.884294986724853516e+00
3.980767250061035156e+00
3.277420997619628906e+00
2.903190612792968750e+00
2.415723800659179688e+00
3.636588096618652344e+00
1.086676120758056641e+00
2.125747442245483398e+00
1.003888845443725586e+00
7.657339572906494141e-01
7.488446235656738281e-01
4.071264743804931641e+00
3.033175468444824219e+00
4.308452606201171875e+00
7.660591602325439453e-01
7.983871698379516602e-01
3.722164869308471680e+00
3.301814079284667969e+00
7.809894084930419922e-01
7.577650547027587891e-01
7.146754264831542969e-01
4.133136749267578125e+00
7.778367996215820312e-01
3.136505603790283203e+00
3.425514936447143555e+00
9.661791324615478516e-01
3.079043865203857422e+00
4.003068923950195312e+00
7.480312585830688477e-01
2.147846698760986328e+00
1.156803727149963379e+00
3.115645408630371094e+00
7.475061416625976562e-01
7.174358367919921875e-01
7.666516304016113281e-01
3.707506418228149414e+00
3.741744041442871094e+00
3.097469091415405273e+00
3.569098234176635742e+00
2.777829647064208984e+00
7.663594484329223633e-01
2.003739595413208008e+00
8.593394756317138672e-01
2.412255764007568359e+00
2.513100624084472656e+00
2.552558898925781250e+00
4.060500621795654297e+00
1.040121555328369141e+00
4.096684455871582031e+00
1.198849439620971680e+00
1.156500101089477539e+00
9.738571643829345703e-01
1.050243139266967773e+00
4.300375938415527344e+00
1.702121496200561523e+00
1.610101222991943359e+00
1.129936337471008301e+00
4.412330627441406250e+00
7.630995512008666992e-01
1.724555492401123047e+00
7.812210321426391602e-01
3.906479835510253906e+00
4.628726959228515625e+00
1.066238164901733398e+00
8.942694664001464844e-01
7.483512163162231445e-01
1.798045158386230469e+00
2.927752971649169922e+00
7.479939460754394531e-01
2.024917602539062500e+00
3.076290369033813477e+00
4.327844619750976562e+00
7.503931522369384766e-01
1.927111864089965820e+00
3.367998600006103516e+00
2.924356698989868164e+00
1.327503681182861328e+00
7.882936000823974609e-01
2.727678298950195312e+00
2.808247566223144531e+00
7.721303701400756836e-01
2.946651935577392578e+00
2.216073036193847656e+00
8.925297260284423828e-01
8.204634189605712891e-01
1.412155508995056152e+00
3.015827417373657227e+00
7.615702152252197266e-01
7.478320598602294922e-01
9.461736679077148438e-01
2.646146059036254883e+00
2.219463586807250977e+00
3.767064332962036133e+00
8.599233627319335938e-01
1.721992611885070801e+00
2.425233602523803711e+00
4.183510780334472656e+00
3.888405323028564453e+00
1.687085866928100586e+00
3.699056863784790039e+00
1.681427240371704102e+00
2.459862709045410156e+00
3.105312824249267578e+00
1.566823005676269531e+00
1.686783552169799805e+00
7.889499664306640625e-01
1.158174753189086914e+00
3.973399639129638672e+00
4.242116928100585938e+00
7.547845840454101562e-01
1.879611253738403320e+00
7.482945919036865234e-01
8.999295234680175781e-01
2.486783027648925781e+00
3.863438367843627930e+00
2.105418205261230469e+00
3.224415063858032227e+00
2.033271074295043945e+00
1.078397035598754883e+00
2.732566356658935547e+00
2.014140605926513672e+00
3.858242511749267578e+00
1.152927160263061523e+00
7.588635683059692383e-01
2.378798484802246094e+00
8.365321159362792969e-01
1.480166673660278320e+00
1.649611473083496094e+00
2.931196928024291992e+00
1.360893011093139648e+00
1.163967132568359375e+00
1.326525330543518066e+00
3.266068935394287109e+00
3.366897583007812500e+00
3.870444536209106445e+00
3.701541900634765625e+00
9.090973138809204102e-01
1.019823312759399414e+00
4.566516399383544922e+00
8.890533447265625000e-01
3.733534097671508789e+00
7.653713226318359375e-01
2.000008583068847656e+00
2.869459152221679688e+00
3.174221515655517578e+00
7.506332397460937500e-01
1.708477616310119629e+00
7.482517957687377930e-01
2.189624786376953125e+00
1.304749965667724609e+00
9.475100040435791016e-01
4.463884353637695312e+00
3.393877983093261719e+00
7.482899427413940430e-01
2.274338960647583008e+00
3.896995544433593750e+00
1.414274692535400391e+00
3.107682228088378906e+00
9.604051113128662109e-01
3.277662277221679688e+00
1.810342550277709961e+00
1.786391615867614746e+00
3.471591949462890625e+00
3.916150093078613281e+00
3.653531312942504883e+00
4.701003074645996094e+00
3.161303520202636719e+00
1.330035209655761719e+00
2.146261215209960938e+00
3.944340229034423828e+00
1.235375881195068359e+00
7.629532814025878906e-01
9.210129976272583008e-01
1.774420499801635742e+00
9.899779558181762695e-01
1.111265182495117188e+00
8.548383712768554688e-01
2.596430778503417969e+00
3.177850246429443359e+00
5.707397460937500000e-01
1.140965938568115234e+00
1.678461909294128418e+00
2.146387100219726562e+00
8.937149047851562500e-01
4.696166038513183594e+00
1.195396184921264648e+00
2.388498544692993164e+00
3.333979845046997070e+00
2.355298042297363281e+00
1.226656913757324219e+00
4.276894569396972656e+00
7.710624933242797852e-01
1.242408514022827148e+00
7.496173381805419922e-01
1.758575439453125000e+00
3.456775903701782227e+00
4.757521629333496094e+00
3.677536249160766602e+00
2.035897254943847656e+00
4.421367645263671875e+00
7.917070388793945312e-01
9.142897129058837891e-01
2.502056121826171875e+00
2.863095998764038086e+00
7.537348270416259766e-01
3.644250154495239258e+00
3.372885465621948242e+00
9.017349481582641602e-01
3.727372884750366211e+00
1.474310159683227539e+00
7.855702638626098633e-01
7.737026214599609375e-01
7.607190608978271484e-01
1.335237383842468262e+00
4.508721351623535156e+00
1.319069147109985352e+00
2.473889112472534180e+00
4.130345344543457031e+00
9.681787490844726562e-01
4.418918132781982422e+00
8.645057678222656250e-01
1.423202037811279297e+00
8.784148693084716797e-01
3.531255245208740234e+00
1.086352586746215820e+00
2.728408575057983398e+00
1.355889916419982910e+00
1.491976976394653320e+00
2.489227294921875000e+00
4.302747249603271484e+00
4.136162757873535156e+00
1.062502026557922363e+00
7.986018657684326172e-01
8.495789766311645508e-01
1.948625564575195312e+00
4.464116096496582031e+00
3.919815778732299805e+00
3.104550123214721680e+00
9.599893093109130859e-01
8.075917959213256836e-01
7.575793266296386719e-01
8.292621374130249023e-01
3.884581089019775391e+00
3.369395732879638672e+00
7.487230300903320312e-01
3.048735857009887695e+00
9.711508750915527344e-01
3.579126119613647461e+00
2.617121696472167969e+00
1.847987532615661621e+00
2.323060989379882812e+00
1.801969885826110840e+00
7.497916221618652344e-01
2.542863845825195312e+00
1.831503868103027344e+00
3.038240909576416016e+00
4.164063453674316406e+00
7.860105037689208984e-01
8.774638175964355469e-01
2.976306438446044922e+00
7.574310302734375000e-01
1.342907667160034180e+00
1.553397178649902344e+00
4.760228157043457031e+00
4.097324848175048828e+00
1.233196020126342773e+00
1.170469760894775391e+00
1.139430522918701172e+00
2.156884193420410156e+00
8.105688095092773438e-01
3.583127260208129883e+00
2.744274377822875977e+00
7.566312551498413086e-01
1.214834451675415039e+00
7.531249523162841797e-01
1.354041099548339844e+00
1.338502883911132812e+00
9.460341930389404297e-01
8.518761396408081055e-01
4.343631744384765625e+00
7.560212612152099609e-01
4.125914573669433594e+00
3.653503894805908203e+00
8.562682867050170898e-01
8.427193164825439453e-01
1.859176158905029297e+00
1.203677535057067871e+00
7.542040348052978516e-01
1.803587913513183594e+00
3.848372459411621094e+00
3.514025449752807617e+00
3.880714416503906250e+00
2.245098352432250977e+00
2.836909532546997070e+00
7.692210674285888672e-01
1.754145741462707520e+00
1.038545727729797363e+00
8.088507652282714844e-01
1.197218418121337891e+00
4.350337505340576172e+00
7.486497163772583008e-01
1.987062215805053711e+00
9.008282423019409180e-01
4.222607612609863281e+00
3.405163049697875977e+00
2.561355829238891602e+00
7.954111099243164062e-01
7.468526363372802734e-01
7.699277400970458984e-01
2.000576019287109375e+00
4.053668498992919922e+00
3.758535861968994141e+00
1.524051070213317871e+00
1.084200859069824219e+00
3.614247798919677734e+00
2.062448263168334961e+00
2.221894741058349609e+00
1.299419164657592773e+00
8.175256252288818359e-01
1.146367788314819336e+00
7.793394327163696289e-01
2.289369583129882812e+00
7.035994529724121094e-01
3.249079465866088867e+00
8.693252801895141602e-01
2.671749353408813477e+00
3.658373355865478516e+00
3.755645036697387695e+00
3.319732666015625000e+00
3.587894439697265625e+00
7.527530193328857422e-01
2.021076440811157227e+00
2.154304504394531250e+00
9.507809877395629883e-01
6.769325733184814453e-01
3.170139312744140625e+00
3.356265068054199219e+00
2.708991289138793945e+00
3.516417980194091797e+00
8.473477363586425781e-01
7.480766773223876953e-01
7.518668174743652344e-01
1.128341674804687500e+00
7.593053579330444336e-01
3.988424777984619141e+00
8.757231235504150391e-01
4.386179924011230469e+00
1.264133214950561523e+00
4.187195777893066406e+00
8.134598731994628906e-01
3.389224052429199219e+00
1.489318609237670898e+00
8.250812292098999023e-01
2.276210784912109375e+00
1.317934632301330566e+00
3.145217418670654297e+00
1.999587774276733398e+00
1.305837869644165039e+00
1.408546447753906250e+00
4.629793167114257812e+00
7.541527748107910156e-01
2.161341667175292969e+00
8.471746444702148438e-01
3.432384967803955078e+00
1.090111494064331055e+00
4.069735050201416016e+00
8.662961721420288086e-01
3.489016294479370117e+00
9.460668563842773438e-01
7.548182010650634766e-01
1.840238690376281738e+00
3.577129364013671875e+00
3.837437391281127930e+00
1.580533981323242188e+00
1.137008666992187500e+00
3.388334989547729492e+00
3.231301784515380859e+00
8.208740949630737305e-01
1.738323569297790527e+00
3.354105472564697266e+00
1.499001979827880859e+00
1.711711645126342773e+00
3.974174022674560547e+00
1.079357266426086426e+00
2.509082794189453125e+00
1.442307829856872559e+00
3.781797885894775391e+00
7.337805032730102539e-01
8.884208202362060547e-01
2.574802875518798828e+00
4.167741775512695312e+00
3.586029052734375000e+00
3.038960933685302734e+00
1.242869853973388672e+00
8.258420228958129883e-01
2.605223655700683594e+00
2.308120727539062500e+00
7.575339078903198242e-01
3.276555538177490234e+00
8.084778785705566406e-01
2.118692398071289062e+00
2.317460060119628906e+00
3.643918037414550781e+00
4.110149383544921875e+00
2.528324604034423828e+00
9.512474536895751953e-01
2.654942274093627930e+00
4.248815536499023438e+00
8.387302160263061523e-01
8.232799768447875977e-01
1.599990487098693848e+00
9.409337043762207031e-01
2.017177581787109375e+00
1.796133995056152344e+00
7.682044506072998047e-01
9.934073686599731445e-01
7.722836732864379883e-01
7.697865962982177734e-01
1.290970683097839355e+00
2.286232948303222656e+00
1.886098861694335938e+00
1.999529004096984863e+00
3.943262100219726562e+00
1.230792403221130371e+00
7.927094697952270508e-01
1.262581825256347656e+00
9.041945934295654297e-01
1.513887643814086914e+00
1.578660726547241211e+00
7.676628828048706055e-01
1.538462996482849121e+00
7.583101987838745117e-01
2.864842653274536133e+00
8.062521219253540039e-01
3.362478971481323242e+00
2.983859062194824219e+00
3.421092987060546875e+00
1.759854793548583984e+00
1.273577213287353516e+00
7.669965028762817383e-01
1.542397379875183105e+00
1.878390669822692871e+00
1.852750539779663086e+00
1.144807338714599609e+00
2.655939102172851562e+00
7.581448554992675781e-01
1.946464061737060547e+00
4.132536411285400391e+00
7.765811681747436523e-01
3.713616847991943359e+00
3.083661794662475586e+00
9.343626499176025391e-01
3.283293485641479492e+00
7.481497526168823242e-01
2.611980676651000977e+00
2.308047294616699219e+00
1.875358104705810547e+00
7.500648498535156250e-01
1.350890159606933594e+00
1.415331602096557617e+00
3.627530336380004883e+00
1.807527065277099609e+00
2.074862241744995117e+00
3.596791505813598633e+00
8.434156179428100586e-01
4.026045799255371094e+00
4.273133754730224609e+00
9.269590377807617188e-01
1.246877193450927734e+00
1.590243577957153320e+00
3.453400373458862305e+00
1.823945283889770508e+00
3.146337509155273438e+00
2.772895336151123047e+00
2.153759479522705078e+00
2.969287395477294922e+00
1.047369122505187988e+00
3.821302413940429688e+00
3.708692312240600586e+00
2.062118053436279297e+00
2.920262575149536133e+00
7.819613218307495117e-01
8.039634227752685547e-01
1.484569549560546875e+00
8.104439973831176758e-01
8.213344812393188477e-01
3.712651491165161133e+00
9.466987848281860352e-01
8.409140110015869141e-01
3.499330282211303711e+00
3.903524875640869141e+00
8.493279218673706055e-01
2.528189182281494141e+00
7.881069183349609375e-01
1.572861671447753906e+00
7.530440092086791992e-01
2.492238521575927734e+00
1.720794439315795898e+00
3.269867420196533203e+00
1.210247278213500977e+00
1.218704223632812500e+00
1.632389307022094727e+00
1.891004800796508789e+00
1.141051054000854492e+00
3.686069488525390625e+00
3.946809053421020508e+00
8.061554431915283203e-01
7.484642267227172852e-01
3.082119464874267578e+00
4.070090293884277344e+00
7.573021650314331055e-01
3.648644924163818359e+00
8.908216953277587891e-01
2.950645446777343750e+00
2.118245601654052734e+00
7.491643428802490234e-01
1.147820115089416504e+00
2.969436645507812500e+00
3.193155288696289062e+00
2.824864387512207031e+00
2.611737489700317383e+00
1.072788238525390625e+00
2.192694664001464844e+00
3.783532857894897461e+00
8.505898714065551758e-01
3.755303859710693359e+00
1.517314910888671875e+00
2.328176021575927734e+00
8.008242845535278320e-01
4.568167686462402344e+00
1.466439485549926758e+00
7.516360282897949219e-01
4.238893508911132812e+00
1.560785651206970215e+00
3.512079000473022461e+00
2.024074554443359375e+00
2.508170843124389648e+00
2.029777050018310547e+00
4.370680809020996094e+00
1.149138450622558594e+00
2.458457231521606445e+00
2.958860158920288086e+00
2.212331533432006836e+00
7.467937469482421875e-01
2.112264871597290039e+00
2.395584583282470703e+00
2.741282463073730469e+00
4.363903045654296875e+00
4.738392353057861328e+00
1.217578649520874023e+00
1.014650940895080566e+00
2.901101350784301758e+00
1.381201386451721191e+00
3.986304521560668945e+00
1.777444481849670410e+00
1.615126729011535645e+00
8.307236433029174805e-01
7.724024057388305664e-01
1.185799717903137207e+00
3.360593795776367188e+00
7.611963748931884766e-01
8.223598003387451172e-01
3.569136142730712891e+00
7.568367719650268555e-01
7.662122249603271484e-01
1.420849442481994629e+00
3.439072608947753906e+00
3.659193992614746094e+00
4.181927680969238281e+00
1.983297824859619141e+00
3.754241466522216797e+00
9.917411804199218750e-01
2.502038955688476562e+00
3.462555646896362305e+00
7.760934829711914062e-01
3.679958581924438477e+00
3.696697235107421875e+00
1.265848398208618164e+00
1.127252340316772461e+00
3.829419136047363281e+00
3.592209339141845703e+00
1.469182491302490234e+00
8.616390228271484375e-01
3.586804389953613281e+00
7.645740509033203125e-01
4.351096630096435547e+00
3.269204139709472656e+00
2.309077024459838867e+00
7.757635116577148438e-01
7.511584758758544922e-01
1.088041543960571289e+00
2.429908037185668945e+00
9.935848712921142578e-01
2.356317758560180664e+00
1.913717508316040039e+00
1.942139387130737305e+00
2.823797225952148438e+00
4.129446029663085938e+00
9.186110496520996094e-01
1.135946512222290039e+00
1.013704061508178711e+00
2.532041549682617188e+00
3.082518100738525391e+00
9.275339841842651367e-01
1.517344951629638672e+00
3.185923576354980469e+00
1.881889104843139648e+00
4.183524131774902344e+00
1.531917572021484375e+00
7.581646442413330078e-01
7.755854129791259766e-01
4.231854915618896484e+00
1.591645956039428711e+00
8.435928821563720703e-01
8.199518918991088867e-01
9.730263948440551758e-01
3.160525798797607422e+00
2.674635648727416992e+00
3.646122932434082031e+00
2.678108215332031250e+00
1.786186456680297852e+00
2.066906929016113281e+00
7.723236083984375000e-01
7.298512458801269531e-01
4.204833030700683594e+00
7.846074104309082031e-01
3.779891967773437500e+00
8.448395729064941406e-01
1.423844099044799805e+00
7.641404867172241211e-01
8.266394138336181641e-01
1.279031395912170410e+00
1.824487328529357910e+00
3.314735174179077148e+00
1.540894508361816406e+00
2.598428726196289062e+00
2.181040287017822266e+00
4.109444141387939453e+00
7.522498369216918945e-01
2.201585531234741211e+00
3.864152431488037109e+00
8.109706640243530273e-01
3.798457145690917969e+00
8.315564393997192383e-01
1.270890951156616211e+00
3.681078433990478516e+00
1.157184839248657227e+00
3.391531705856323242e+00
4.096048355102539062e+00
1.583878517150878906e+00
7.812711000442504883e-01
3.073368072509765625e+00
4.114357471466064453e+00
8.526554107666015625e-01
2.553029298782348633e+00
1.997179031372070312e+00
2.426768779754638672e+00
3.702299833297729492e+00
3.174821376800537109e+00
2.446265459060668945e+00
9.075894355773925781e-01
1.240395069122314453e+00
7.826538085937500000e-01
3.792823791503906250e+00
4.217546463012695312e+00
3.849696874618530273e+00
8.533020019531250000e-01
7.613527774810791016e-01
9.105004072189331055e-01
7.827141284942626953e-01
1.143223047256469727e+00
8.955829143524169922e-01
7.495605945587158203e-01
1.356860995292663574e+00
4.680932998657226562e+00
7.464176416397094727e-01
3.983026981353759766e+00
4.013866901397705078e+00
2.324126958847045898e+00
1.080277204513549805e+00
2.611346960067749023e+00
3.537115573883056641e+00
3.748440980911254883e+00
3.113688230514526367e+00
8.572378158569335938e-01
2.196877002716064453e+00
2.470999002456665039e+00
4.087451934814453125e+00
9.625163078308105469e-01
2.087200164794921875e+00
1.517976999282836914e+00
3.837126731872558594e+00
9.201756715774536133e-01
3.312931299209594727e+00
2.304505109786987305e+00
1.578912019729614258e+00
1.558077812194824219e+00
1.655423879623413086e+00
1.788875579833984375e+00
9.381256103515625000e-01
1.666293740272521973e+00
1.625947117805480957e+00
1.307914495468139648e+00
1.085298299789428711e+00
1.526007056236267090e+00
3.783918619155883789e+00
4.022709369659423828e+00
3.292281627655029297e+00
3.402971744537353516e+00
4.430154800415039062e+00
2.289817571640014648e+00
1.046919345855712891e+00
2.370378732681274414e+00
3.022589921951293945e+00
7.832019329071044922e-01
1.259163260459899902e+00
7.459863424301147461e-01
7.733124494552612305e-01
1.936536073684692383e+00
1.065766572952270508e+00
7.849819660186767578e-01
2.262599706649780273e+00
3.424369096755981445e+00
8.324201107025146484e-01
7.618052959442138672e-01
3.551601409912109375e+00
1.627853155136108398e+00
2.636499881744384766e+00
4.201889514923095703e+00
3.470963954925537109e+00
1.993932485580444336e+00
3.672899007797241211e+00
7.506682872772216797e-01
4.692977666854858398e-01
3.887547016143798828e+00
1.474409103393554688e+00
3.637370824813842773e+00
8.243296146392822266e-01
8.766205310821533203e-01
8.338050842285156250e-01
1.366775155067443848e+00
1.637579679489135742e+00
3.825986146926879883e+00
2.869386434555053711e+00
4.351429939270019531e+00
3.848222970962524414e+00
7.503690719604492188e-01
3.432896137237548828e+00
1.760009527206420898e+00
2.941743850708007812e+00
2.975823879241943359e+00
1.658953189849853516e+00
1.089790225028991699e+00
2.963631629943847656e+00
1.656405448913574219e+00
4.283257484436035156e+00
4.745804786682128906e+00
9.361565113067626953e-01
1.125233411788940430e+00
1.340582847595214844e+00
3.616273403167724609e+00
1.179835796356201172e+00
1.836444616317749023e+00
3.598225831985473633e+00
8.422040939331054688e-01
4.062706947326660156e+00
1.966086149215698242e+00
9.797161817550659180e-01
4.071888446807861328e+00
1.886380910873413086e+00
2.293943405151367188e+00
4.085598945617675781e+00
1.245758533477783203e+00
7.485561370849609375e-01
2.110048055648803711e+00
7.729498147964477539e-01
3.681111812591552734e+00
3.210759639739990234e+00
1.571812868118286133e+00
1.299125194549560547e+00
4.099804401397705078e+00
4.335746765136718750e+00
1.329789400100708008e+00
3.436500072479248047e+00
1.832279324531555176e+00
1.752720117568969727e+00
9.630408287048339844e-01
4.119228363037109375e+00
1.482384204864501953e+00
9.192104339599609375e-01
4.085102558135986328e+00
1.894981622695922852e+00
2.321235895156860352e+00
2.662178993225097656e+00
7.517088651657104492e-01
1.448240995407104492e+00
4.871013164520263672e+00
2.143640041351318359e+00
7.947398424148559570e-01
2.711606979370117188e+00
4.258338451385498047e+00
1.532066822052001953e+00
1.828191280364990234e+00
3.240095138549804688e+00
1.753068208694458008e+00
7.913427352905273438e-01
8.027982711791992188e-01
7.810359001159667969e-01
1.530492901802062988e+00
4.079301834106445312e+00
4.084637641906738281e+00
1.456479310989379883e+00
3.609351158142089844e+00
3.094676017761230469e+00
1.516677975654602051e+00
1.205253124237060547e+00
7.509139776229858398e-01
7.906631231307983398e-01
1.622236251831054688e+00
2.308448791503906250e+00
4.170895576477050781e+00
3.525220870971679688e+00
3.820548772811889648e+00
1.680952668190002441e+00
1.347490668296813965e+00
7.487766742706298828e-01
1.836284518241882324e+00
2.404852390289306641e+00
2.014798402786254883e+00
1.032284736633300781e+00
1.160924196243286133e+00
7.516937255859375000e-01
3.881429195404052734e+00
3.928534269332885742e+00
2.442757844924926758e+00
2.964269161224365234e+00
3.348107337951660156e+00
3.158805847167968750e+00
1.909601688385009766e+00
1.930692434310913086e+00
9.425055980682373047e-01
8.463213443756103516e-01
3.841669082641601562e+00
1.956966876983642578e+00
1.236887216567993164e+00
4.071690082550048828e+00
8.074440956115722656e-01
3.124804973602294922e+00
8.218097686767578125e-01
3.448285102844238281e+00
9.913530349731445312e-01
2.596784591674804688e+00
2.359150648117065430e+00
3.855875492095947266e+00
1.139841914176940918e+00
2.533224344253540039e+00
7.837362289428710938e-01
8.366944789886474609e-01
8.281590938568115234e-01
1.766010642051696777e+00
1.369725942611694336e+00
3.481834411621093750e+00
1.480722665786743164e+00
1.887611627578735352e+00
1.610350370407104492e+00
3.977483987808227539e+00
1.034628748893737793e+00
1.370814204216003418e+00
4.177385330200195312e+00
4.889919757843017578e-01
2.242580652236938477e+00
2.137271404266357422e+00
1.770737886428833008e+00
7.950873374938964844e-01
4.514988899230957031e+00
1.060513973236083984e+00
1.510698318481445312e+00
4.363865852355957031e+00
1.108689308166503906e+00
1.454893827438354492e+00
4.132597923278808594e+00
2.535949707031250000e+00
2.402483463287353516e+00
3.301490306854248047e+00
7.494208812713623047e-01
2.977818012237548828e+00
1.594061493873596191e+00
3.187151670455932617e+00
1.948253393173217773e+00
7.612906694412231445e-01
8.423460721969604492e-01
1.015578866004943848e+00
7.479600906372070312e-01
3.231637477874755859e+00
2.514015197753906250e+00
2.049732446670532227e+00
2.708011388778686523e+00
3.644822835922241211e+00
3.695912837982177734e+00
3.388659954071044922e+00
7.921155691146850586e-01
1.433987975120544434e+00
2.346937179565429688e+00
3.755212068557739258e+00
7.610510587692260742e-01
2.740903615951538086e+00
4.028753757476806641e+00
1.009194374084472656e+00
2.320306301116943359e+00
3.655067205429077148e+00
2.549652814865112305e+00
3.927906751632690430e+00
1.943950772285461426e+00
9.687197208404541016e-01
3.744844675064086914e+00
1.768696546554565430e+00
7.554230690002441406e-01
1.406813383102416992e+00
1.903584003448486328e+00
3.628875732421875000e+00
1.426716089248657227e+00
1.472835779190063477e+00
7.497193813323974609e-01
1.170004963874816895e+00
2.100628137588500977e+00
9.351028203964233398e-01
9.013590812683105469e-01
2.796982049942016602e+00
3.649312257766723633e+00
7.901935577392578125e-01
1.289991140365600586e+00
3.658829450607299805e+00
1.393087863922119141e+00
1.988222599029541016e+00
3.841473102569580078e+00
3.756184816360473633e+00
1.908008098602294922e+00
3.425029039382934570e+00
7.723915576934814453e-01
3.344161987304687500e+00
3.465312719345092773e+00
7.262911796569824219e-01
8.169963359832763672e-01
7.626625299453735352e-01
9.049223661422729492e-01
3.823319911956787109e+00
3.649715185165405273e+00
2.412847995758056641e+00
2.279063224792480469e+00
3.982938766479492188e+00
1.169140577316284180e+00
9.387559890747070312e-01
4.295167446136474609e+00
2.796760559082031250e+00
4.734879493713378906e+00
4.230521202087402344e+00
3.005286455154418945e+00
2.825027465820312500e+00
8.839169740676879883e-01
1.620624780654907227e+00
1.752183198928833008e+00
2.869318723678588867e+00
1.505222797393798828e+00
1.496785640716552734e+00
2.748810768127441406e+00
3.832637310028076172e+00
2.621884584426879883e+00
7.652792930603027344e-01
2.852055311203002930e+00
7.711811065673828125e-01
3.610820770263671875e+00
1.170149087905883789e+00
2.175375938415527344e+00
7.534903287887573242e-01
1.473445653915405273e+00
7.481913566589355469e-01
1.295073390007019043e+00
3.684373617172241211e+00
7.496483325958251953e-01
1.971123218536376953e+00
3.074398279190063477e+00
7.664335966110229492e-01
2.157696723937988281e+00
3.756137371063232422e+00
2.183789253234863281e+00
1.582623004913330078e+00
4.239881038665771484e+00
4.114254474639892578e+00
1.937035560607910156e+00
4.063300132751464844e+00
8.066084384918212891e-01
1.149105310440063477e+00
1.625764846801757812e+00
1.859161019325256348e+00
1.439997553825378418e+00
3.201330661773681641e+00
7.589631080627441406e-01
1.444187641143798828e+00
3.719600439071655273e+00
1.823389530181884766e+00
8.366551399230957031e-01
3.257922649383544922e+00
9.871907234191894531e-01
3.796144485473632812e+00
2.294001102447509766e+00
8.937463760375976562e-01
3.105464696884155273e+00
2.362156152725219727e+00
3.242411613464355469e+00
1.456610441207885742e+00
4.408808708190917969e+00
4.103287696838378906e+00
3.429116487503051758e+00
7.512910366058349609e-01
1.431407213211059570e+00
1.423839807510375977e+00
2.720770597457885742e+00
1.506009340286254883e+00
3.236901521682739258e+00
3.035454273223876953e+00
2.855514764785766602e+00
3.489555835723876953e+00
9.514293670654296875e-01
3.824383974075317383e+00
1.293482780456542969e+00
2.112094879150390625e+00
1.802419424057006836e+00
7.508841753005981445e-01
1.004956245422363281e+00
1.342708826065063477e+00
2.592876911163330078e+00
3.637578964233398438e+00
3.059589862823486328e+00
8.380889892578125000e-01
9.266111850738525391e-01
1.315553188323974609e+00
4.029048919677734375e+00
1.145014762878417969e+00
3.239097595214843750e+00
1.064643502235412598e+00
4.180241107940673828e+00
1.238532066345214844e+00
4.030282020568847656e+00
2.493469953536987305e+00
4.662821769714355469e+00
7.492444515228271484e-01
1.618483066558837891e+00
3.412919521331787109e+00
1.200417757034301758e+00
7.468593120574951172e-01
2.676627874374389648e+00
2.270836591720581055e+00
2.810349464416503906e+00
3.734719991683959961e+00
1.165837287902832031e+00
1.668915510177612305e+00
2.283043861389160156e+00
3.624835968017578125e+00
3.904301643371582031e+00
9.668258428573608398e-01
4.135069847106933594e+00
7.636337280273437500e-01
8.866845369338989258e-01
4.305721282958984375e+00
8.666872978210449219e-01
2.723451614379882812e+00
7.482866048812866211e-01
3.063696861267089844e+00
3.204949378967285156e+00
7.751374244689941406e-01
3.469432592391967773e+00
2.968921184539794922e+00
3.676244735717773438e+00
1.540327072143554688e+00
3.835155963897705078e+00
7.602343559265136719e-01
4.175701141357421875e+00
2.755599260330200195e+00
3.005521774291992188e+00
1.970275640487670898e+00
7.511243820190429688e-01
1.307893514633178711e+00
8.590089082717895508e-01
1.035437107086181641e+00
1.637492895126342773e+00
1.068188428878784180e+00
4.073898792266845703e+00
1.548575401306152344e+00
7.750446796417236328e-01
3.897112131118774414e+00
2.116048812866210938e+00
6.149787902832031250e-01
3.684885978698730469e+00
1.799752235412597656e+00
8.618050813674926758e-01
2.961025714874267578e+00
3.071606636047363281e+00
7.639636993408203125e-01
1.905239582061767578e+00
8.447319269180297852e-01
1.572488784790039062e+00
2.182083129882812500e+00
3.322122335433959961e+00
3.942436695098876953e+00
2.109164237976074219e+00
8.199834823608398438e-01
8.109688758850097656e-01
1.032850980758666992e+00
7.488847970962524414e-01
1.411851763725280762e+00
4.054529666900634766e+00
1.092224717140197754e+00
7.902642488479614258e-01
1.888057231903076172e+00
9.067778587341308594e-01
2.999374628067016602e+00
3.096484422683715820e+00
1.902996063232421875e+00
3.609972715377807617e+00
2.476587295532226562e+00
1.342888832092285156e+00
7.456947565078735352e-01
3.089469909667968750e+00
3.614051103591918945e+00
4.000534534454345703e+00
1.520608186721801758e+00
7.481850385665893555e-01
3.472062349319458008e+00
1.675370812416076660e+00
8.448815345764160156e-01
2.354973793029785156e+00
7.878050804138183594e-01
3.767023324966430664e+00
1.453707933425903320e+00
3.792541980743408203e+00
1.403886079788208008e+00
1.277729153633117676e+00
7.711350917816162109e-01
1.324924707412719727e+00
1.452307701110839844e+00
1.552324533462524414e+00
4.057278633117675781e+00
1.592487335205078125e+00
7.517429590225219727e-01
1.135042786598205566e+00
7.679928541183471680e-01
4.186415195465087891e+00
1.852835893630981445e+00
2.647972583770751953e+00
1.926236629486083984e+00
3.357885837554931641e+00
3.449624538421630859e+00
2.498321056365966797e+00
1.135823011398315430e+00
7.782416343688964844e-01
2.821843624114990234e+00
3.556967735290527344e+00
2.655623912811279297e+00
1.137016892433166504e+00
3.389602184295654297e+00
1.631707310676574707e+00
1.977778792381286621e+00
2.102016925811767578e+00
1.649681568145751953e+00
1.016644954681396484e+00
3.818243503570556641e+00
7.478187084197998047e-01
9.468048810958862305e-01
7.969354391098022461e-01
2.714774608612060547e+00
7.607915401458740234e-01
3.683051586151123047e+00
7.576267719268798828e-01
1.432830810546875000e+00
7.705602645874023438e-01
8.127802610397338867e-01
4.212161540985107422e+00
1.150308728218078613e+00
7.579698562622070312e-01
2.965212821960449219e+00
3.746792554855346680e+00
1.001896739006042480e+00
4.617185592651367188e+00
3.499930381774902344e+00
7.781319618225097656e-01
2.137591838836669922e+00
4.418118953704833984e+00
1.369676828384399414e+00
8.087890148162841797e-01
4.432096004486083984e+00
2.567545175552368164e+00
4.166194915771484375e+00
2.735172271728515625e+00
3.981373071670532227e+00
2.448470592498779297e+00
1.045259237289428711e+00
1.668654561042785645e+00
3.686055183410644531e+00
4.079391002655029297e+00
8.606750965118408203e-01
2.528798580169677734e+00
7.502962350845336914e-01
7.968946695327758789e-01
2.338339805603027344e+00
4.160819053649902344e+00
8.251471519470214844e-01
1.057846307754516602e+00
1.450823545455932617e+00
3.763547658920288086e+00
9.003815650939941406e-01
2.422595024108886719e+00
3.614019155502319336e+00
1.029642581939697266e+00
7.730226516723632812e-01
7.990851402282714844e-01
1.521193504333496094e+00
9.114189147949218750e-01
1.962950348854064941e+00
1.846683979034423828e+00
1.173606634140014648e+00
8.820867538452148438e-01
8.580732345581054688e-01
8.324337005615234375e-01
8.881404399871826172e-01
7.947188615798950195e-01
4.400054931640625000e+00
1.111660003662109375e+00
2.745589733123779297e+00
1.456321477890014648e+00
7.550282478332519531e-01
1.695132017135620117e+00
3.275225162506103516e+00
1.550691604614257812e+00
8.117518424987792969e-01
4.160194873809814453e+00
5.910767316818237305e-01
1.633476018905639648e+00
6.900045871734619141e-01
3.486727237701416016e+00
3.619210243225097656e+00
3.557195663452148438e+00
1.676954388618469238e+00
2.206415176391601562e+00
2.613520860671997070e+00
9.263901710510253906e-01
2.683796405792236328e+00
3.840095281600952148e+00
2.617270708084106445e+00
8.580758571624755859e-01
8.080632686614990234e-01
1.926110267639160156e+00
1.332211017608642578e+00
1.786816835403442383e+00
1.658571243286132812e+00
8.415822982788085938e-01
8.533740043640136719e-01
7.622121572494506836e-01
4.754117965698242188e+00
1.248778223991394043e+00
7.945967912673950195e-01
3.213768959045410156e+00
1.506688833236694336e+00
4.004972457885742188e+00
3.664445877075195312e+00
3.613140821456909180e+00
3.020665168762207031e+00
8.649659156799316406e-01
7.913895845413208008e-01
2.088319778442382812e+00
2.953720092773437500e+00
3.303622007369995117e+00
2.960394859313964844e+00
1.852556943893432617e+00
4.035899639129638672e+00
7.885544300079345703e-01
3.063132762908935547e+00
3.336167812347412109e+00
1.316294074058532715e+00
9.091889858245849609e-01
3.529627561569213867e+00
3.967997789382934570e+00
8.127853870391845703e-01
9.976626634597778320e-01
1.145215988159179688e+00
7.481631040573120117e-01
3.333380460739135742e+00
8.528187274932861328e-01
7.610156536102294922e-01
4.414116859436035156e+00
2.474642753601074219e+00
