8.406659126281738281e+00
6.680837631225585938e+00
1.513343429565429688e+01
7.099600791931152344e+00
8.474647521972656250e+00
5.644332885742187500e+00
6.362617492675781250e+00
6.024455070495605469e+00
6.407069683074951172e+00
1.026476192474365234e+01
5.451011657714843750e+00
5.061973571777343750e+00
4.798805236816406250e+00
1.239831256866455078e+01
2.599607706069946289e+00
2.081085681915283203e+00
8.023505210876464844e+00
4.586188793182373047e+00
3.438853025436401367e+00
2.198623466491699219e+01
5.563745021820068359e+00
2.320670127868652344e+00
4.144501113891601562e+01
5.945877552032470703e+00
7.979560852050781250e+00
6.329918384552001953e+00
5.164003372192382812e+00
9.216638565063476562e+00
4.627611637115478516e+00
8.483571052551269531e+00
2.912590265274047852e+00
9.288309097290039062e+00
1.893216729164123535e+00
6.212002277374267578e+00
4.883785724639892578e+00
4.824323654174804688e+00
7.960365295410156250e+00
5.176963806152343750e+00
1.173140239715576172e+01
6.208180904388427734e+00
2.721938133239746094e+00
6.121198177337646484e+00
2.353732585906982422e+00
4.567130565643310547e+00
3.360111236572265625e+00
3.860660791397094727e+00
7.490497112274169922e+00
4.818269252777099609e+00
8.053262710571289062e+00
6.205243587493896484e+00
3.159912347793579102e+00
6.255437850952148438e+00
7.724427700042724609e+00
4.834574699401855469e+00
6.354777336120605469e+00
6.111157894134521484e+00
6.303030014038085938e+00
9.192430496215820312e+00
3.376815795898437500e+00
4.625597476959228516e+00
5.240691184997558594e+00
4.919180870056152344e+00
9.264559745788574219e+00
2.436611652374267578e+00
4.013937473297119141e+00
2.684372663497924805e+00
2.440581798553466797e+00
1.773874092102050781e+01
2.742061853408813477e+00
6.369426250457763672e+00
4.922152042388916016e+00
7.089044094085693359e+00
8.092258453369140625e+00
2.187006235122680664e+00
6.918229579925537109e+00
5.847879409790039062e+00
4.700559139251708984e+00
4.593929767608642578e+00
5.604659080505371094e+00
4.081106185913085938e+00
3.214252471923828125e+00
2.197810888290405273e+00
2.594036102294921875e+00
5.513478279113769531e+00
3.039336442947387695e+00
4.153575897216796875e+00
1.099074077606201172e+01
5.480389118194580078e+00
7.114796638488769531e+00
5.621226787567138672e+00
4.982080936431884766e+00
6.840939044952392578e+00
9.662298202514648438e+00
2.108960390090942383e+00
6.852415561676025391e+00
6.237094402313232422e+00
8.960929870605468750e+00
8.697600364685058594e+00
7.015346527099609375e+00
6.320134639739990234e+00
2.991054534912109375e+00
6.288618564605712891e+00
2.685761213302612305e+00
5.144996643066406250e+00
4.671075820922851562e+00
1.226875495910644531e+01
5.918204784393310547e+00
4.749257564544677734e+00
3.549476861953735352e+00
6.269997596740722656e+00
7.375607013702392578e+00
3.095230340957641602e+00
8.199654579162597656e+00
4.286388397216796875e+00
2.096311378479003906e+01
2.490556478500366211e+00
3.769537448883056641e+00
4.909166812896728516e+00
6.221472263336181641e+00
5.287837505340576172e+00
1.194245052337646484e+01
2.765018939971923828e+00
2.159080982208251953e+00
2.714669466018676758e+00
6.036362171173095703e+00
2.222818613052368164e+00
2.293116378784179688e+01
2.803101778030395508e+00
2.276498317718505859e+00
6.295691013336181641e+00
9.607636451721191406e+00
3.201501369476318359e+00
4.113090038299560547e+00
6.363983631134033203e+00
4.307243347167968750e+00
6.181138038635253906e+00
4.246582984924316406e+00
6.127179622650146484e+00
6.908616065979003906e+00
6.040540218353271484e+00
2.850470304489135742e+00
4.407704830169677734e+00
7.566536426544189453e+00
4.585071563720703125e+00
2.411839485168457031e+00
2.698543310165405273e+00
6.162312507629394531e+00
4.680547237396240234e+00
3.823386192321777344e+00
5.937099456787109375e+00
2.535590171813964844e+00
3.486531496047973633e+00
7.558114528656005859e+00
2.909573793411254883e+00
2.359061241149902344e+00
2.819086551666259766e+00
6.236713409423828125e+00
1.014783096313476562e+01
2.703531503677368164e+00
6.385351181030273438e+00
6.479788780212402344e+00
1.318259906768798828e+01
9.120340347290039062e+00
4.665373802185058594e+00
3.203355789184570312e+00
5.502832889556884766e+00
2.766607761383056641e+00
4.409854412078857422e+00
3.450410366058349609e+00
2.615115642547607422e+00
4.613805294036865234e+00
2.402575492858886719e+00
4.426457881927490234e+00
6.228290557861328125e+00
1.160847377777099609e+01
6.179175376892089844e+00
7.223208904266357422e+00
5.230037212371826172e+00
6.385337829589843750e+00
6.060790061950683594e+00
3.880301713943481445e+00
8.551955223083496094e+00
3.644137144088745117e+00
1.959832668304443359e+00
3.577901601791381836e+00
5.764703273773193359e+00
5.439628124237060547e+00
5.261738300323486328e+00
4.139314174652099609e+00
6.000740528106689453e+00
4.631292819976806641e+00
4.284563541412353516e+00
7.081132411956787109e+00
3.443361759185791016e+00
3.053227901458740234e+00
2.934377431869506836e+00
4.515497684478759766e+00
1.038471126556396484e+01
3.912659883499145508e+00
4.120895385742187500e+00
5.516053199768066406e+00
4.127954959869384766e+00
6.312803745269775391e+00
3.107325315475463867e+00
3.347213983535766602e+00
6.682644844055175781e+00
6.127807140350341797e+00
3.158218622207641602e+00
7.441881656646728516e+00
4.009158611297607422e+00
1.391020011901855469e+01
6.271718502044677734e+00
3.999799251556396484e+00
6.480878353118896484e+00
3.707121372222900391e+00
1.024308967590332031e+01
3.859458923339843750e+00
6.174116611480712891e+00
8.414940834045410156e+00
3.673051595687866211e+00
1.993560194969177246e+00
3.439013004302978516e+00
4.362957000732421875e+00
2.334933996200561523e+00
6.110838413238525391e+00
6.533472061157226562e+00
3.606320619583129883e+00
3.358815431594848633e+00
5.739806652069091797e+00
6.363903045654296875e+00
3.735629081726074219e+00
6.046663284301757812e+00
6.243660449981689453e+00
1.322266674041748047e+01
5.981532573699951172e+00
5.627253055572509766e+00
2.655126094818115234e+00
3.280896425247192383e+00
5.622348308563232422e+00
2.495433807373046875e+00
9.712439537048339844e+00
6.057683944702148438e+00
3.813797950744628906e+00
6.901022911071777344e+00
5.191408157348632812e+00
2.492532968521118164e+00
4.575885772705078125e+00
8.040058135986328125e+00
3.309373140335083008e+00
3.005902528762817383e+00
8.619222640991210938e+00
5.874521255493164062e+00
5.885287284851074219e+00
6.029975414276123047e+00
2.937210083007812500e+00
6.255130767822265625e+00
4.909312248229980469e+00
2.172889709472656250e+00
7.198429107666015625e+00
5.993075847625732422e+00
3.714138507843017578e+00
2.217938899993896484e+00
6.591979026794433594e+00
3.544397830963134766e+00
6.954840660095214844e+00
1.890719985961914062e+01
9.160570144653320312e+00
6.050193786621093750e+00
6.096408367156982422e+00
9.535247802734375000e+00
2.228151559829711914e+00
4.657252311706542969e+00
3.240583896636962891e+00
2.462230920791625977e+00
6.839305877685546875e+00
6.607893943786621094e+00
9.357039451599121094e+00
6.378229618072509766e+00
6.414725780487060547e+00
3.462335824966430664e+00
8.737425804138183594e+00
9.076297760009765625e+00
1.099096012115478516e+01
8.052536964416503906e+00
3.239624023437500000e+00
6.377251625061035156e+00
9.367070198059082031e+00
1.146144676208496094e+01
2.081431150436401367e+00
5.683638572692871094e+00
5.187244415283203125e+00
3.665463447570800781e+00
6.387538433074951172e+00
3.088576555252075195e+00
2.828307867050170898e+00
4.156993865966796875e+00
6.115921974182128906e+00
4.166850090026855469e+00
6.740244388580322266e+00
6.689397811889648438e+00
6.692559242248535156e+00
3.564333677291870117e+00
4.969055175781250000e+00
6.356757164001464844e+00
6.438659191131591797e+00
3.415712833404541016e+00
5.328535842895507812e+01
8.672969818115234375e+00
1.077070999145507812e+01
6.750384330749511719e+00
3.019095420837402344e+00
2.029197216033935547e+00
2.631591320037841797e+00
6.216195583343505859e+00
6.597373485565185547e+00
2.391963481903076172e+00
2.709836006164550781e+00
2.142513751983642578e+00
5.393976688385009766e+00
3.344725608825683594e+00
5.970963001251220703e+00
2.583558559417724609e+00
4.299487113952636719e+00
6.583120822906494141e+00
2.779210329055786133e+00
3.192310333251953125e+00
3.710068702697753906e+00
2.051952600479125977e+00
3.555992841720581055e+00
5.155648708343505859e+00
8.097656250000000000e+00
6.661755561828613281e+00
6.497280597686767578e+00
6.234376430511474609e+00
6.266567230224609375e+00
7.053122520446777344e+00
3.265449762344360352e+00
6.865952491760253906e+00
4.493795776367187500e+01
2.494511127471923828e+00
3.470719337463378906e+00
2.797252893447875977e+00
2.390915155410766602e+00
2.058212757110595703e+00
5.486785888671875000e+00
1.409935188293457031e+01
9.072059631347656250e+00
3.294559478759765625e+00
5.335445880889892578e+00
1.060890960693359375e+01
9.630240440368652344e+00
5.410313606262207031e+00
1.508301639556884766e+01
2.177461624145507812e+00
6.183393001556396484e+00
2.542545795440673828e+00
4.256049156188964844e+00
6.292336463928222656e+00
8.418446540832519531e+00
1.093287944793701172e+01
4.622438907623291016e+00
6.841590404510498047e+00
7.691703796386718750e+00
7.649813652038574219e+00
1.706731033325195312e+01
2.070558309555053711e+00
3.648606777191162109e+00
3.050810241699218750e+01
3.344087839126586914e+00
6.002869606018066406e+00
2.479375839233398438e+01
2.937398195266723633e+00
7.699253559112548828e+00
2.751235961914062500e+00
4.215733051300048828e+00
5.320608139038085938e+00
5.571784496307373047e+00
1.736332130432128906e+01
2.676942110061645508e+00
8.806461334228515625e+00
1.098041248321533203e+01
2.719578266143798828e+00
6.261316776275634766e+00
4.777283191680908203e+00
6.340359210968017578e+00
6.051266670227050781e+00
4.388178825378417969e+00
5.834981441497802734e+00
6.415889263153076172e+00
5.428895473480224609e+00
2.482680320739746094e+00
3.266450405120849609e+00
6.440062522888183594e+00
5.733947753906250000e+00
6.269633769989013672e+00
5.460538387298583984e+00
2.604924917221069336e+00
7.181244850158691406e+00
3.793412685394287109e+00
4.713597774505615234e+00
3.096323728561401367e+00
6.298964500427246094e+00
8.155484199523925781e+00
5.708036899566650391e+00
5.030485630035400391e+00
8.267592430114746094e+00
5.990690231323242188e+00
4.662170410156250000e+00
2.482996225357055664e+00
3.426343917846679688e+00
5.927005290985107422e+00
3.556218862533569336e+00
6.230075836181640625e+00
8.956078529357910156e+00
3.216444969177246094e+00
3.044977188110351562e+00
5.857906341552734375e+00
6.147732257843017578e+00
3.085033893585205078e+00
8.134264945983886719e+00
6.580988407135009766e+00
2.927048921585083008e+00
3.906692028045654297e+00
6.551101684570312500e+00
5.670082569122314453e+00
6.749898433685302734e+00
5.705586910247802734e+00
2.467451095581054688e+00
1.109886455535888672e+01
3.693172216415405273e+00
4.522706508636474609e+00
6.258142948150634766e+00
3.832576990127563477e+00
3.996269702911376953e+00
6.197355747222900391e+00
2.510824918746948242e+00
8.235534667968750000e+01
2.827934026718139648e+00
5.104491233825683594e+00
2.671754837036132812e+00
2.264588356018066406e+00
4.589158058166503906e+00
3.959295511245727539e+00
6.382799148559570312e+00
2.523295402526855469e+00
1.032421207427978516e+01
5.162093162536621094e+00
3.023116827011108398e+00
2.442008972167968750e+00
2.480228662490844727e+00
3.539702177047729492e+00
5.669494628906250000e+00
6.353693962097167969e+00
7.929410934448242188e+00
5.025353908538818359e+00
4.773740291595458984e+00
7.858664989471435547e+00
3.281907558441162109e+00
2.660663366317749023e+00
8.489419937133789062e+00
1.781663703918457031e+01
6.114437103271484375e+00
5.587875366210937500e+00
6.604505538940429688e+00
1.966374397277832031e+00
6.366486072540283203e+00
6.258928298950195312e+00
3.498313188552856445e+00
3.526517868041992188e+00
6.347224235534667969e+00
5.432497024536132812e+00
3.788007259368896484e+00
4.706081867218017578e+00
4.528790950775146484e+00
2.409469366073608398e+00
4.014153957366943359e+00
4.483033657073974609e+00
3.513507366180419922e+00
3.613988637924194336e+00
4.790423870086669922e+00
4.940904617309570312e+00
5.119453430175781250e+00
3.165799617767333984e+00
6.485424995422363281e+00
3.549259662628173828e+00
6.343519210815429688e+00
1.071634578704833984e+01
1.086167812347412109e+01
2.299604654312133789e+00
3.502005815505981445e+00
6.853453159332275391e+00
6.719152927398681641e+00
1.610207939147949219e+01
3.903857707977294922e+00
8.673169136047363281e+00
3.497477293014526367e+00
2.150021314620971680e+00
2.505852460861206055e+00
2.587038993835449219e+00
1.116455364227294922e+01
4.608102321624755859e+00
1.160749435424804688e+01
1.370972442626953125e+01
6.127417087554931641e+00
6.827493190765380859e+00
1.078554725646972656e+01
3.451735258102416992e+00
6.676301956176757812e+00
5.044955730438232422e+00
5.362787246704101562e+00
3.212072372436523438e+00
9.721434593200683594e+00
8.418195724487304688e+00
1.796719551086425781e+01
3.619357824325561523e+00
6.068833351135253906e+00
1.449159526824951172e+01
1.334244346618652344e+01
3.891770362854003906e+00
5.736978054046630859e+00
2.305467605590820312e+00
5.250611782073974609e+00
4.665187835693359375e+00
4.219441890716552734e+00
2.463113307952880859e+00
3.051391363143920898e+00
6.453715801239013672e+00
6.253993511199951172e+00
3.471910858154296875e+01
2.097906684875488281e+01
8.579876899719238281e+00
3.068608999252319336e+00
4.121974945068359375e+00
6.148459911346435547e+00
2.598848581314086914e+00
2.367936372756958008e+00
6.361209869384765625e+00
2.416708469390869141e+00
4.781373500823974609e+00
2.408389091491699219e+00
5.334323883056640625e+00
3.850958347320556641e+00
6.345320701599121094e+00
7.015620708465576172e+00
8.394473075866699219e+00
5.535029411315917969e+00
6.491636753082275391e+00
1.289216423034667969e+01
6.965824604034423828e+00
6.588394641876220703e+00
5.867790222167968750e+00
4.004130363464355469e+00
7.018054962158203125e+00
4.510128974914550781e+00
2.186743974685668945e+00
2.965559482574462891e+00
4.165140628814697266e+00
9.985815048217773438e+00
2.467582702636718750e+00
6.297502994537353516e+00
2.179339647293090820e+00
1.012270832061767578e+01
3.225634813308715820e+00
5.806012630462646484e+00
6.528856754302978516e+00
1.950092124938964844e+01
4.944890975952148438e+00
3.827124595642089844e+00
9.974375724792480469e+00
2.515656709671020508e+00
5.863314151763916016e+00
2.774593114852905273e+00
7.410771846771240234e+00
4.523636817932128906e+00
4.787087917327880859e+00
6.314045429229736328e+00
5.996292591094970703e+00
1.736188888549804688e+01
6.089799404144287109e+00
5.765391349792480469e+00
3.956626653671264648e+00
3.229970455169677734e+00
6.315322875976562500e+00
6.597254753112792969e+00
6.426692485809326172e+00
2.497944116592407227e+00
2.124433517456054688e+01
2.016487598419189453e+00
4.176609039306640625e+00
8.557148933410644531e+00
6.144716262817382812e+00
2.024184942245483398e+00
7.052347660064697266e+00
2.080258131027221680e+00
3.835319280624389648e+00
4.373038768768310547e+00
4.508748054504394531e+00
6.254824638366699219e+00
6.052276134490966797e+00
5.849352359771728516e+00
1.217502593994140625e+01
2.895233154296875000e+00
9.338560104370117188e+00
5.142204284667968750e+00
5.412185192108154297e+00
2.971740245819091797e+00
6.389988899230957031e+00
5.456817626953125000e+00
3.887146711349487305e+00
2.988278627395629883e+00
5.309235095977783203e+00
7.425606727600097656e+00
2.197505712509155273e+00
1.211959457397460938e+01
6.002945423126220703e+00
6.191356658935546875e+00
5.088292598724365234e+00
6.351387023925781250e+00
1.233576202392578125e+01
2.229789495468139648e+00
2.781618833541870117e+00
6.198442459106445312e+00
2.685828447341918945e+00
5.984305381774902344e+00
3.522630214691162109e+00
7.685310363769531250e+00
4.635754585266113281e+00
2.921618080139160156e+01
6.015991210937500000e+00
6.124630928039550781e+00
1.007126522064208984e+01
4.515895366668701172e+00
6.236746311187744141e+00
5.989829063415527344e+00
5.346684455871582031e+00
4.214981555938720703e+00
5.272580623626708984e+00
2.191283464431762695e+00
5.177489757537841797e+00
2.376364707946777344e+00
5.256570339202880859e+00
4.774984359741210938e+00
1.645231056213378906e+01
5.478581905364990234e+00
3.010332345962524414e+00
3.389146041870117188e+01
2.605597734451293945e+00
2.173951148986816406e+00
1.118156909942626953e+01
6.240613460540771484e+00
6.261948585510253906e+00
5.268694877624511719e+00
5.596433639526367188e+00
1.356170082092285156e+01
5.700722694396972656e+00
6.442523956298828125e+00
3.626124620437622070e+00
6.298067569732666016e+00
7.013426303863525391e+00
5.929429054260253906e+00
9.407159805297851562e+00
7.466769695281982422e+00
2.343404531478881836e+00
6.290094375610351562e+00
1.489071273803710938e+01
6.053010463714599609e+00
6.261152267456054688e+00
3.920159816741943359e+00
7.383518218994140625e+00
8.011545181274414062e+00
4.219080448150634766e+00
2.703682422637939453e+00
3.531044721603393555e+00
3.480801582336425781e+00
2.289732217788696289e+00
2.191936016082763672e+00
5.998116016387939453e+00
4.556863307952880859e+00
3.055813789367675781e+00
7.918007850646972656e+00
2.601706504821777344e+00
6.167392253875732422e+00
1.043344497680664062e+01
2.107523441314697266e+00
4.641862869262695312e+00
4.298633575439453125e+00
6.531581401824951172e+00
5.874229907989501953e+00
6.122924804687500000e+00
5.267109394073486328e+00
6.228851795196533203e+00
4.281588077545166016e+00
4.320485591888427734e+00
2.944047927856445312e+00
2.222858190536499023e+00
1.090064907073974609e+01
3.688520669937133789e+00
5.609652519226074219e+00
2.852463483810424805e+00
2.048038101196289062e+01
3.042611837387084961e+00
5.814584255218505859e+00
3.979863643646240234e+00
3.170220136642456055e+00
8.254323005676269531e+00
4.644515228271484375e+01
1.352334690093994141e+01
2.940220355987548828e+00
2.167221307754516602e+00
6.254954338073730469e+00
4.762517929077148438e+00
1.948174285888671875e+01
6.403142452239990234e+00
3.230009841918945312e+01
3.528573513031005859e+00
6.196343898773193359e+00
2.953335523605346680e+00
3.153580665588378906e+00
2.301825046539306641e+00
2.482888221740722656e+00
6.365282535552978516e+00
6.251238822937011719e+00
4.767212867736816406e+00
5.067427158355712891e+00
6.214606761932373047e+00
6.063483238220214844e+00
6.850928783416748047e+00
4.139602184295654297e+00
6.078043460845947266e+00
6.335455417633056641e+00
1.998254537582397461e+00
5.346722602844238281e+00
6.223118782043457031e+00
7.746666431427001953e+00
6.085487842559814453e+00
4.245662689208984375e+00
2.589247894287109375e+01
1.028758335113525391e+01
6.408507823944091797e+00
5.309176445007324219e+00
2.959541082382202148e+00
5.450509071350097656e+00
6.374562740325927734e+00
2.396295070648193359e+00
5.657968521118164062e+00
6.931584835052490234e+00
5.839489936828613281e+00
4.585634708404541016e+00
1.127821731567382812e+01
1.037097167968750000e+01
6.427256107330322266e+00
2.804125308990478516e+00
2.515395164489746094e+00
3.271850824356079102e+00
5.296257019042968750e+00
4.990837097167968750e+00
1.016778087615966797e+01
2.407572269439697266e+00
6.854140281677246094e+00
2.322323560714721680e+00
3.343592166900634766e+00
3.125982761383056641e+00
3.987337350845336914e+00
1.147498130798339844e+01
2.325492620468139648e+00
4.096257686614990234e+00
2.828616619110107422e+00
6.537436962127685547e+00
6.331334590911865234e+00
4.392447948455810547e+00
6.284408569335937500e+00
6.776213645935058594e+00
6.203505039215087891e+00
2.039495229721069336e+00
5.566837310791015625e+00
6.317611694335937500e+00
4.074542999267578125e+00
7.288100719451904297e+00
6.434936523437500000e+00
3.544100522994995117e+00
4.959726810455322266e+00
1.019134044647216797e+01
6.134122371673583984e+00
4.672897815704345703e+00
1.316783428192138672e+01
5.333137989044189453e+00
2.092424869537353516e+00
6.103058815002441406e+00
5.888078212738037109e+00
2.869704723358154297e+00
6.111765384674072266e+00
6.194083690643310547e+00
4.133340358734130859e+00
2.163450479507446289e+00
1.639237642288208008e+00
2.262370347976684570e+00
5.738871574401855469e+00
6.219151020050048828e+00
3.973785161972045898e+00
5.665307998657226562e+00
5.508763313293457031e+00
4.059385776519775391e+00
9.922276496887207031e+00
5.125339031219482422e+00
3.401497602462768555e+00
5.021836757659912109e+00
8.419250488281250000e+00
6.450701713562011719e+00
2.821751356124877930e+00
2.291619300842285156e+01
3.874278306961059570e+00
5.240289211273193359e+00
1.625046920776367188e+01
3.092470884323120117e+00
2.666843652725219727e+00
1.877206444740295410e+00
2.249292850494384766e+00
6.316168785095214844e+00
7.680304527282714844e+00
6.327860832214355469e+00
2.826492071151733398e+00
6.402665138244628906e+00
5.417058467864990234e+00
3.500173807144165039e+00
7.001373767852783203e+00
1.658172035217285156e+01
6.037599086761474609e+00
5.554405212402343750e+00
2.466192960739135742e+00
6.584086894989013672e+00
4.339283466339111328e+00
5.964447021484375000e+00
2.597288846969604492e+00
6.266406536102294922e+00
4.190848827362060547e+00
6.031698703765869141e+00
2.400269269943237305e+00
2.506726503372192383e+00
3.106330299377441406e+01
2.754998445510864258e+00
2.287059068679809570e+00
3.161961078643798828e+00
6.497923374176025391e+00
6.846171855926513672e+00
5.727017879486083984e+00
1.224903106689453125e+01
2.590174198150634766e+00
2.781989336013793945e+00
5.252286911010742188e+00
4.815660476684570312e+00
9.704590797424316406e+00
6.335875034332275391e+00
4.619874477386474609e+00
5.153378009796142578e+00
6.105793952941894531e+00
6.320768833160400391e+00
2.782221794128417969e+00
6.357105255126953125e+00
5.558859348297119141e+00
5.212199211120605469e+00
5.141419887542724609e+00
5.169752597808837891e+00
1.530425930023193359e+01
6.307715892791748047e+00
5.139868736267089844e+00
1.647779846191406250e+01
3.006946802139282227e+00
8.321623802185058594e+00
2.149897575378417969e+00
8.615025520324707031e+00
4.567297458648681641e+00
4.851726531982421875e+00
4.170590400695800781e+00
6.251533508300781250e+00
8.799884796142578125e+00
9.625620841979980469e+00
1.240042686462402344e+01
2.798267126083374023e+00
4.501810073852539062e+00
7.749266147613525391e+00
2.286998271942138672e+00
6.187394618988037109e+00
4.924208164215087891e+00
3.099402427673339844e+00
4.470287799835205078e+00
2.250457525253295898e+00
5.519747734069824219e+00
1.555550670623779297e+01
7.566329002380371094e+00
2.419234275817871094e+00
2.787591218948364258e+00
5.395596981048583984e+00
3.524032592773437500e+00
3.840435743331909180e+00
1.671342658996582031e+01
2.834655761718750000e+00
4.058393478393554688e+00
6.325126171112060547e+00
3.213566780090332031e+00
2.243528127670288086e+00
7.596086502075195312e+00
6.288269519805908203e+00
2.831153154373168945e+00
6.309846401214599609e+00
3.456858396530151367e+00
7.595803737640380859e+00
1.019470214843750000e+01
6.501757144927978516e+00
3.718340635299682617e+00
7.992072105407714844e+00
6.283530712127685547e+00
4.154482364654541016e+00
3.744709968566894531e+00
1.649110984802246094e+01
6.434682369232177734e+00
5.090672969818115234e+00
1.342956447601318359e+01
6.022653579711914062e+00
5.759808063507080078e+00
2.858258247375488281e+00
6.245902061462402344e+00
6.258749485015869141e+00
6.371326446533203125e+00
2.370164155960083008e+00
1.024799251556396484e+01
2.145664691925048828e+00
6.830749511718750000e+01
5.616987228393554688e+00
2.471476793289184570e+00
8.310175895690917969e+00
5.830791950225830078e+00
2.407516717910766602e+00
6.169553756713867188e+00
7.227254867553710938e+00
2.262495756149291992e+00
5.127681255340576172e+00
3.699147939682006836e+00
1.960397005081176758e+00
7.392972946166992188e+00
7.727247238159179688e+00
1.329292201995849609e+01
3.042493343353271484e+00
6.208298206329345703e+00
5.850797653198242188e+00
3.854376316070556641e+00
1.403090953826904297e+01
8.586674690246582031e+00
7.635293483734130859e+00
2.632587671279907227e+00
5.693234920501708984e+00
6.266096115112304688e+00
5.782128334045410156e+00
1.324744319915771484e+01
7.003848552703857422e+00
6.346015930175781250e+00
1.587452793121337891e+01
2.193257570266723633e+00
8.872907638549804688e+00
2.321150779724121094e+00
3.012257337570190430e+00
3.301253557205200195e+00
3.609866380691528320e+00
6.363211154937744141e+00
4.281819343566894531e+00
3.763266324996948242e+00
8.488319396972656250e+00
9.206879615783691406e+00
2.406131267547607422e+00
4.521845817565917969e+00
5.209539890289306641e+00
6.346244812011718750e+00
2.722786426544189453e+00
3.462013721466064453e+00
9.337084770202636719e+00
5.156947612762451172e+00
3.937379121780395508e+00
2.392928361892700195e+00
3.971250772476196289e+00
4.434418201446533203e+00
5.835466861724853516e+00
2.538649940490722656e+01
2.606746196746826172e+00
6.236908912658691406e+00
2.685388088226318359e+00
3.559495449066162109e+00
3.291701316833496094e+00
4.458172798156738281e+00
5.499121189117431641e+00
4.107702732086181641e+00
9.081411361694335938e+00
6.191668987274169922e+00
8.579460144042968750e+00
7.842629909515380859e+00
6.106270313262939453e+00
6.007846355438232422e+00
2.299297809600830078e+00
3.327564716339111328e+00
6.393886566162109375e+00
3.704407215118408203e+00
1.134480667114257812e+01
2.786785697937011719e+01
9.886631011962890625e+00
5.399137973785400391e+00
6.732159614562988281e+00
6.150536060333251953e+00
3.027659654617309570e+00
3.354596853256225586e+00
6.006672859191894531e+00
2.740335702896118164e+00
7.814480781555175781e+00
6.271802902221679688e+00
2.547902822494506836e+00
3.658015489578247070e+00
7.835794448852539062e+00
1.782530212402343750e+01
5.130688667297363281e+00
5.997632503509521484e+00
6.353536128997802734e+00
6.394867897033691406e+00
6.760182857513427734e+00
1.110747337341308594e+01
6.316856384277343750e+00
2.775170326232910156e+00
2.946970462799072266e+00
7.981345653533935547e+00
3.688311815261840820e+00
3.222039222717285156e+00
2.395353078842163086e+00
6.135827541351318359e+00
3.267426967620849609e+00
5.317744731903076172e+00
5.872195720672607422e+00
2.920004129409790039e+00
1.716659736633300781e+01
5.196504116058349609e+00
1.485742855072021484e+01
8.124868392944335938e+00
7.991605281829833984e+00
2.082606887817382812e+01
6.342707633972167969e+00
6.080159664154052734e+00
2.695127964019775391e+00
5.650410175323486328e+00
2.584674596786499023e+00
2.398629665374755859e+00
7.491143226623535156e+00
6.059233665466308594e+00
5.270466804504394531e+00
5.360826969146728516e+00
6.679189801216125488e-01
6.472234725952148438e+00
6.042627811431884766e+00
2.684720039367675781e+00
6.314957618713378906e+00
7.800341129302978516e+00
2.317727804183959961e+00
1.306739044189453125e+01
2.294737339019775391e+00
7.224757671356201172e+00
5.864329814910888672e+00
1.042229747772216797e+01
3.368978023529052734e+00
5.720410823822021484e+00
3.183814764022827148e+00
5.199753761291503906e+00
8.586616516113281250e+00
4.412497520446777344e+00
3.578597307205200195e+00
2.609996795654296875e+00
1.328917026519775391e+01
6.368427753448486328e+00
5.301016807556152344e+00
5.843466281890869141e+00
5.851837635040283203e+00
2.512199163436889648e+00
7.897523403167724609e+00
5.801596164703369141e+00
4.357960700988769531e+00
5.547748088836669922e+00
6.436379909515380859e+00
2.902436971664428711e+00
9.056822776794433594e+00
6.823228359222412109e+00
3.126818895339965820e+00
2.358337163925170898e+00
1.432940959930419922e+01
9.339630126953125000e+00
6.118374824523925781e+00
2.756967306137084961e+00
7.439220428466796875e+00
3.251752853393554688e+00
2.669186353683471680e+00
7.293720245361328125e+00
4.106641292572021484e+00
3.964355230331420898e+00
5.339320182800292969e+00
1.248151683807373047e+01
6.331980228424072266e+00
3.829980373382568359e+00
4.852903842926025391e+00
1.067502593994140625e+01
1.057217597961425781e+01
2.101211738586425781e+01
2.705954074859619141e+00
5.788920402526855469e+00
6.750774383544921875e+01
3.827725172042846680e+00
6.381221294403076172e+00
4.548740863800048828e+00
5.529600143432617188e+00
7.478653907775878906e+00
4.005840778350830078e+00
1.034807014465332031e+01
8.742300033569335938e+00
5.041554450988769531e+00
3.960633993148803711e+00
5.017103672027587891e+00
6.820697307586669922e+00
2.691790819168090820e+00
6.175531387329101562e+00
2.825203895568847656e+00
2.908149242401123047e+00
4.000075340270996094e+00
2.021702527999877930e+00
3.495326042175292969e+00
1.916511416435241699e+00
6.348703861236572266e+00
6.312160491943359375e+00
4.375524997711181641e+00
4.737355232238769531e+00
4.337760448455810547e+00
4.152797698974609375e+00
8.743383407592773438e+00
2.411530733108520508e+00
6.278019905090332031e+00
2.399965047836303711e+00
4.651305675506591797e+00
2.121905565261840820e+00
4.635710716247558594e+00
6.234344482421875000e+00
3.939076900482177734e+00
6.176658153533935547e+00
5.013921737670898438e+00
5.423310756683349609e+00
8.605870246887207031e+00
6.131468296051025391e+00
5.805520534515380859e+00
2.441301584243774414e+00
2.266784667968750000e+00
6.374306678771972656e+00
3.259100914001464844e+00
4.490132331848144531e+00
3.983997821807861328e+00
4.915237426757812500e+00
4.313504695892333984e+00
6.194176673889160156e+00
4.273530006408691406e+00
1.367179012298583984e+01
5.986951828002929688e+00
6.160342216491699219e+00
4.166775703430175781e+00
5.922274112701416016e+00
6.233434677124023438e+00
2.045524120330810547e+00
3.919998168945312500e+00
5.127914905548095703e+00
3.658849239349365234e+00
6.216666698455810547e+00
4.821959972381591797e+00
2.095176458358764648e+00
5.654498577117919922e+00
3.258850097656250000e+00
3.560475349426269531e+00
1.402603340148925781e+01
6.045789718627929688e+00
8.242990493774414062e+00
5.591577053070068359e+00
5.432486057281494141e+00
2.108444929122924805e+00
4.361608982086181641e+00
6.843727588653564453e+00
2.850913524627685547e+00
2.718442535400390625e+01
4.652540683746337891e+00
3.955458402633666992e+00
8.119749069213867188e+00
2.086052417755126953e+00
6.643022060394287109e+00
5.191654682159423828e+00
3.143281936645507812e+00
1.515574932098388672e+01
6.424589633941650391e+00
6.310386180877685547e+00
4.061995506286621094e+00
5.648993015289306641e+00
5.609705448150634766e+00
9.069157600402832031e+00
4.497464179992675781e+00
6.161427974700927734e+00
9.246774673461914062e+00
1.102529621124267578e+01
4.749865055084228516e+00
4.596967220306396484e+00
6.067691326141357422e+00
2.380903959274291992e+00
6.315452098846435547e+00
4.678545475006103516e+00
4.056546211242675781e+00
7.402826309204101562e+00
2.612826347351074219e+00
4.794141769409179688e+00
3.242028713226318359e+00
3.562499284744262695e+00
2.265558004379272461e+00
1.292635917663574219e+01
5.991597175598144531e+00
4.828829288482666016e+00
6.395823001861572266e+00
6.450238704681396484e+00
1.724716377258300781e+01
6.391815185546875000e+00
7.259521484375000000e+00
5.249672412872314453e+00
4.636311531066894531e+00
3.921876192092895508e+00
6.285871028900146484e+00
3.683748006820678711e+00
7.579723834991455078e+00
6.639577388763427734e+00
6.264577865600585938e+00
4.564319610595703125e+00
2.294802188873291016e+00
3.156287431716918945e+00
1.023399066925048828e+01
5.071352005004882812e+00
5.462923526763916016e+00
2.787811517715454102e+00
5.069683551788330078e+00
6.161398887634277344e+00
1.167088031768798828e+01
3.369743108749389648e+00
6.393246650695800781e+00
9.783565521240234375e+00
3.328083038330078125e+00
1.146223735809326172e+01
3.093837261199951172e+00
1.271574211120605469e+01
4.421444416046142578e+00
6.517758369445800781e+00
2.503805875778198242e+00
4.435042858123779297e+00
5.775312423706054688e+00
2.346189975738525391e+00
6.452610015869140625e+00
4.549393177032470703e+00
3.194970130920410156e+00
1.041553878784179688e+01
1.728464317321777344e+01
1.351213550567626953e+01
4.864373683929443359e+00
2.827030181884765625e+00
9.661906242370605469e+00
3.219614744186401367e+00
7.923539161682128906e+00
2.861492872238159180e+00
4.334113121032714844e+00
5.892036437988281250e+00
6.355177402496337891e+00
2.236192464828491211e+00
5.195345878601074219e+00
6.380315303802490234e+00
5.662728786468505859e+00
5.111709594726562500e+00
6.246518135070800781e+00
5.956416130065917969e+00
4.841025829315185547e+00
1.762651634216308594e+01
1.079496479034423828e+01
6.917404651641845703e+00
3.794166326522827148e+00
6.308239459991455078e+00
3.574335336685180664e+00
5.805447578430175781e+00
1.309521865844726562e+01
5.843789577484130859e+00
5.650476455688476562e+00
5.749491214752197266e+00
2.548215150833129883e+00
3.030129909515380859e+00
1.621749305725097656e+01
7.316324710845947266e+00
4.281687736511230469e+00
2.612611293792724609e+00
8.342992782592773438e+00
6.300430774688720703e+00
1.291560173034667969e+01
1.757752799987792969e+01
5.495782852172851562e+00
6.140285015106201172e+00
2.874694108963012695e+00
3.235435962677001953e+00
1.114145851135253906e+01
4.295031070709228516e+00
3.598636865615844727e+00
2.613763093948364258e+00
3.056066274642944336e+00
4.150913238525390625e+00
6.908165931701660156e+00
4.794654369354248047e+00
2.194105148315429688e+00
2.641018867492675781e+00
3.748269319534301758e+00
5.846931457519531250e+00
5.839506149291992188e+00
4.432971000671386719e+00
5.609643459320068359e+00
2.936986923217773438e+00
9.991178512573242188e+00
2.103080987930297852e+00
6.392601013183593750e+00
6.282534122467041016e+00
6.577772140502929688e+00
2.152566909790039062e+00
2.099866867065429688e+00
6.156507968902587891e+00
4.640358924865722656e+00
7.732658863067626953e+00
4.976066112518310547e+00
5.855514049530029297e+00
1.312555789947509766e+01
4.056955814361572266e+00
3.314423084259033203e+00
6.405954837799072266e+00
5.847947120666503906e+00
8.287394523620605469e+00
6.217481136322021484e+00
8.816526412963867188e+00
5.857221603393554688e+00
2.288920640945434570e+00
6.271654605865478516e+00
5.831110954284667969e+00
5.843882560729980469e+00
3.167939186096191406e+00
6.127255916595458984e+00
3.261788129806518555e+00
2.565210151672363281e+01
3.479819297790527344e+00
2.464867591857910156e+01
6.339164733886718750e+00
1.097888755798339844e+01
1.015818786621093750e+01
4.443108558654785156e+00
9.551527976989746094e+00
5.116931915283203125e+00
2.752894878387451172e+00
1.098030376434326172e+01
2.615257263183593750e+00
9.875263214111328125e+00
9.571439743041992188e+00
3.298465728759765625e+00
5.657335758209228516e+00
8.355463981628417969e+00
6.375262260437011719e+00
4.452486038208007812e+00
3.039596557617187500e+00
3.413497447967529297e+00
5.452196121215820312e+00
7.925643444061279297e+00
4.366008758544921875e+00
4.791392803192138672e+00
1.801870226860046387e+00
2.971320867538452148e+00
6.512440681457519531e+00
1.019658756256103516e+01
9.200161933898925781e+00
9.388307571411132812e+00
4.214853763580322266e+00
6.350880146026611328e+00
5.523955821990966797e+00
6.086692810058593750e+00
2.510189056396484375e+00
2.425458431243896484e+00
6.307168960571289062e+00
4.458972930908203125e+00
1.242045497894287109e+01
6.245075702667236328e+00
6.335416793823242188e+00
6.635984420776367188e+00
4.289673805236816406e+00
2.216391801834106445e+00
6.033223152160644531e+00
7.095268726348876953e+00
6.137239933013916016e+00
1.267272567749023438e+01
6.196170330047607422e+00
5.338586807250976562e+00
4.638602256774902344e+00
5.457981586456298828e+00
4.148415565490722656e+00
6.810574531555175781e+00
2.632472753524780273e+00
1.027110195159912109e+01
5.258209228515625000e+00
7.001559257507324219e+00
3.778416872024536133e+00
4.654844284057617188e+00
2.841748952865600586e+00
2.376289606094360352e+00
2.389409780502319336e+00
5.213948726654052734e+00
6.120374679565429688e+00
5.161449432373046875e+00
2.139038801193237305e+00
2.673502922058105469e+00
2.858108282089233398e+00
5.076126098632812500e+00
8.233255386352539062e+00
6.242715835571289062e+00
6.548691272735595703e+00
1.235849857330322266e+01
5.087007045745849609e+00
3.450679779052734375e+00
6.463676929473876953e+00
6.668203353881835938e+00
6.016285896301269531e+00
3.720269918441772461e+00
6.354624271392822266e+00
6.513216495513916016e+00
4.570833206176757812e+00
2.738002777099609375e+00
6.024708747863769531e+00
4.004136657714843750e+01
2.949242591857910156e+00
4.720367908477783203e+00
6.295346736907958984e+00
8.824090957641601562e+00
2.742983102798461914e+00
5.288119316101074219e+00
1.082760047912597656e+01
5.547979831695556641e+00
4.171656131744384766e+00
7.788029670715332031e+00
6.263255119323730469e+00
3.058330297470092773e+00
1.095923614501953125e+01
3.067743539810180664e+00
7.147459983825683594e+00
6.139637947082519531e+00
5.118555545806884766e+00
6.007254123687744141e+00
4.548557281494140625e+00
2.600732088088989258e+00
7.332320690155029297e+00
1.036423683166503906e+01
9.378334045410156250e+00
8.086813926696777344e+00
6.382022380828857422e+00
6.370950698852539062e+00
2.170766115188598633e+00
7.397007465362548828e+00
5.382332324981689453e+00
2.613584041595458984e+00
3.336946010589599609e+00
5.585570812225341797e+00
2.650311708450317383e+00
9.499835968017578125e+00
1.296657848358154297e+01
4.607266426086425781e+00
2.917173385620117188e+00
2.407748460769653320e+00
6.049656391143798828e+00
3.724910497665405273e+00
5.809347152709960938e+00
5.559724807739257812e+00
5.996012687683105469e+00
8.672338485717773438e+00
2.474213361740112305e+00
4.889647483825683594e+00
8.254041671752929688e+00
3.880866050720214844e+00
3.676199674606323242e+00
1.558924961090087891e+01
2.482026338577270508e+00
6.324742317199707031e+00
2.844329357147216797e+00
6.240622520446777344e+00
7.109141826629638672e+00
4.897890090942382812e+00
2.236374855041503906e+00
2.341872930526733398e+00
8.492424964904785156e+00
1.153917884826660156e+01
2.441382408142089844e+00
4.943320274353027344e+00
2.470262050628662109e+00
3.724497556686401367e+00
3.250522375106811523e+00
1.274059581756591797e+01
4.996239185333251953e+00
5.737157821655273438e+00
7.941382884979248047e+00
4.609418392181396484e+00
7.323873043060302734e+00
3.910206317901611328e+00
6.378748416900634766e+00
2.238306283950805664e+00
1.030392742156982422e+01
3.462303876876831055e+00
6.145729064941406250e+00
4.536540508270263672e+00
1.038929367065429688e+01
2.987519979476928711e+00
2.201789617538452148e+00
5.887509822845458984e+00
4.425204753875732422e+00
2.571558952331542969e+00
6.108311176300048828e+00
6.159491062164306641e+00
3.259686946868896484e+00
9.492655754089355469e+00
1.047249412536621094e+01
5.138851642608642578e+00
5.099779605865478516e+00
9.778241157531738281e+00
4.557653903961181641e+00
2.457404375076293945e+00
6.284534454345703125e+00
6.152227878570556641e+00
2.268218278884887695e+00
5.708174228668212891e+00
9.293225288391113281e+00
9.251499176025390625e+00
4.513604640960693359e+00
3.608611345291137695e+00
3.387589216232299805e+00
6.260626792907714844e+00
4.376190185546875000e+00
4.253591537475585938e+00
4.639387607574462891e+00
3.071735858917236328e+00
2.586149930953979492e+00
6.415657043457031250e+00
1.045484542846679688e+01
1.098250198364257812e+01
5.715521812438964844e+00
5.552187919616699219e+00
1.048242759704589844e+01
5.977632522583007812e+00
2.531895875930786133e+00
3.959689855575561523e+00
5.442096710205078125e+00
3.591227769851684570e+00
8.188034057617187500e+00
4.528477668762207031e+00
2.583944320678710938e+00
7.182195186614990234e+00
6.045391082763671875e+00
2.530100822448730469e+01
6.179422378540039062e+00
5.781820774078369141e+00
2.782622098922729492e+00
6.789344310760498047e+00
5.798367023468017578e+00
7.108814716339111328e+00
3.321082592010498047e+00
3.593875646591186523e+00
6.147929191589355469e+00
5.483809471130371094e+00
2.387318849563598633e+00
4.698735713958740234e+00
2.054161310195922852e+00
5.101089000701904297e+00
2.624599695205688477e+00
4.215157985687255859e+00
2.484771728515625000e+00
6.457260608673095703e+00
3.253365278244018555e+00
4.403657436370849609e+00
1.274207592010498047e+01
2.898488998413085938e+00
4.198390960693359375e+00
4.552231311798095703e+00
3.862496614456176758e+00
6.083210945129394531e+00
6.020664215087890625e+00
2.373421669006347656e+00
2.820881843566894531e+00
2.154250907897949219e+01
2.737364053726196289e+00
2.971894741058349609e+00
8.535040855407714844e+00
4.774846076965332031e+00
5.745341300964355469e+00
1.749356651306152344e+01
6.345851421356201172e+00
1.068670177459716797e+01
4.339294910430908203e+00
6.280104160308837891e+00
3.418269157409667969e+00
6.103603363037109375e+00
6.268957138061523438e+00
3.604173183441162109e+00
6.359501361846923828e+00
8.345186233520507812e+00
5.304054737091064453e+00
5.122319221496582031e+00
1.187449741363525391e+01
6.835528373718261719e+00
7.586704254150390625e+00
6.245855331420898438e+00
6.175592422485351562e+00
2.677580595016479492e+00
5.192620754241943359e+00
5.164563179016113281e+00
6.266744613647460938e+00
4.444438934326171875e+00
7.694153785705566406e+00
2.601909637451171875e+00
4.492090702056884766e+00
5.638741016387939453e+00
4.656224727630615234e+00
1.102040195465087891e+01
3.956069231033325195e+00
4.216126441955566406e+00
7.051597595214843750e+00
3.132696628570556641e+00
6.382205486297607422e+00
2.350954771041870117e+00
3.745934486389160156e+00
6.254905223846435547e+00
2.198579788208007812e+00
2.463577747344970703e+00
6.320031166076660156e+00
2.611518859863281250e+00
4.751183509826660156e+00
3.762327194213867188e+00
2.777645826339721680e+00
7.419703960418701172e+00
4.340783596038818359e+00
6.205661296844482422e+00
2.934513092041015625e+00
1.065327072143554688e+01
4.980926513671875000e+00
4.424683094024658203e+00
6.484906196594238281e+00
1.074706459045410156e+01
3.055204153060913086e+00
9.564352035522460938e+00
6.307945728302001953e+00
3.982843637466430664e+00
5.077813625335693359e+00
5.969216346740722656e+00
5.868657112121582031e+00
6.145728111267089844e+00
4.837940216064453125e+00
7.954249382019042969e+00
5.490689277648925781e+00
1.137533378601074219e+01
3.998996496200561523e+00
2.112632942199707031e+01
2.387215137481689453e+00
2.330894708633422852e+00
1.341743183135986328e+01
4.200104236602783203e+00
1.810373687744140625e+01
1.054893970489501953e+01
1.026593112945556641e+01
4.621556282043457031e+00
5.667922973632812500e+00
2.838028430938720703e+00
4.530273437500000000e+00
4.436939239501953125e+00
2.421474218368530273e+00
2.508736133575439453e+00
3.881649494171142578e+00
5.272699832916259766e+00
4.421519279479980469e+00
5.841333389282226562e+00
1.460601711273193359e+01
6.048317909240722656e+00
5.842175483703613281e+00
2.572974205017089844e+00
3.561518430709838867e+00
6.316327571868896484e+00
3.241962194442749023e+00
6.193638801574707031e+00
3.977967262268066406e+00
6.940444946289062500e+00
6.425029754638671875e+00
5.060078620910644531e+00
6.578379154205322266e+00
6.313075065612792969e+00
5.764484405517578125e+00
8.254065513610839844e+00
3.836066722869873047e+00
2.221698045730590820e+00
1.159917163848876953e+01
9.965347290039062500e+00
4.656511783599853516e+00
8.111382484436035156e+00
4.392540931701660156e+00
4.494637012481689453e+00
3.711642503738403320e+00
3.679541587829589844e+00
2.121045351028442383e+00
8.172933578491210938e+00
6.334234237670898438e+00
2.829890251159667969e+00
5.752825260162353516e+00
5.496725559234619141e+00
6.094562530517578125e+00
6.134563446044921875e+00
4.658727645874023438e+00
7.323838710784912109e+00
3.420308113098144531e+00
5.668538093566894531e+00
8.133212089538574219e+00
6.436531543731689453e+00
6.295244693756103516e+00
3.121659278869628906e+00
8.567799568176269531e+00
8.772347450256347656e+00
8.836012840270996094e+00
6.411476612091064453e+00
4.800189971923828125e+00
3.441825389862060547e+00
3.491249084472656250e+00
3.249048471450805664e+00
1.924234199523925781e+01
3.244701004028320312e+01
4.378003597259521484e+00
1.247625064849853516e+01
2.218441486358642578e+00
1.446097564697265625e+01
2.886443376541137695e+00
3.888698577880859375e+00
4.623235702514648438e+00
6.223366260528564453e+00
5.019474029541015625e+00
2.914868593215942383e+00
4.295271396636962891e+00
5.885149002075195312e+00
1.555147552490234375e+01
5.997333049774169922e+00
2.499719142913818359e+00
2.378945589065551758e+00
9.621525764465332031e+00
2.371031522750854492e+00
2.424758911132812500e+01
2.652675151824951172e+00
9.288990974426269531e+00
2.557003974914550781e+00
1.955391502380371094e+01
4.063910484313964844e+00
8.316216468811035156e+00
6.336496353149414062e+00
2.098638057708740234e+00
1.071976852416992188e+01
5.492571353912353516e+00
6.285461902618408203e+00
3.085547828674316406e+01
6.116499423980712891e+00
4.657564640045166016e+00
8.333799362182617188e+00
2.555254459381103516e+00
3.053112030029296875e+00
5.287272453308105469e+00
6.832067012786865234e+00
1.766113090515136719e+01
3.723781108856201172e+00
7.524941444396972656e+00
6.239637851715087891e+00
5.680566310882568359e+00
6.516179561614990234e+00
5.369632244110107422e+00
7.550489902496337891e+00
6.399313449859619141e+00
8.375107765197753906e+00
1.413093757629394531e+01
5.914284229278564453e+00
2.052087974548339844e+01
3.568182945251464844e+00
9.052248954772949219e+00
4.052176952362060547e+00
7.810651302337646484e+00
6.225953578948974609e+00
8.175313949584960938e+00
2.751980304718017578e+00
3.575050115585327148e+00
4.813773155212402344e+00
6.266722679138183594e+00
2.287018775939941406e+00
5.792825698852539062e+00
4.417760372161865234e+00
3.770254373550415039e+00
4.808603763580322266e+00
7.332263946533203125e+00
2.624533414840698242e+00
5.406590938568115234e+00
9.335183143615722656e+00
4.848607063293457031e+00
2.610181331634521484e+00
5.791368961334228516e+00
3.585844039916992188e+00
5.605101585388183594e+00
6.903264522552490234e+00
9.074789047241210938e+00
6.251116752624511719e+00
5.094925880432128906e+00
6.002476692199707031e+00
2.739596128463745117e+00
4.562484741210937500e+00
1.024530887603759766e+01
8.849415779113769531e+00
2.846470594406127930e+00
2.425419330596923828e+00
6.210158824920654297e+00
3.122949838638305664e+00
6.375176906585693359e+00
3.766111135482788086e+00
1.891421890258789062e+01
3.226495742797851562e+00
6.066541671752929688e+00
5.203443050384521484e+00
4.760766029357910156e+00
4.545327186584472656e+00
6.125834465026855469e+00
5.842118263244628906e+00
8.687918663024902344e+00
4.090803623199462891e+00
2.874256610870361328e+00
6.372412204742431641e+00
9.159003257751464844e+00
7.580632686614990234e+00
1.193231868743896484e+01
2.643245697021484375e+00
6.371249675750732422e+00
4.973688602447509766e+00
5.044739246368408203e+00
6.197906494140625000e+00
3.461824417114257812e+00
6.267668724060058594e+00
4.783807754516601562e+00
2.919233798980712891e+00
8.219725608825683594e+00
2.209678173065185547e+00
3.245121002197265625e+00
6.202394008636474609e+00
1.994745135307312012e+00
3.578799962997436523e+00
2.378698348999023438e+00
6.598463535308837891e+00
4.345162391662597656e+00
6.265321254730224609e+00
3.442336559295654297e+00
5.898041248321533203e+00
9.140355110168457031e+00
3.183700799942016602e+00
7.899874687194824219e+00
2.795200824737548828e+00
1.214221000671386719e+01
1.866577529907226562e+01
4.174736976623535156e+00
2.859544277191162109e+00
2.170881509780883789e+00
5.172410011291503906e+00
1.420451831817626953e+01
2.434907913208007812e+01
2.838196754455566406e+00
7.173218727111816406e+00
4.170144557952880859e+00
2.653452396392822266e+00
3.282425403594970703e+00
5.291503906250000000e+00
4.912610054016113281e+00
1.146365165710449219e+01
6.424285888671875000e+00
5.730137825012207031e+00
5.199929237365722656e+00
5.511332035064697266e+00
6.380108833312988281e+00
1.007472801208496094e+01
6.302957057952880859e+00
2.399685621261596680e+00
6.233077526092529297e+00
6.060053348541259766e+00
9.934382438659667969e+00
3.619567871093750000e+00
6.127576828002929688e+00
2.886936187744140625e+00
1.602524948120117188e+01
2.896965503692626953e+00
1.098928165435791016e+01
4.729146480560302734e+00
6.188179969787597656e+00
3.809718847274780273e+00
8.065389633178710938e+00
2.907376766204833984e+00
5.607132911682128906e+00
9.052228927612304688e+00
3.707296133041381836e+00
1.130487155914306641e+01
7.489660263061523438e+00
8.098851203918457031e+00
3.968967914581298828e+00
2.296594381332397461e+00
2.770921945571899414e+00
3.863001823425292969e+00
8.005847930908203125e+00
2.430207252502441406e+00
3.642630100250244141e+00
6.211817741394042969e+00
6.152408123016357422e+00
3.781712770462036133e+00
7.227252006530761719e+00
2.277655601501464844e+00
2.069527387619018555e+00
2.447464704513549805e+00
6.758258819580078125e+00
5.335335254669189453e+00
3.812111854553222656e+00
6.152243137359619141e+00
2.447733640670776367e+00
6.122498035430908203e+00
3.503653526306152344e+00
3.387063980102539062e+00
2.039286851882934570e+00
4.642773151397705078e+00
5.974600315093994141e+00
2.208202123641967773e+00
5.393095970153808594e+00
5.552915096282958984e+00
5.591139316558837891e+00
4.656892299652099609e+00
6.171719551086425781e+00
1.012715053558349609e+01
4.805720806121826172e+00
6.058791637420654297e+00
2.350554704666137695e+00
6.353841304779052734e+00
2.766476631164550781e+00
6.445437908172607422e+00
4.522750377655029297e+00
2.934015989303588867e+00
1.162289333343505859e+01
3.497805356979370117e+00
1.925266146659851074e+00
2.810469865798950195e+00
6.932245731353759766e+00
7.225099563598632812e+00
3.829587459564208984e+00
3.497606277465820312e+00
2.733798503875732422e+00
4.361935138702392578e+00
4.902515888214111328e+00
3.633349180221557617e+00
6.685284137725830078e+00
5.446589946746826172e+00
6.073652744293212891e+00
6.107718467712402344e+00
5.054656982421875000e+00
3.375754833221435547e+00
3.249030351638793945e+00
5.002883911132812500e+00
2.613222837448120117e+00
2.456286191940307617e+00
6.395188808441162109e+00
7.191569805145263672e+00
2.127477169036865234e+00
5.753720283508300781e+00
5.330160140991210938e+00
3.103848695755004883e+00
7.932158946990966797e+00
6.396234512329101562e+00
9.401622772216796875e+00
4.868177890777587891e+00
2.142313718795776367e+00
6.243109226226806641e+00
5.624268531799316406e+00
3.170277118682861328e+00
8.139171600341796875e+00
6.473870277404785156e+00
2.572649955749511719e+00
1.073383331298828125e+01
6.147744178771972656e+00
5.071114540100097656e+00
2.676025009155273438e+01
3.360090017318725586e+00
5.467025279998779297e+00
1.754398345947265625e+01
4.722768783569335938e+00
5.861013412475585938e+00
5.837264537811279297e+00
2.521503686904907227e+00
6.408445358276367188e+00
8.286645507812500000e+01
6.182682514190673828e+00
6.264317512512207031e+00
7.616528511047363281e+00
4.702515602111816406e+00
